120	128	0.000002601
120	128	0.000002125
120	128	0.000002799
120	128	0.000003695
120	128	0.000002216
120	128	0.000002234
120	128	0.000002127
120	128	0.000002147
120	128	0.000002103
120	128	0.000002090
120	128	0.000002103
120	128	0.000002290
120	128	0.000002835
120	128	0.000002799
120	128	0.000003152
120	128	0.000002297
120	128	0.000002061
120	128	0.000002173
120	128	0.000002164
120	128	0.000002087
120	128	0.000002104
120	128	0.000001630
120	128	0.000002131
120	128	0.000002073
120	128	0.000002292
120	128	0.000003112
120	128	0.000002465
120	128	0.000002364
120	128	0.000002766
120	128	0.000002119
120	128	0.000003732
120	128	0.000002082
120	128	0.000002254
120	128	0.000001674
120	128	0.000002058
120	128	0.000001567
120	128	0.000002832
120	128	0.000003155
120	128	0.000002056
120	128	0.000003767
120	128	0.000002166
120	128	0.000003553
120	128	0.000002855
120	128	0.000003557
120	128	0.000002081
120	128	0.000002328
120	128	0.000002125
120	128	0.000002068
120	128	0.000002089
120	128	0.000003137
120	128	0.000002138
120	128	0.000002906
120	128	0.000002402
120	128	0.000002216
120	128	0.000003152
120	128	0.000002080
120	128	0.000002287
120	128	0.000002141
120	128	0.000002299
120	128	0.000002281
120	128	0.000002071
120	128	0.000002114
120	128	0.000002866
120	128	0.000002315
120	128	0.000002723
120	128	0.000002461
120	128	0.000003062
120	128	0.000002245
120	128	0.000002223
120	128	0.000002322
120	128	0.000002085
120	128	0.000002100
120	128	0.000002178
120	128	0.000002091
120	128	0.000002167
120	128	0.000002194
120	128	0.000002180
120	128	0.000002926
120	128	0.000002187
120	128	0.000003703
120	128	0.000002170
120	128	0.000003596
120	128	0.000002846
120	128	0.000002207
120	128	0.000002067
120	128	0.000002066
120	128	0.000002070
120	128	0.000003040
120	128	0.000002071
120	128	0.000002303
120	128	0.000002802
120	128	0.000003151
120	128	0.000002088
120	128	0.000002247
120	128	0.000002047
120	128	0.000002073
120	128	0.000002088
120	128	0.000002072
120	128	0.000002072
120	128	0.000003129
120	256	0.000003840
120	256	0.000003994
120	256	0.000008283
120	256	0.000005805
120	256	0.000004448
120	256	0.000003931
120	256	0.000004034
120	256	0.000005593
120	256	0.000006068
120	256	0.000004968
120	256	0.000003813
120	256	0.000004003
120	256	0.000007723
120	256	0.000004483
120	256	0.000004003
120	256	0.000003935
120	256	0.000003907
120	256	0.000003826
120	256	0.000004006
120	256	0.000004036
120	256	0.000004003
120	256	0.000004004
120	256	0.000006376
120	256	0.000004351
120	256	0.000004006
120	256	0.000005504
120	256	0.000003934
120	256	0.000003824
120	256	0.000003818
120	256	0.000004131
120	256	0.000003816
120	256	0.000004020
120	256	0.000003744
120	256	0.000004485
120	256	0.000004627
120	256	0.000003556
120	256	0.000004452
120	256	0.000004472
120	256	0.000004483
120	256	0.000004668
120	256	0.000004720
120	256	0.000005047
120	256	0.000004913
120	256	0.000004907
120	256	0.000004903
120	256	0.000005101
120	256	0.000004898
120	256	0.000004922
120	256	0.000004915
120	256	0.000005061
120	256	0.000005052
120	256	0.000005302
120	256	0.000005311
120	256	0.000005284
120	256	0.000005079
120	256	0.000005082
120	256	0.000005326
120	256	0.000005234
120	256	0.000005234
120	256	0.000005469
120	256	0.000005462
120	256	0.000005475
120	256	0.000005246
120	256	0.000005249
120	256	0.000006043
120	256	0.000006303
120	256	0.000012169
120	256	0.000005413
120	256	0.000004488
120	256	0.000004028
120	256	0.000003839
120	256	0.000005465
120	256	0.000003923
120	256	0.000003934
120	256	0.000003261
120	256	0.000003929
120	256	0.000003936
120	256	0.000004546
120	256	0.000003836
120	256	0.000005039
120	256	0.000009342
120	256	0.000006315
120	256	0.000004028
120	256	0.000004226
120	256	0.000004020
120	256	0.000003832
120	256	0.000004917
120	256	0.000003925
120	256	0.000006084
120	256	0.000003912
120	256	0.000004102
120	256	0.000004114
120	256	0.000003999
120	256	0.000004006
120	256	0.000003839
120	256	0.000003832
120	256	0.000005221
120	256	0.000003927
120	256	0.000003923
120	256	0.000004124
120	380	0.000009102
120	380	0.000007863
120	380	0.000006022
120	380	0.000004547
120	380	0.000005682
120	380	0.000006871
120	380	0.000007950
120	380	0.000006166
120	380	0.000004683
120	380	0.000004359
120	380	0.000004439
120	380	0.000004157
120	380	0.000004428
120	380	0.000006148
120	380	0.000005112
120	380	0.000011171
120	380	0.000004379
120	380	0.000005704
120	380	0.000004087
120	380	0.000004158
120	380	0.000004213
120	380	0.000005949
120	380	0.000005955
120	380	0.000006410
120	380	0.000005571
120	380	0.000005097
120	380	0.000005089
120	380	0.000005236
120	380	0.000005233
120	380	0.000005073
120	380	0.000005260
120	380	0.000005021
120	380	0.000005903
120	380	0.000005967
120	380	0.000005978
120	380	0.000005872
120	380	0.000004203
120	380	0.000004431
120	380	0.000005237
120	380	0.000003983
120	380	0.000004001
120	380	0.000004367
120	380	0.000004149
120	380	0.000004362
120	380	0.000004314
120	380	0.000007104
120	380	0.000013647
120	380	0.000004211
120	380	0.000004589
120	380	0.000004308
120	380	0.000008207
120	380	0.000004323
120	380	0.000004470
120	380	0.000004320
120	380	0.000004476
120	380	0.000004219
120	380	0.000004361
120	380	0.000004416
120	380	0.000005420
120	380	0.000007114
120	380	0.000005787
120	380	0.000004093
120	380	0.000004724
120	380	0.000004416
120	380	0.000005757
120	380	0.000004329
120	380	0.000004315
120	380	0.000004217
120	380	0.000004346
120	380	0.000004259
120	380	0.000005970
120	380	0.000004315
120	380	0.000004458
120	380	0.000003989
120	380	0.000004342
120	380	0.000004150
120	380	0.000005799
120	380	0.000006144
120	380	0.000004091
120	380	0.000006611
120	380	0.000004218
120	380	0.000003919
120	380	0.000008608
120	380	0.000004222
120	380	0.000004453
120	380	0.000004472
120	380	0.000003995
120	380	0.000004230
120	380	0.000004339
120	380	0.000008222
120	380	0.000007212
120	380	0.000006081
120	380	0.000004557
120	380	0.000004591
120	380	0.000004406
120	380	0.000005965
120	380	0.000005109
120	380	0.000006309
120	380	0.000005084
120	380	0.000005549
120	510	0.000006479
120	510	0.000006167
120	510	0.000011032
120	510	0.000010168
120	510	0.000005259
120	510	0.000005110
120	510	0.000004665
120	510	0.000007290
120	510	0.000005316
120	510	0.000008068
120	510	0.000005001
120	510	0.000005511
120	510	0.000005378
120	510	0.000008146
120	510	0.000005124
120	510	0.000005124
120	510	0.000004991
120	510	0.000005122
120	510	0.000004933
120	510	0.000007024
120	510	0.000006564
120	510	0.000005666
120	510	0.000005661
120	510	0.000004996
120	510	0.000004976
120	510	0.000011905
120	510	0.000007551
120	510	0.000006581
120	510	0.000005670
120	510	0.000004691
120	510	0.000005102
120	510	0.000007248
120	510	0.000004969
120	510	0.000007845
120	510	0.000006385
120	510	0.000005120
120	510	0.000004971
120	510	0.000010742
120	510	0.000007563
120	510	0.000007252
120	510	0.000006812
120	510	0.000005375
120	510	0.000005241
120	510	0.000009492
120	510	0.000010020
120	510	0.000005098
120	510	0.000005125
120	510	0.000005110
120	510	0.000006775
120	510	0.000005094
120	510	0.000005256
120	510	0.000005379
120	510	0.000005120
120	510	0.000007051
120	510	0.000010589
120	510	0.000007550
120	510	0.000005239
120	510	0.000005235
120	510	0.000004991
120	510	0.000004981
120	510	0.000009712
120	510	0.000005500
120	510	0.000004974
120	510	0.000007245
120	510	0.000008886
120	510	0.000004685
120	510	0.000005113
120	510	0.000005833
120	510	0.000005125
120	510	0.000004979
120	510	0.000005110
120	510	0.000010067
120	510	0.000005224
120	510	0.000006733
120	510	0.000005133
120	510	0.000004964
120	510	0.000004989
120	510	0.000004965
120	510	0.000006767
120	510	0.000004980
120	510	0.000008770
120	510	0.000005127
120	510	0.000005349
120	510	0.000006359
120	510	0.000005362
120	510	0.000006385
120	510	0.000005367
120	510	0.000004988
120	510	0.000006594
120	510	0.000004973
120	510	0.000004701
120	510	0.000004983
120	510	0.000006803
120	510	0.000006814
120	510	0.000007575
120	510	0.000005102
120	510	0.000007022
120	510	0.000005112
120	510	0.000006161
120	510	0.000007565
120	600	0.000006379
120	600	0.000013331
120	600	0.000006392
120	600	0.000006500
120	600	0.000006319
120	600	0.000006382
120	600	0.000006389
120	600	0.000008929
120	600	0.000006359
120	600	0.000006395
120	600	0.000010293
120	600	0.000006335
120	600	0.000006401
120	600	0.000006659
120	600	0.000008942
120	600	0.000009030
120	600	0.000006853
120	600	0.000006546
120	600	0.000006696
120	600	0.000006539
120	600	0.000006333
120	600	0.000006543
120	600	0.000006537
120	600	0.000006676
120	600	0.000006526
120	600	0.000008729
120	600	0.000008905
120	600	0.000010509
120	600	0.000008442
120	600	0.000011903
120	600	0.000007058
120	600	0.000006554
120	600	0.000006887
120	600	0.000007030
120	600	0.000006385
120	600	0.000006380
120	600	0.000006399
120	600	0.000008674
120	600	0.000009826
120	600	0.000006494
120	600	0.000006490
120	600	0.000011772
120	600	0.000014100
120	600	0.000008085
120	600	0.000009981
120	600	0.000006543
120	600	0.000006702
120	600	0.000007870
120	600	0.000006393
120	600	0.000011833
120	600	0.000007454
120	600	0.000008650
120	600	0.000009913
120	600	0.000009892
120	600	0.000007936
120	600	0.000006537
120	600	0.000006688
120	600	0.000006698
120	600	0.000006345
120	600	0.000006523
120	600	0.000006539
120	600	0.000008641
120	600	0.000033813
120	600	0.000014085
120	600	0.000009616
120	600	0.000006713
120	600	0.000008819
120	600	0.000006538
120	600	0.000006384
120	600	0.000010481
120	600	0.000007231
120	600	0.000014870
120	600	0.000007431
120	600	0.000006536
120	600	0.000006383
120	600	0.000008727
120	600	0.000006393
120	600	0.000006375
120	600	0.000008736
120	600	0.000009482
120	600	0.000009949
120	600	0.000006688
120	600	0.000008452
120	600	0.000007079
120	600	0.000014060
120	600	0.000006528
120	600	0.000006542
120	600	0.000008738
120	600	0.000008712
120	600	0.000007937
120	600	0.000010305
120	600	0.000007772
120	600	0.000006888
120	600	0.000006693
120	600	0.000008484
120	600	0.000007104
120	600	0.000013810
120	600	0.000006705
120	600	0.000006850
120	600	0.000008177
250	128	0.000004333
250	128	0.000016028
250	128	0.000004264
250	128	0.000007993
250	128	0.000006219
250	128	0.000004347
250	128	0.000005812
250	128	0.000006562
250	128	0.000006871
250	128	0.000004697
250	128	0.000004279
250	128	0.000006024
250	128	0.000004648
250	128	0.000004609
250	128	0.000007151
250	128	0.000006802
250	128	0.000004395
250	128	0.000004323
250	128	0.000004293
250	128	0.000006427
250	128	0.000004823
250	128	0.000004395
250	128	0.000008391
250	128	0.000005906
250	128	0.000004690
250	128	0.000004993
250	128	0.000007417
250	128	0.000004783
250	128	0.000005643
250	128	0.000005060
250	128	0.000005080
250	128	0.000004483
250	128	0.000004421
250	128	0.000004376
250	128	0.000006085
250	128	0.000006402
250	128	0.000005658
250	128	0.000007664
250	128	0.000004396
250	128	0.000004670
250	128	0.000006341
250	128	0.000004674
250	128	0.000005160
250	128	0.000004616
250	128	0.000005043
250	128	0.000004620
250	128	0.000004661
250	128	0.000004614
250	128	0.000004613
250	128	0.000004615
250	128	0.000004670
250	128	0.000004446
250	128	0.000004429
250	128	0.000008485
250	128	0.000004372
250	128	0.000007240
250	128	0.000004813
250	128	0.000005927
250	128	0.000004446
250	128	0.000005382
250	128	0.000005402
250	128	0.000005393
250	128	0.000005855
250	128	0.000005380
250	128	0.000005389
250	128	0.000005263
250	128	0.000007409
250	128	0.000006759
250	128	0.000006813
250	128	0.000006741
250	128	0.000007394
250	128	0.000006730
250	128	0.000006980
250	128	0.000007692
250	128	0.000007016
250	128	0.000007040
250	128	0.000007024
250	128	0.000006979
250	128	0.000008377
250	128	0.000008436
250	128	0.000004702
250	128	0.000004701
250	128	0.000004340
250	128	0.000007026
250	128	0.000006401
250	128	0.000004943
250	128	0.000006709
250	128	0.000005042
250	128	0.000004439
250	128	0.000004806
250	128	0.000004694
250	128	0.000004546
250	128	0.000006624
250	128	0.000007082
250	128	0.000006578
250	128	0.000005716
250	128	0.000004708
250	128	0.000004382
250	128	0.000004299
250	128	0.000004336
250	256	0.000010158
250	256	0.000008849
250	256	0.000008823
250	256	0.000009494
250	256	0.000012451
250	256	0.000012571
250	256	0.000008300
250	256	0.000007968
250	256	0.000006858
250	256	0.000010465
250	256	0.000008762
250	256	0.000007967
250	256	0.000008451
250	256	0.000009230
250	256	0.000008322
250	256	0.000007925
250	256	0.000007891
250	256	0.000012935
250	256	0.000009474
250	256	0.000007968
250	256	0.000007932
250	256	0.000008371
250	256	0.000008392
250	256	0.000007957
250	256	0.000007957
250	256	0.000019043
250	256	0.000008392
250	256	0.000008313
250	256	0.000014842
250	256	0.000008380
250	256	0.000013014
250	256	0.000009823
250	256	0.000008348
250	256	0.000008286
250	256	0.000008311
250	256	0.000011014
250	256	0.000009614
250	256	0.000008723
250	256	0.000008512
250	256	0.000011767
250	256	0.000008530
250	256	0.000009301
250	256	0.000015496
250	256	0.000009032
250	256	0.000007986
250	256	0.000008323
250	256	0.000008152
250	256	0.000009489
250	256	0.000007954
250	256	0.000007982
250	256	0.000007973
250	256	0.000008141
250	256	0.000009323
250	256	0.000009784
250	256	0.000010787
250	256	0.000010514
250	256	0.000009062
250	256	0.000011006
250	256	0.000007968
250	256	0.000008347
250	256	0.000007942
250	256	0.000008308
250	256	0.000010293
250	256	0.000011158
250	256	0.000011660
250	256	0.000008539
250	256	0.000011676
250	256	0.000011244
250	256	0.000008337
250	256	0.000012082
250	256	0.000008371
250	256	0.000007741
250	256	0.000008323
250	256	0.000007981
250	256	0.000010515
250	256	0.000008170
250	256	0.000007707
250	256	0.000008397
250	256	0.000008387
250	256	0.000014246
250	256	0.000007977
250	256	0.000008366
250	256	0.000007949
250	256	0.000007979
250	256	0.000007950
250	256	0.000007952
250	256	0.000017052
250	256	0.000010866
250	256	0.000008329
250	256	0.000015539
250	256	0.000008311
250	256	0.000008734
250	256	0.000006982
250	256	0.000008842
250	256	0.000007978
250	256	0.000007962
250	256	0.000008322
250	256	0.000009756
250	256	0.000008323
250	256	0.000010524
250	380	0.000013254
250	380	0.000009518
250	380	0.000015218
250	380	0.000012633
250	380	0.000010559
250	380	0.000009301
250	380	0.000008853
250	380	0.000008331
250	380	0.000009283
250	380	0.000008083
250	380	0.000008740
250	380	0.000015547
250	380	0.000008755
250	380	0.000008764
250	380	0.000008751
250	380	0.000009062
250	380	0.000016677
250	380	0.000008875
250	380	0.000008851
250	380	0.000008837
250	380	0.000012779
250	380	0.000009052
250	380	0.000008523
250	380	0.000009080
250	380	0.000013306
250	380	0.000010636
250	380	0.000008562
250	380	0.000008989
250	380	0.000015593
250	380	0.000010536
250	380	0.000010520
250	380	0.000009192
250	380	0.000012295
250	380	0.000008985
250	380	0.000008324
250	380	0.000012802
250	380	0.000009213
250	380	0.000014280
250	380	0.000008177
250	380	0.000009765
250	380	0.000009771
250	380	0.000010036
250	380	0.000009054
250	380	0.000008753
250	380	0.000008734
250	380	0.000012388
250	380	0.000008986
250	380	0.000011966
250	380	0.000010578
250	380	0.000008997
250	380	0.000008861
250	380	0.000009055
250	380	0.000008751
250	380	0.000017949
250	380	0.000016349
250	380	0.000009193
250	380	0.000009202
250	380	0.000013794
250	380	0.000013782
250	380	0.000014259
250	380	0.000011747
250	380	0.000009454
250	380	0.000011950
250	380	0.000009958
250	380	0.000008147
250	380	0.000009063
250	380	0.000008759
250	380	0.000011981
250	380	0.000008849
250	380	0.000009057
250	380	0.000008781
250	380	0.000013832
250	380	0.000009513
250	380	0.000009185
250	380	0.000008754
250	380	0.000009058
250	380	0.000013933
250	380	0.000008984
250	380	0.000009300
250	380	0.000008996
250	380	0.000011461
250	380	0.000008358
250	380	0.000009206
250	380	0.000012816
250	380	0.000012676
250	380	0.000008964
250	380	0.000008768
250	380	0.000008754
250	380	0.000012396
250	380	0.000009989
250	380	0.000008362
250	380	0.000011982
250	380	0.000012376
250	380	0.000008752
250	380	0.000014363
250	380	0.000010162
250	380	0.000015478
250	380	0.000009461
250	380	0.000009062
250	380	0.000009272
250	510	0.000014530
250	510	0.000013607
250	510	0.000017716
250	510	0.000013973
250	510	0.000012121
250	510	0.000010247
250	510	0.000011176
250	510	0.000014611
250	510	0.000010238
250	510	0.000009757
250	510	0.000013504
250	510	0.000010643
250	510	0.000010351
250	510	0.000013991
250	510	0.000014536
250	510	0.000015544
250	510	0.000012867
250	510	0.000017697
250	510	0.000010364
250	510	0.000010616
250	510	0.000010600
250	510	0.000010233
250	510	0.000018993
250	510	0.000012495
250	510	0.000010647
250	510	0.000010369
250	510	0.000018265
250	510	0.000019560
250	510	0.000009850
250	510	0.000016269
250	510	0.000010343
250	510	0.000010331
250	510	0.000015698
250	510	0.000010503
250	510	0.000009956
250	510	0.000010348
250	510	0.000010656
250	510	0.000010352
250	510	0.000015084
250	510	0.000010757
250	510	0.000010869
250	510	0.000015051
250	510	0.000010755
250	510	0.000010665
250	510	0.000014954
250	510	0.000010644
250	510	0.000010654
250	510	0.000010623
250	510	0.000013709
250	510	0.000010631
250	510	0.000019829
250	510	0.000015583
250	510	0.000015392
250	510	0.000011168
250	510	0.000011180
250	510	0.000010345
250	510	0.000010355
250	510	0.000010369
250	510	0.000009855
250	510	0.000010347
250	510	0.000010662
250	510	0.000014071
250	510	0.000010622
250	510	0.000022947
250	510	0.000016054
250	510	0.000010621
250	510	0.000010613
250	510	0.000014072
250	510	0.000017914
250	510	0.000012136
250	510	0.000010345
250	510	0.000015426
250	510	0.000011882
250	510	0.000010650
250	510	0.000013952
250	510	0.000010930
250	510	0.000009743
250	510	0.000013705
250	510	0.000015568
250	510	0.000013675
250	510	0.000011175
250	510	0.000010335
250	510	0.000010358
250	510	0.000010350
250	510	0.000015148
250	510	0.000010877
250	510	0.000010900
250	510	0.000010641
250	510	0.000010341
250	510	0.000014521
250	510	0.000014527
250	510	0.000010620
250	510	0.000010337
250	510	0.000014105
250	510	0.000010353
250	510	0.000013655
250	510	0.000010865
250	510	0.000011889
250	510	0.000014618
250	510	0.000012176
250	600	0.000014718
250	600	0.000014338
250	600	0.000023678
250	600	0.000018560
250	600	0.000024733
250	600	0.000013590
250	600	0.000015913
250	600	0.000023337
250	600	0.000019892
250	600	0.000014183
250	600	0.000013858
250	600	0.000013805
250	600	0.000013900
250	600	0.000012682
250	600	0.000019193
250	600	0.000013257
250	600	0.000019470
250	600	0.000013926
250	600	0.000013485
250	600	0.000019224
250	600	0.000012591
250	600	0.000013295
250	600	0.000018574
250	600	0.000013180
250	600	0.000013972
250	600	0.000016491
250	600	0.000013586
250	600	0.000015861
250	600	0.000014986
250	600	0.000017063
250	600	0.000014732
250	600	0.000013576
250	600	0.000017009
250	600	0.000019191
250	600	0.000015052
250	600	0.000022280
250	600	0.000014663
250	600	0.000016662
250	600	0.000019881
250	600	0.000016391
250	600	0.000013271
250	600	0.000017927
250	600	0.000013585
250	600	0.000016025
250	600	0.000013283
250	600	0.000018130
250	600	0.000013599
250	600	0.000014261
250	600	0.000019213
250	600	0.000015149
250	600	0.000018147
250	600	0.000013959
250	600	0.000014342
250	600	0.000014326
250	600	0.000014305
250	600	0.000014350
250	600	0.000014649
250	600	0.000014328
250	600	0.000014193
250	600	0.000014648
250	600	0.000014287
250	600	0.000016989
250	600	0.000013976
250	600	0.000013949
250	600	0.000013862
250	600	0.000013960
250	600	0.000018596
250	600	0.000013985
250	600	0.000014257
250	600	0.000015109
250	600	0.000015458
250	600	0.000014997
250	600	0.000015126
250	600	0.000015460
250	600	0.000015453
250	600	0.000015484
250	600	0.000014987
250	600	0.000015464
250	600	0.000019201
250	600	0.000023496
250	600	0.000019208
250	600	0.000018762
250	600	0.000018771
250	600	0.000019199
250	600	0.000019178
250	600	0.000017374
250	600	0.000017014
250	600	0.000017016
250	600	0.000017023
250	600	0.000017009
250	600	0.000013583
250	600	0.000013286
250	600	0.000013291
250	600	0.000018780
250	600	0.000015308
250	600	0.000013843
250	600	0.000017962
250	600	0.000020172
250	600	0.000020953
250	600	0.000013278
380	128	0.000010681
380	128	0.000008829
380	128	0.000012087
380	128	0.000006664
380	128	0.000006845
380	128	0.000013033
380	128	0.000006705
380	128	0.000006475
380	128	0.000006471
380	128	0.000008863
380	128	0.000006542
380	128	0.000006824
380	128	0.000008602
380	128	0.000008008
380	128	0.000006675
380	128	0.000006458
380	128	0.000006707
380	128	0.000008548
380	128	0.000007392
380	128	0.000005400
380	128	0.000006687
380	128	0.000014416
380	128	0.000009122
380	128	0.000008282
380	128	0.000010251
380	128	0.000006976
380	128	0.000007007
380	128	0.000006989
380	128	0.000007006
380	128	0.000006988
380	128	0.000007025
380	128	0.000007022
380	128	0.000007015
380	128	0.000008303
380	128	0.000008058
380	128	0.000008315
380	128	0.000008033
380	128	0.000008043
380	128	0.000008067
380	128	0.000008329
380	128	0.000008328
380	128	0.000009490
380	128	0.000009534
380	128	0.000009801
380	128	0.000009511
380	128	0.000009834
380	128	0.000009502
380	128	0.000009512
380	128	0.000010204
380	128	0.000010273
380	128	0.000010224
380	128	0.000010241
380	128	0.000010242
380	128	0.000010259
380	128	0.000010211
380	128	0.000006497
380	128	0.000006833
380	128	0.000008033
380	128	0.000006670
380	128	0.000006497
380	128	0.000006451
380	128	0.000010244
380	128	0.000007402
380	128	0.000009201
380	128	0.000008548
380	128	0.000006609
380	128	0.000010522
380	128	0.000006656
380	128	0.000006507
380	128	0.000006475
380	128	0.000008302
380	128	0.000012550
380	128	0.000009467
380	128	0.000006492
380	128	0.000006846
380	128	0.000007036
380	128	0.000006845
380	128	0.000006496
380	128	0.000006638
380	128	0.000009151
380	128	0.000011087
380	128	0.000008047
380	128	0.000006831
380	128	0.000008541
380	128	0.000009843
380	128	0.000008065
380	128	0.000006511
380	128	0.000015199
380	128	0.000013623
380	128	0.000007604
380	128	0.000006489
380	128	0.000009522
380	128	0.000012415
380	128	0.000006869
380	128	0.000009779
380	128	0.000006655
380	128	0.000011054
380	128	0.000007002
380	128	0.000006993
380	128	0.000006545
380	256	0.000013172
380	256	0.000017189
380	256	0.000015299
380	256	0.000012180
380	256	0.000012220
380	256	0.000016123
380	256	0.000013309
380	256	0.000012034
380	256	0.000014808
380	256	0.000015919
380	256	0.000014084
380	256	0.000014595
380	256	0.000012976
380	256	0.000012644
380	256	0.000016121
380	256	0.000012327
380	256	0.000012336
380	256	0.000012052
380	256	0.000012186
380	256	0.000012044
380	256	0.000014515
380	256	0.000012844
380	256	0.000016170
380	256	0.000012027
380	256	0.000012045
380	256	0.000012014
380	256	0.000009544
380	256	0.000016867
380	256	0.000012028
380	256	0.000012186
380	256	0.000014717
380	256	0.000012838
380	256	0.000010150
380	256	0.000012208
380	256	0.000021432
380	256	0.000017237
380	256	0.000012649
380	256	0.000011687
380	256	0.000012340
380	256	0.000012227
380	256	0.000015925
380	256	0.000013356
380	256	0.000012203
380	256	0.000028426
380	256	0.000012045
380	256	0.000015903
380	256	0.000012494
380	256	0.000012307
380	256	0.000016450
380	256	0.000012242
380	256	0.000018724
380	256	0.000012196
380	256	0.000012332
380	256	0.000012061
380	256	0.000025062
380	256	0.000013304
380	256	0.000012022
380	256	0.000012189
380	256	0.000019343
380	256	0.000015922
380	256	0.000017609
380	256	0.000018969
380	256	0.000012055
380	256	0.000017011
380	256	0.000012965
380	256	0.000015598
380	256	0.000013183
380	256	0.000013144
380	256	0.000013147
380	256	0.000012993
380	256	0.000012979
380	256	0.000012965
380	256	0.000012954
380	256	0.000012634
380	256	0.000012823
380	256	0.000012824
380	256	0.000012835
380	256	0.000011998
380	256	0.000012657
380	256	0.000012820
380	256	0.000012632
380	256	0.000012639
380	256	0.000012817
380	256	0.000014130
380	256	0.000015149
380	256	0.000014972
380	256	0.000015183
380	256	0.000015181
380	256	0.000014939
380	256	0.000014946
380	256	0.000013083
380	256	0.000016992
380	256	0.000016998
380	256	0.000017239
380	256	0.000017015
380	256	0.000017016
380	256	0.000017197
380	256	0.000017023
380	256	0.000020555
380	256	0.000020570
380	380	0.000019481
380	380	0.000013307
380	380	0.000018571
380	380	0.000018031
380	380	0.000025213
380	380	0.000019508
380	380	0.000012369
380	380	0.000017584
380	380	0.000014581
380	380	0.000019501
380	380	0.000015309
380	380	0.000013805
380	380	0.000018823
380	380	0.000015315
380	380	0.000014382
380	380	0.000014148
380	380	0.000013301
380	380	0.000013148
380	380	0.000013334
380	380	0.000025599
380	380	0.000014958
380	380	0.000017995
380	380	0.000020721
380	380	0.000015155
380	380	0.000018283
380	380	0.000020031
380	380	0.000015593
380	380	0.000014027
380	380	0.000013793
380	380	0.000014015
380	380	0.000013990
380	380	0.000013963
380	380	0.000013114
380	380	0.000013837
380	380	0.000015440
380	380	0.000013874
380	380	0.000018451
380	380	0.000018965
380	380	0.000015600
380	380	0.000013311
380	380	0.000013111
380	380	0.000013182
380	380	0.000013989
380	380	0.000013673
380	380	0.000019061
380	380	0.000018187
380	380	0.000017284
380	380	0.000012846
380	380	0.000017547
380	380	0.000021362
380	380	0.000013133
380	380	0.000013187
380	380	0.000022750
380	380	0.000017422
380	380	0.000014593
380	380	0.000016807
380	380	0.000013863
380	380	0.000013510
380	380	0.000018541
380	380	0.000013303
380	380	0.000013304
380	380	0.000017983
380	380	0.000018184
380	380	0.000015018
380	380	0.000012810
380	380	0.000013286
380	380	0.000013189
380	380	0.000012516
380	380	0.000017353
380	380	0.000013308
380	380	0.000013490
380	380	0.000017999
380	380	0.000027414
380	380	0.000013194
380	380	0.000017442
380	380	0.000021858
380	380	0.000013638
380	380	0.000013177
380	380	0.000013272
380	380	0.000013480
380	380	0.000017423
380	380	0.000016741
380	380	0.000014004
380	380	0.000018655
380	380	0.000020003
380	380	0.000017932
380	380	0.000013173
380	380	0.000013171
380	380	0.000017427
380	380	0.000012492
380	380	0.000018592
380	380	0.000013845
380	380	0.000019942
380	380	0.000018613
380	380	0.000013843
380	380	0.000016055
380	380	0.000018855
380	380	0.000013984
380	380	0.000021587
380	380	0.000013829
380	510	0.000021127
380	510	0.000020507
380	510	0.000028539
380	510	0.000026533
380	510	0.000015602
380	510	0.000015558
380	510	0.000016539
380	510	0.000030428
380	510	0.000017707
380	510	0.000022051
380	510	0.000015951
380	510	0.000015986
380	510	0.000015712
380	510	0.000015590
380	510	0.000015585
380	510	0.000016348
380	510	0.000016134
380	510	0.000019405
380	510	0.000020542
380	510	0.000024507
380	510	0.000019519
380	510	0.000026862
380	510	0.000016807
380	510	0.000016802
380	510	0.000015583
380	510	0.000021306
380	510	0.000021325
380	510	0.000023922
380	510	0.000015598
380	510	0.000015724
380	510	0.000021297
380	510	0.000015966
380	510	0.000020432
380	510	0.000020160
380	510	0.000016529
380	510	0.000015740
380	510	0.000017103
380	510	0.000021238
380	510	0.000016248
380	510	0.000027715
380	510	0.000020146
380	510	0.000017767
380	510	0.000017900
380	510	0.000017740
380	510	0.000017766
380	510	0.000017750
380	510	0.000017913
380	510	0.000017920
380	510	0.000015599
380	510	0.000022067
380	510	0.000014770
380	510	0.000019612
380	510	0.000015971
380	510	0.000015547
380	510	0.000015612
380	510	0.000023027
380	510	0.000015572
380	510	0.000016000
380	510	0.000029080
380	510	0.000016392
380	510	0.000014753
380	510	0.000015584
380	510	0.000021517
380	510	0.000017521
380	510	0.000016532
380	510	0.000021101
380	510	0.000025224
380	510	0.000023870
380	510	0.000019563
380	510	0.000016827
380	510	0.000016850
380	510	0.000015594
380	510	0.000015617
380	510	0.000021829
380	510	0.000017894
380	510	0.000015730
380	510	0.000021475
380	510	0.000017776
380	510	0.000014921
380	510	0.000021294
380	510	0.000020785
380	510	0.000017186
380	510	0.000016118
380	510	0.000015588
380	510	0.000015577
380	510	0.000015576
380	510	0.000021174
380	510	0.000015718
380	510	0.000016129
380	510	0.000022057
380	510	0.000015585
380	510	0.000015574
380	510	0.000021300
380	510	0.000017746
380	510	0.000015720
380	510	0.000021327
380	510	0.000021308
380	510	0.000016358
380	510	0.000016375
380	510	0.000015748
380	600	0.000027864
380	600	0.000021217
380	600	0.000020691
380	600	0.000025534
380	600	0.000020698
380	600	0.000025631
380	600	0.000020200
380	600	0.000024844
380	600	0.000021059
380	600	0.000021557
380	600	0.000020557
380	600	0.000019152
380	600	0.000021246
380	600	0.000028335
380	600	0.000029348
380	600	0.000024330
380	600	0.000027389
380	600	0.000020546
380	600	0.000020198
380	600	0.000033098
380	600	0.000022821
380	600	0.000023043
380	600	0.000031075
380	600	0.000020184
380	600	0.000020200
380	600	0.000027061
380	600	0.000028429
380	600	0.000029218
380	600	0.000020158
380	600	0.000020054
380	600	0.000034413
380	600	0.000020532
380	600	0.000020697
380	600	0.000039873
380	600	0.000020072
380	600	0.000019986
380	600	0.000026502
380	600	0.000022422
380	600	0.000035741
380	600	0.000027350
380	600	0.000023482
380	600	0.000020464
380	600	0.000026657
380	600	0.000019363
380	600	0.000025092
380	600	0.000021093
380	600	0.000025876
380	600	0.000028275
380	600	0.000028041
380	600	0.000020189
380	600	0.000037298
380	600	0.000026715
380	600	0.000022820
380	600	0.000020037
380	600	0.000020181
380	600	0.000020063
380	600	0.000020488
380	600	0.000020569
380	600	0.000020504
380	600	0.000024174
380	600	0.000020051
380	600	0.000020062
380	600	0.000030792
380	600	0.000020043
380	600	0.000024652
380	600	0.000020561
380	600	0.000020049
380	600	0.000020067
380	600	0.000020066
380	600	0.000020041
380	600	0.000026626
380	600	0.000020684
380	600	0.000020700
380	600	0.000027073
380	600	0.000031616
380	600	0.000020539
380	600	0.000020032
380	600	0.000031007
380	600	0.000020544
380	600	0.000020058
380	600	0.000033531
380	600	0.000027361
380	600	0.000026976
380	600	0.000024369
380	600	0.000020172
380	600	0.000020142
380	600	0.000026595
380	600	0.000019983
380	600	0.000020185
380	600	0.000026526
380	600	0.000038443
380	600	0.000020558
380	600	0.000021743
380	600	0.000020191
380	600	0.000027409
380	600	0.000020210
380	600	0.000020228
380	600	0.000020045
380	600	0.000020151
380	600	0.000020043
510	128	0.000014464
510	128	0.000012731
510	128	0.000012014
510	128	0.000015054
510	128	0.000009107
510	128	0.000009452
510	128	0.000009528
510	128	0.000012620
510	128	0.000013078
510	128	0.000010860
510	128	0.000008671
510	128	0.000008678
510	128	0.000009643
510	128	0.000008660
510	128	0.000008680
510	128	0.000016990
510	128	0.000008736
510	128	0.000008797
510	128	0.000015445
510	128	0.000012614
510	128	0.000009001
510	128	0.000013186
510	128	0.000009019
510	128	0.000008798
510	128	0.000008645
510	128	0.000010447
510	128	0.000009085
510	128	0.000010448
510	128	0.000010595
510	128	0.000019530
510	128	0.000008666
510	128	0.000008694
510	128	0.000010918
510	128	0.000011870
510	128	0.000011450
510	128	0.000014530
510	128	0.000010190
510	128	0.000015031
510	128	0.000008790
510	128	0.000008625
510	128	0.000008647
510	128	0.000020602
510	128	0.000013032
510	128	0.000011844
510	128	0.000009364
510	128	0.000013608
510	128	0.000008662
510	128	0.000011845
510	128	0.000009741
510	128	0.000008768
510	128	0.000008814
510	128	0.000012020
510	128	0.000009897
510	128	0.000008776
510	128	0.000008884
510	128	0.000013126
510	128	0.000015024
510	128	0.000009342
510	128	0.000011441
510	128	0.000011469
510	128	0.000014205
510	128	0.000008805
510	128	0.000008806
510	128	0.000009511
510	128	0.000009542
510	128	0.000008788
510	128	0.000008669
510	128	0.000008663
510	128	0.000011622
510	128	0.000010375
510	128	0.000011604
510	128	0.000008878
510	128	0.000009782
510	128	0.000010272
510	128	0.000009351
510	128	0.000008665
510	128	0.000008780
510	128	0.000008661
510	128	0.000008645
510	128	0.000008640
510	128	0.000011643
510	128	0.000008653
510	128	0.000009112
510	128	0.000011987
510	128	0.000009554
510	128	0.000009002
510	128	0.000010115
510	128	0.000009522
510	128	0.000016430
510	128	0.000012686
510	128	0.000008660
510	128	0.000011489
510	128	0.000008880
510	128	0.000011826
510	128	0.000009839
510	128	0.000014959
510	128	0.000010302
510	128	0.000013123
510	128	0.000008804
510	128	0.000008684
510	256	0.000025716
510	256	0.000019455
510	256	0.000027272
510	256	0.000016993
510	256	0.000016957
510	256	0.000016201
510	256	0.000022450
510	256	0.000023769
510	256	0.000016979
510	256	0.000027126
510	256	0.000016956
510	256	0.000014133
510	256	0.000016093
510	256	0.000022441
510	256	0.000017785
510	256	0.000028834
510	256	0.000024944
510	256	0.000021088
510	256	0.000017513
510	256	0.000017511
510	256	0.000017515
510	256	0.000017519
510	256	0.000017389
510	256	0.000018303
510	256	0.000017403
510	256	0.000018303
510	256	0.000017498
510	256	0.000026128
510	256	0.000016975
510	256	0.000016207
510	256	0.000016209
510	256	0.000016228
510	256	0.000022889
510	256	0.000017975
510	256	0.000016955
510	256	0.000021336
510	256	0.000025890
510	256	0.000023764
510	256	0.000018460
510	256	0.000020932
510	256	0.000023936
510	256	0.000019301
510	256	0.000024650
510	256	0.000026622
510	256	0.000016969
510	256	0.000016220
510	256	0.000026797
510	256	0.000024475
510	256	0.000030045
510	256	0.000020181
510	256	0.000016257
510	256	0.000015642
510	256	0.000016247
510	256	0.000017000
510	256	0.000016250
510	256	0.000016653
510	256	0.000016624
510	256	0.000019852
510	256	0.000022384
510	256	0.000017386
510	256	0.000018643
510	256	0.000017826
510	256	0.000031614
510	256	0.000016992
510	256	0.000017065
510	256	0.000016973
510	256	0.000021286
510	256	0.000018800
510	256	0.000017007
510	256	0.000016238
510	256	0.000025649
510	256	0.000023829
510	256	0.000024438
510	256	0.000018561
510	256	0.000030293
510	256	0.000020174
510	256	0.000016161
510	256	0.000016988
510	256	0.000021049
510	256	0.000016228
510	256	0.000016225
510	256	0.000016996
510	256	0.000021868
510	256	0.000017990
510	256	0.000016237
510	256	0.000023553
510	256	0.000022357
510	256	0.000023770
510	256	0.000016194
510	256	0.000021700
510	256	0.000030303
510	256	0.000017379
510	256	0.000017427
510	256	0.000016984
510	256	0.000022160
510	256	0.000016093
510	256	0.000030238
510	256	0.000016627
510	256	0.000017087
510	256	0.000024003
510	380	0.000025677
510	380	0.000018477
510	380	0.000023361
510	380	0.000017612
510	380	0.000016548
510	380	0.000017601
510	380	0.000023593
510	380	0.000018464
510	380	0.000018957
510	380	0.000018051
510	380	0.000020749
510	380	0.000025207
510	380	0.000023613
510	380	0.000026607
510	380	0.000017608
510	380	0.000024879
510	380	0.000018184
510	380	0.000016526
510	380	0.000024951
510	380	0.000020325
510	380	0.000018479
510	380	0.000024384
510	380	0.000024380
510	380	0.000017869
510	380	0.000028137
510	380	0.000018287
510	380	0.000023053
510	380	0.000033288
510	380	0.000021220
510	380	0.000020924
510	380	0.000023611
510	380	0.000025684
510	380	0.000026090
510	380	0.000020904
510	380	0.000021607
510	380	0.000024381
510	380	0.000020333
510	380	0.000017881
510	380	0.000023973
510	380	0.000020061
510	380	0.000017845
510	380	0.000024411
510	380	0.000018310
510	380	0.000017834
510	380	0.000018936
510	380	0.000024398
510	380	0.000031630
510	380	0.000019426
510	380	0.000019390
510	380	0.000019421
510	380	0.000023697
510	380	0.000018751
510	380	0.000019397
510	380	0.000018777
510	380	0.000023663
510	380	0.000023659
510	380	0.000022573
510	380	0.000022851
510	380	0.000021182
510	380	0.000021500
510	380	0.000022863
510	380	0.000024897
510	380	0.000024896
510	380	0.000025241
510	380	0.000026097
510	380	0.000023354
510	380	0.000025236
510	380	0.000025762
510	380	0.000026131
510	380	0.000027050
510	380	0.000024210
510	380	0.000027045
510	380	0.000027044
510	380	0.000027048
510	380	0.000031553
510	380	0.000028280
510	380	0.000109997
510	380	0.000030498
510	380	0.000031550
510	380	0.000034825
510	380	0.000034865
510	380	0.000034885
510	380	0.000036072
510	380	0.000036625
510	380	0.000036588
510	380	0.000036583
510	380	0.000037880
510	380	0.000036578
510	380	0.000017850
510	380	0.000017864
510	380	0.000022882
510	380	0.000024860
510	380	0.000021043
510	380	0.000026136
510	380	0.000016748
510	380	0.000017840
510	380	0.000033671
510	380	0.000018037
510	380	0.000021520
510	380	0.000017879
510	510	0.000021083
510	510	0.000038827
510	510	0.000025977
510	510	0.000023424
510	510	0.000028621
510	510	0.000023445
510	510	0.000020838
510	510	0.000021066
510	510	0.000021108
510	510	0.000028838
510	510	0.000021357
510	510	0.000021610
510	510	0.000021626
510	510	0.000033745
510	510	0.000020863
510	510	0.000027889
510	510	0.000029668
510	510	0.000024715
510	510	0.000021098
510	510	0.000025391
510	510	0.000020822
510	510	0.000020833
510	510	0.000034676
510	510	0.000021368
510	510	0.000021607
510	510	0.000026766
510	510	0.000030716
510	510	0.000025449
510	510	0.000028737
510	510	0.000022850
510	510	0.000022184
510	510	0.000022229
510	510	0.000034655
510	510	0.000021637
510	510	0.000020230
510	510	0.000021105
510	510	0.000026300
510	510	0.000023109
510	510	0.000021082
510	510	0.000029691
510	510	0.000022239
510	510	0.000021611
510	510	0.000027887
510	510	0.000023369
510	510	0.000021097
510	510	0.000029991
510	510	0.000022253
510	510	0.000021072
510	510	0.000031529
510	510	0.000032890
510	510	0.000022511
510	510	0.000022158
510	510	0.000022733
510	510	0.000023421
510	510	0.000022758
510	510	0.000022739
510	510	0.000022771
510	510	0.000024740
510	510	0.000024734
510	510	0.000024744
510	510	0.000024024
510	510	0.000023739
510	510	0.000024720
510	510	0.000022531
510	510	0.000024050
510	510	0.000021084
510	510	0.000021706
510	510	0.000037553
510	510	0.000033054
510	510	0.000020014
510	510	0.000025441
510	510	0.000021614
510	510	0.000020033
510	510	0.000028506
510	510	0.000030888
510	510	0.000022176
510	510	0.000030918
510	510	0.000030770
510	510	0.000025904
510	510	0.000021070
510	510	0.000021073
510	510	0.000027919
510	510	0.000021105
510	510	0.000021098
510	510	0.000027894
510	510	0.000021600
510	510	0.000020524
510	510	0.000022655
510	510	0.000040671
510	510	0.000022740
510	510	0.000022740
510	510	0.000025448
510	510	0.000021720
510	510	0.000027896
510	510	0.000021693
510	510	0.000028288
510	510	0.000021046
510	510	0.000024033
510	510	0.000029202
510	510	0.000022188
510	600	0.000027063
510	600	0.000044277
510	600	0.000033394
510	600	0.000027102
510	600	0.000029104
510	600	0.000033327
510	600	0.000047201
510	600	0.000026828
510	600	0.000035475
510	600	0.000030010
510	600	0.000040645
510	600	0.000029121
510	600	0.000034761
510	600	0.000034869
510	600	0.000034498
510	600	0.000036346
510	600	0.000045175
510	600	0.000029127
510	600	0.000028203
510	600	0.000028463
510	600	0.000028479
510	600	0.000034667
510	600	0.000035486
510	600	0.000035499
510	600	0.000034690
510	600	0.000035511
510	600	0.000034369
510	600	0.000035480
510	600	0.000034690
510	600	0.000044409
510	600	0.000044398
510	600	0.000045414
510	600	0.000044443
510	600	0.000044372
510	600	0.000044437
510	600	0.000051632
510	600	0.000050489
510	600	0.000050446
510	600	0.000051627
510	600	0.000050496
510	600	0.000061658
510	600	0.000063050
510	600	0.000061660
510	600	0.000069417
510	600	0.000070972
510	600	0.000068752
510	600	0.000070963
510	600	0.000068720
510	600	0.000069411
510	600	0.000070950
510	600	0.000069412
510	600	0.000069338
510	600	0.000069364
510	600	0.000068717
510	600	0.000069386
510	600	0.000070955
510	600	0.000069391
510	600	0.000070923
510	600	0.000070962
510	600	0.000068742
510	600	0.000068757
510	600	0.000065961
510	600	0.000069373
510	600	0.000072065
510	600	0.000069374
510	600	0.000083495
510	600	0.000068741
510	600	0.000070988
510	600	0.000069355
510	600	0.000068736
510	600	0.000069345
510	600	0.000071012
510	600	0.000070958
510	600	0.000069379
510	600	0.000069403
510	600	0.000069389
510	600	0.000069392
510	600	0.000069394
510	600	0.000068738
510	600	0.000069373
510	600	0.000082619
510	600	0.000109797
510	600	0.000069370
510	600	0.000070956
510	600	0.000070965
510	600	0.000069441
510	600	0.000070975
510	600	0.000069336
510	600	0.000069380
510	600	0.000068730
510	600	0.000065840
510	600	0.000066158
510	600	0.000071012
510	600	0.000069395
510	600	0.000070982
510	600	0.000070965
510	600	0.000070978
510	600	0.000069400
510	600	0.000068723
510	600	0.000069340
600	128	0.000019237
600	128	0.000011436
600	128	0.000013488
600	128	0.000010723
600	128	0.000010890
600	128	0.000010329
600	128	0.000016672
600	128	0.000012075
600	128	0.000011189
600	128	0.000012789
600	128	0.000015299
600	128	0.000017016
600	128	0.000013053
600	128	0.000013117
600	128	0.000010625
600	128	0.000010308
600	128	0.000010205
600	128	0.000010193
600	128	0.000019972
600	128	0.000011300
600	128	0.000010509
600	128	0.000013651
600	128	0.000016061
600	128	0.000015690
600	128	0.000015464
600	128	0.000010207
600	128	0.000012306
600	128	0.000013506
600	128	0.000012471
600	128	0.000012450
600	128	0.000012303
600	128	0.000012455
600	128	0.000013444
600	128	0.000012305
600	128	0.000012459
600	128	0.000010211
600	128	0.000011187
600	128	0.000011424
600	128	0.000014088
600	128	0.000015309
600	128	0.000011207
600	128	0.000015635
600	128	0.000010615
600	128	0.000013998
600	128	0.000010239
600	128	0.000012790
600	128	0.000011807
600	128	0.000010342
600	128	0.000013504
600	128	0.000011398
600	128	0.000010312
600	128	0.000014626
600	128	0.000016941
600	128	0.000015711
600	128	0.000015480
600	128	0.000012795
600	128	0.000010829
600	128	0.000010842
600	128	0.000010583
600	128	0.000010230
600	128	0.000010166
600	128	0.000014090
600	128	0.000012750
600	128	0.000010831
600	128	0.000014124
600	128	0.000013428
600	128	0.000012095
600	128	0.000012078
600	128	0.000010587
600	128	0.000010597
600	128	0.000011224
600	128	0.000010163
600	128	0.000011192
600	128	0.000011200
600	128	0.000010299
600	128	0.000023034
600	128	0.000010858
600	128	0.000015332
600	128	0.000016427
600	128	0.000013675
600	128	0.000013386
600	128	0.000015714
600	128	0.000012830
600	128	0.000010248
600	128	0.000016745
600	128	0.000021073
600	128	0.000010341
600	128	0.000014150
600	128	0.000013955
600	128	0.000016988
600	128	0.000012046
600	128	0.000010327
600	128	0.000010297
600	128	0.000011215
600	128	0.000010596
600	128	0.000011504
600	128	0.000023871
600	128	0.000010334
600	128	0.000015867
600	128	0.000010331
600	256	0.000023017
600	256	0.000019096
600	256	0.000020835
600	256	0.000031485
600	256	0.000026284
600	256	0.000019085
600	256	0.000026018
600	256	0.000020998
600	256	0.000019978
600	256	0.000025752
600	256	0.000027725
600	256	0.000027726
600	256	0.000019049
600	256	0.000019952
600	256	0.000033930
600	256	0.000019985
600	256	0.000019941
600	256	0.000020441
600	256	0.000034116
600	256	0.000020604
600	256	0.000020465
600	256	0.000021549
600	256	0.000020461
600	256	0.000021537
600	256	0.000021544
600	256	0.000025073
600	256	0.000026419
600	256	0.000026424
600	256	0.000022380
600	256	0.000025250
600	256	0.000026414
600	256	0.000026379
600	256	0.000026420
600	256	0.000031479
600	256	0.000030101
600	256	0.000031492
600	256	0.000031489
600	256	0.000029900
600	256	0.000030077
600	256	0.000040937
600	256	0.000037210
600	256	0.000035334
600	256	0.000019954
600	256	0.000019093
600	256	0.000019084
600	256	0.000020488
600	256	0.000026410
600	256	0.000031299
600	256	0.000018942
600	256	0.000027479
600	256	0.000019102
600	256	0.000019112
600	256	0.000019084
600	256	0.000030345
600	256	0.000026418
600	256	0.000030313
600	256	0.000017648
600	256	0.000021747
600	256	0.000033848
600	256	0.000019109
600	256	0.000016827
600	256	0.000019101
600	256	0.000019053
600	256	0.000018607
600	256	0.000026266
600	256	0.000031492
600	256	0.000029236
600	256	0.000025402
600	256	0.000020472
600	256	0.000031319
600	256	0.000023387
600	256	0.000025825
600	256	0.000021584
600	256	0.000016718
600	256	0.000019972
600	256	0.000019062
600	256	0.000036113
600	256	0.000026328
600	256	0.000020469
600	256	0.000027007
600	256	0.000018069
600	256	0.000029932
600	256	0.000019566
600	256	0.000028226
600	256	0.000020594
600	256	0.000021547
600	256	0.000019092
600	256	0.000019587
600	256	0.000027296
600	256	0.000032612
600	256	0.000027930
600	256	0.000020076
600	256	0.000031497
600	256	0.000023387
600	256	0.000019549
600	256	0.000022279
600	256	0.000021004
600	256	0.000019958
600	256	0.000020672
600	256	0.000027298
600	380	0.000029822
600	380	0.000027380
600	380	0.000020991
600	380	0.000028930
600	380	0.000039130
600	380	0.000024096
600	380	0.000022815
600	380	0.000025262
600	380	0.000022854
600	380	0.000021529
600	380	0.000021276
600	380	0.000022274
600	380	0.000031813
600	380	0.000020982
600	380	0.000021200
600	380	0.000022260
600	380	0.000021217
600	380	0.000021228
600	380	0.000022287
600	380	0.000021525
600	380	0.000028594
600	380	0.000032865
600	380	0.000031885
600	380	0.000024108
600	380	0.000027789
600	380	0.000022319
600	380	0.000022653
600	380	0.000021527
600	380	0.000046527
600	380	0.000042120
600	380	0.000023304
600	380	0.000023274
600	380	0.000034149
600	380	0.000025134
600	380	0.000035467
600	380	0.000027769
600	380	0.000022940
600	380	0.000021745
600	380	0.000028343
600	380	0.000023287
600	380	0.000020993
600	380	0.000021710
600	380	0.000020704
600	380	0.000021729
600	380	0.000030832
600	380	0.000030838
600	380	0.000031482
600	380	0.000026988
600	380	0.000030742
600	380	0.000021737
600	380	0.000020981
600	380	0.000020989
600	380	0.000021739
600	380	0.000034775
600	380	0.000025312
600	380	0.000021511
600	380	0.000028694
600	380	0.000031808
600	380	0.000027328
600	380	0.000021496
600	380	0.000021530
600	380	0.000022059
600	380	0.000024551
600	380	0.000021044
600	380	0.000033821
600	380	0.000021706
600	380	0.000026203
600	380	0.000033982
600	380	0.000028740
600	380	0.000023928
600	380	0.000021002
600	380	0.000021003
600	380	0.000021011
600	380	0.000030713
600	380	0.000021713
600	380	0.000026112
600	380	0.000022082
600	380	0.000021741
600	380	0.000028690
600	380	0.000047360
600	380	0.000020972
600	380	0.000027772
600	380	0.000031995
600	380	0.000022639
600	380	0.000020758
600	380	0.000036391
600	380	0.000027772
600	380	0.000023432
600	380	0.000020710
600	380	0.000021026
600	380	0.000021731
600	380	0.000039143
600	380	0.000027596
600	380	0.000074498
600	380	0.000032905
600	380	0.000031555
600	380	0.000034276
600	380	0.000026533
600	380	0.000022661
600	380	0.000037115
600	510	0.000024803
600	510	0.000039309
600	510	0.000030226
600	510	0.000033546
600	510	0.000024512
600	510	0.000041586
600	510	0.000037237
600	510	0.000034073
600	510	0.000027094
600	510	0.000035207
600	510	0.000030467
600	510	0.000030756
600	510	0.000025539
600	510	0.000024510
600	510	0.000024814
600	510	0.000030520
600	510	0.000027497
600	510	0.000025550
600	510	0.000028475
600	510	0.000038461
600	510	0.000037398
600	510	0.000025119
600	510	0.000029541
600	510	0.000045639
600	510	0.000028253
600	510	0.000028258
600	510	0.000031727
600	510	0.000027925
600	510	0.000028251
600	510	0.000027927
600	510	0.000028249
600	510	0.000028254
600	510	0.000033524
600	510	0.000033931
600	510	0.000034894
600	510	0.000024530
600	510	0.000025547
600	510	0.000024802
600	510	0.000036818
600	510	0.000031956
600	510	0.000026756
600	510	0.000036716
600	510	0.000027559
600	510	0.000026787
600	510	0.000025783
600	510	0.000026855
600	510	0.000035275
600	510	0.000026307
600	510	0.000026450
600	510	0.000034453
600	510	0.000046348
600	510	0.000033773
600	510	0.000046795
600	510	0.000031747
600	510	0.000024785
600	510	0.000026068
600	510	0.000024795
600	510	0.000031355
600	510	0.000035111
600	510	0.000025779
600	510	0.000026070
600	510	0.000031512
600	510	0.000037066
600	510	0.000039737
600	510	0.000024835
600	510	0.000032815
600	510	0.000027495
600	510	0.000024820
600	510	0.000025551
600	510	0.000025546
600	510	0.000025542
600	510	0.000024833
600	510	0.000046280
600	510	0.000033891
600	510	0.000023314
600	510	0.000032335
600	510	0.000028520
600	510	0.000025436
600	510	0.000026161
600	510	0.000024529
600	510	0.000024500
600	510	0.000037281
600	510	0.000026079
600	510	0.000035393
600	510	0.000025415
600	510	0.000024804
600	510	0.000050548
600	510	0.000036200
600	510	0.000024826
600	510	0.000025564
600	510	0.000027472
600	510	0.000026173
600	510	0.000040753
600	510	0.000023217
600	510	0.000026179
600	510	0.000044249
600	510	0.000026853
600	510	0.000031788
600	510	0.000027170
600	510	0.000028297
600	600	0.000039352
600	600	0.000030381
600	600	0.000035289
600	600	0.000033492
600	600	0.000032575
600	600	0.000031842
600	600	0.000031841
600	600	0.000037407
600	600	0.000050594
600	600	0.000032580
600	600	0.000032629
600	600	0.000031850
600	600	0.000034856
600	600	0.000031848
600	600	0.000032649
600	600	0.000037892
600	600	0.000039798
600	600	0.000042534
600	600	0.000032581
600	600	0.000043566
600	600	0.000033879
600	600	0.000033938
600	600	0.000031558
600	600	0.000031839
600	600	0.000042551
600	600	0.000035784
600	600	0.000049613
600	600	0.000031567
600	600	0.000031846
600	600	0.000056826
600	600	0.000073316
600	600	0.000038087
600	600	0.000043767
600	600	0.000036302
600	600	0.000034254
600	600	0.000031847
600	600	0.000033675
600	600	0.000044162
600	600	0.000032587
600	600	0.000033706
600	600	0.000046622
600	600	0.000043213
600	600	0.000032644
600	600	0.000042105
600	600	0.000038846
600	600	0.000032645
600	600	0.000043072
600	600	0.000032590
600	600	0.000032355
600	600	0.000031847
600	600	0.000039726
600	600	0.000034252
600	600	0.000032645
600	600	0.000032630
600	600	0.000048235
600	600	0.000039572
600	600	0.000040461
600	600	0.000040479
600	600	0.000039214
600	600	0.000039575
600	600	0.000040479
600	600	0.000039211
600	600	0.000036290
600	600	0.000037114
600	600	0.000036279
600	600	0.000036281
600	600	0.000032574
600	600	0.000047731
600	600	0.000031832
600	600	0.000031847
600	600	0.000030567
600	600	0.000031838
600	600	0.000032580
600	600	0.000031852
600	600	0.000039708
600	600	0.000042169
600	600	0.000039577
600	600	0.000032648
600	600	0.000036219
600	600	0.000045140
600	600	0.000032577
600	600	0.000041766
600	600	0.000032576
600	600	0.000030253
600	600	0.000037355
600	600	0.000044713
600	600	0.000043816
600	600	0.000042626
600	600	0.000032650
600	600	0.000033494
600	600	0.000032581
600	600	0.000032587
600	600	0.000043072
600	600	0.000032587
600	600	0.000033921
600	600	0.000041451
600	600	0.000034800
600	600	0.000034265
600	600	0.000155518
600	600	0.000045022
