120	128	0.000010677
120	128	0.000015831
120	128	0.000011571
120	128	0.000010890
120	128	0.000009291
120	128	0.000009288
120	128	0.000020087
120	128	0.000013597
120	128	0.000009772
120	128	0.000010040
120	128	0.000010781
120	128	0.000012268
120	128	0.000009509
120	128	0.000017381
120	128	0.000011184
120	128	0.000009535
120	128	0.000009501
120	128	0.000009294
120	128	0.000012270
120	128	0.000009300
120	128	0.000009281
120	128	0.000012666
120	128	0.000010308
120	128	0.000013618
120	128	0.000009291
120	128	0.000009292
120	128	0.000017342
120	128	0.000011183
120	128	0.000011206
120	128	0.000011201
120	128	0.000009290
120	128	0.000009302
120	128	0.000009273
120	128	0.000009984
120	128	0.000010279
120	128	0.000010027
120	128	0.000009523
120	128	0.000009285
120	128	0.000009288
120	128	0.000009314
120	128	0.000009311
120	128	0.000009278
120	128	0.000009527
120	128	0.000009515
120	128	0.000018350
120	128	0.000009298
120	128	0.000009731
120	128	0.000009476
120	128	0.000011212
120	128	0.000010018
120	128	0.000010026
120	128	0.000013586
120	128	0.000009551
120	128	0.000009528
120	128	0.000009316
120	128	0.000013121
120	128	0.000011122
120	128	0.000009775
120	128	0.000009756
120	128	0.000009752
120	128	0.000009011
120	128	0.000009282
120	128	0.000009320
120	128	0.000009269
120	128	0.000009283
120	128	0.000026006
120	128	0.000009294
120	128	0.000009280
120	128	0.000012746
120	128	0.000021222
120	128	0.000011350
120	128	0.000009752
120	128	0.000009762
120	128	0.000009305
120	128	0.000009273
120	128	0.000009289
120	128	0.000009286
120	128	0.000012690
120	128	0.000009501
120	128	0.000009520
120	128	0.000013098
120	128	0.000009757
120	128	0.000009286
120	128	0.000009263
120	128	0.000009308
120	128	0.000009269
120	128	0.000009273
120	128	0.000008854
120	128	0.000008847
120	128	0.000009305
120	128	0.000014083
120	128	0.000009295
120	128	0.000009308
120	128	0.000013577
120	128	0.000011921
120	128	0.000009765
120	128	0.000009777
120	128	0.000009301
120	128	0.000009305
120	128	0.000019024
120	256	0.000019000
120	256	0.000021995
120	256	0.000017140
120	256	0.000024627
120	256	0.000021481
120	256	0.000018054
120	256	0.000026116
120	256	0.000025128
120	256	0.000023418
120	256	0.000018784
120	256	0.000017560
120	256	0.000017138
120	256	0.000017158
120	256	0.000017168
120	256	0.000017156
120	256	0.000021407
120	256	0.000018859
120	256	0.000023426
120	256	0.000020067
120	256	0.000021104
120	256	0.000017562
120	256	0.000017577
120	256	0.000018530
120	256	0.000018956
120	256	0.000019002
120	256	0.000019008
120	256	0.000018991
120	256	0.000019020
120	256	0.000018966
120	256	0.000017166
120	256	0.000024233
120	256	0.000019223
120	256	0.000021800
120	256	0.000027978
120	256	0.000021961
120	256	0.000017573
120	256	0.000022667
120	256	0.000023658
120	256	0.000029268
120	256	0.000028392
120	256	0.000032237
120	256	0.000022931
120	256	0.000018007
120	256	0.000024259
120	256	0.000029796
120	256	0.000022680
120	256	0.000018480
120	256	0.000017145
120	256	0.000016782
120	256	0.000017563
120	256	0.000017157
120	256	0.000017141
120	256	0.000023423
120	256	0.000023444
120	256	0.000019557
120	256	0.000025017
120	256	0.000021971
120	256	0.000025105
120	256	0.000020687
120	256	0.000029162
120	256	0.000017171
120	256	0.000021307
120	256	0.000017568
120	256	0.000017153
120	256	0.000023227
120	256	0.000017584
120	256	0.000017152
120	256	0.000023457
120	256	0.000019524
120	256	0.000023702
120	256	0.000017549
120	256	0.000017585
120	256	0.000017152
120	256	0.000016766
120	256	0.000017146
120	256	0.000028127
120	256	0.000017586
120	256	0.000022682
120	256	0.000017584
120	256	0.000017174
120	256	0.000017158
120	256	0.000033482
120	256	0.000018012
120	256	0.000023852
120	256	0.000024241
120	256	0.000018005
120	256	0.000018017
120	256	0.000027030
120	256	0.000022680
120	256	0.000018037
120	256	0.000018013
120	256	0.000017149
120	256	0.000017162
120	256	0.000017159
120	256	0.000017164
120	256	0.000022114
120	256	0.000029291
120	256	0.000026265
120	256	0.000022688
120	256	0.000017149
120	380	0.000038042
120	380	0.000029784
120	380	0.000024079
120	380	0.000024050
120	380	0.000032036
120	380	0.000025956
120	380	0.000032549
120	380	0.000024676
120	380	0.000024687
120	380	0.000022966
120	380	0.000022422
120	380	0.000024064
120	380	0.000024084
120	380	0.000024058
120	380	0.000035232
120	380	0.000024054
120	380	0.000024065
120	380	0.000024059
120	380	0.000042572
120	380	0.000035184
120	380	0.000031946
120	380	0.000026117
120	380	0.000024677
120	380	0.000024672
120	380	0.000024061
120	380	0.000049344
120	380	0.000029044
120	380	0.000031656
120	380	0.000032438
120	380	0.000025293
120	380	0.000033152
120	380	0.000030846
120	380	0.000035184
120	380	0.000025318
120	380	0.000025975
120	380	0.000033667
120	380	0.000032892
120	380	0.000044487
120	380	0.000024068
120	380	0.000024062
120	380	0.000023831
120	380	0.000036878
120	380	0.000042917
120	380	0.000028197
120	380	0.000024077
120	380	0.000031945
120	380	0.000024681
120	380	0.000024677
120	380	0.000041651
120	380	0.000024078
120	380	0.000024066
120	380	0.000024062
120	380	0.000036258
120	380	0.000032902
120	380	0.000024087
120	380	0.000024074
120	380	0.000024084
120	380	0.000024072
120	380	0.000033548
120	380	0.000024686
120	380	0.000024675
120	380	0.000034777
120	380	0.000025309
120	380	0.000035098
120	380	0.000037982
120	380	0.000024672
120	380	0.000024082
120	380	0.000024094
120	380	0.000031420
120	380	0.000024066
120	380	0.000033875
120	380	0.000024658
120	380	0.000029036
120	380	0.000024668
120	380	0.000042900
120	380	0.000024681
120	380	0.000030845
120	380	0.000025976
120	380	0.000024667
120	380	0.000024671
120	380	0.000024084
120	380	0.000033531
120	380	0.000024079
120	380	0.000024067
120	380	0.000033564
120	380	0.000031839
120	380	0.000024685
120	380	0.000031861
120	380	0.000033677
120	380	0.000024091
120	380	0.000024065
120	380	0.000024075
120	380	0.000032908
120	380	0.000024694
120	380	0.000024685
120	380	0.000025298
120	380	0.000029909
120	380	0.000041133
120	380	0.000025313
120	380	0.000029910
120	510	0.000031694
120	510	0.000039585
120	510	0.000035131
120	510	0.000038421
120	510	0.000034197
120	510	0.000031706
120	510	0.000031682
120	510	0.000054143
120	510	0.000038231
120	510	0.000045267
120	510	0.000040957
120	510	0.000042060
120	510	0.000031709
120	510	0.000031682
120	510	0.000033717
120	510	0.000032489
120	510	0.000031694
120	510	0.000031709
120	510	0.000031701
120	510	0.000031704
120	510	0.000031689
120	510	0.000041263
120	510	0.000036091
120	510	0.000043297
120	510	0.000031701
120	510	0.000031705
120	510	0.000032484
120	510	0.000031704
120	510	0.000031702
120	510	0.000042897
120	510	0.000037247
120	510	0.000062005
120	510	0.000052014
120	510	0.000076477
120	510	0.000050017
120	510	0.000035431
120	510	0.000032485
120	510	0.000044623
120	510	0.000050664
120	510	0.000043386
120	510	0.000046009
120	510	0.000041668
120	510	0.000037140
120	510	0.000044876
120	510	0.000031689
120	510	0.000034222
120	510	0.000038281
120	510	0.000034494
120	510	0.000032506
120	510	0.000041745
120	510	0.000049211
120	510	0.000038480
120	510	0.000031716
120	510	0.000031708
120	510	0.000039772
120	510	0.000045067
120	510	0.000045226
120	510	0.000031701
120	510	0.000035116
120	510	0.000036121
120	510	0.000035830
120	510	0.000040510
120	510	0.000032491
120	510	0.000034462
120	510	0.000034207
120	510	0.000034198
120	510	0.000034210
120	510	0.000040611
120	510	0.000033065
120	510	0.000033049
120	510	0.000033339
120	510	0.000033311
120	510	0.000031717
120	510	0.000033188
120	510	0.000032503
120	510	0.000031696
120	510	0.000033375
120	510	0.000043352
120	510	0.000044788
120	510	0.000033325
120	510	0.000033318
120	510	0.000043328
120	510	0.000033337
120	510	0.000031704
120	510	0.000031701
120	510	0.000032507
120	510	0.000031704
120	510	0.000031703
120	510	0.000042762
120	510	0.000053946
120	510	0.000047523
120	510	0.000041771
120	510	0.000034229
120	510	0.000031701
120	510	0.000045890
120	510	0.000031696
120	510	0.000032491
120	510	0.000031699
120	510	0.000033114
120	510	0.000043344
120	600	0.000040251
120	600	0.000045940
120	600	0.000046895
120	600	0.000037013
120	600	0.000062896
120	600	0.000054503
120	600	0.000063755
120	600	0.000037319
120	600	0.000070304
120	600	0.000038845
120	600	0.000039266
120	600	0.000056690
120	600	0.000050502
120	600	0.000040282
120	600	0.000040276
120	600	0.000046796
120	600	0.000037344
120	600	0.000042380
120	600	0.000037330
120	600	0.000037341
120	600	0.000046261
120	600	0.000050991
120	600	0.000038270
120	600	0.000037316
120	600	0.000037324
120	600	0.000050551
120	600	0.000037324
120	600	0.000037324
120	600	0.000048727
120	600	0.000063102
120	600	0.000038263
120	600	0.000037307
120	600	0.000050099
120	600	0.000047833
120	600	0.000037338
120	600	0.000047136
120	600	0.000038291
120	600	0.000051841
120	600	0.000039253
120	600	0.000039257
120	600	0.000044359
120	600	0.000037343
120	600	0.000039225
120	600	0.000037352
120	600	0.000041372
120	600	0.000039245
120	600	0.000037327
120	600	0.000054023
120	600	0.000052791
120	600	0.000047816
120	600	0.000037318
120	600	0.000049362
120	600	0.000043824
120	600	0.000057454
120	600	0.000041356
120	600	0.000037316
120	600	0.000037321
120	600	0.000044096
120	600	0.000037328
120	600	0.000037326
120	600	0.000047882
120	600	0.000045504
120	600	0.000051885
120	600	0.000037320
120	600	0.000037316
120	600	0.000051024
120	600	0.000037325
120	600	0.000055212
120	600	0.000037328
120	600	0.000037325
120	600	0.000063765
120	600	0.000038266
120	600	0.000063755
120	600	0.000049788
120	600	0.000052031
120	600	0.000043752
120	600	0.000037319
120	600	0.000045411
120	600	0.000039612
120	600	0.000038268
120	600	0.000045476
120	600	0.000039228
120	600	0.000040274
120	600	0.000044996
120	600	0.000039264
120	600	0.000041879
120	600	0.000038242
120	600	0.000049432
120	600	0.000043725
120	600	0.000037331
120	600	0.000045318
120	600	0.000037342
120	600	0.000072894
120	600	0.000046610
120	600	0.000037346
120	600	0.000051189
120	600	0.000042262
120	600	0.000056700
120	600	0.000045018
120	600	0.000063792
250	128	0.000022000
250	128	0.000022881
250	128	0.000024759
250	128	0.000038893
250	128	0.000024733
250	128	0.000026056
250	128	0.000029183
250	128	0.000027337
250	128	0.000019783
250	128	0.000019310
250	128	0.000019321
250	128	0.000025566
250	128	0.000019317
250	128	0.000019339
250	128	0.000026420
250	128	0.000019348
250	128	0.000019321
250	128	0.000026553
250	128	0.000019328
250	128	0.000019328
250	128	0.000025882
250	128	0.000027816
250	128	0.000019801
250	128	0.000024005
250	128	0.000019320
250	128	0.000019339
250	128	0.000019352
250	128	0.000019324
250	128	0.000026413
250	128	0.000028078
250	128	0.000019803
250	128	0.000028321
250	128	0.000027330
250	128	0.000020866
250	128	0.000020855
250	128	0.000020335
250	128	0.000020362
250	128	0.000020347
250	128	0.000024147
250	128	0.000028305
250	128	0.000020340
250	128	0.000020328
250	128	0.000020323
250	128	0.000025595
250	128	0.000020331
250	128	0.000020317
250	128	0.000076681
250	128	0.000027347
250	128	0.000019331
250	128	0.000021546
250	128	0.000020320
250	128	0.000019794
250	128	0.000022623
250	128	0.000031077
250	128	0.000028008
250	128	0.000027741
250	128	0.000021178
250	128	0.000030350
250	128	0.000020320
250	128	0.000024287
250	128	0.000019783
250	128	0.000019353
250	128	0.000019345
250	128	0.000019341
250	128	0.000019342
250	128	0.000019328
250	128	0.000026425
250	128	0.000019817
250	128	0.000021195
250	128	0.000027304
250	128	0.000025942
250	128	0.000030484
250	128	0.000024775
250	128	0.000033653
250	128	0.000020344
250	128	0.000021122
250	128	0.000019360
250	128	0.000019788
250	128	0.000019274
250	128	0.000019347
250	128	0.000019850
250	128	0.000026449
250	128	0.000029246
250	128	0.000027135
250	128	0.000020330
250	128	0.000019321
250	128	0.000026418
250	128	0.000024742
250	128	0.000020322
250	128	0.000020353
250	128	0.000059043
250	128	0.000027332
250	128	0.000024766
250	128	0.000032780
250	128	0.000024632
250	128	0.000020865
250	128	0.000025458
250	128	0.000020339
250	128	0.000019811
250	128	0.000020320
250	256	0.000046017
250	256	0.000052284
250	256	0.000044796
250	256	0.000043516
250	256	0.000051705
250	256	0.000038501
250	256	0.000035725
250	256	0.000035700
250	256	0.000044897
250	256	0.000044689
250	256	0.000035710
250	256	0.000061507
250	256	0.000037547
250	256	0.000045371
250	256	0.000037760
250	256	0.000054211
250	256	0.000044366
250	256	0.000036596
250	256	0.000036601
250	256	0.000041112
250	256	0.000044627
250	256	0.000051764
250	256	0.000043400
250	256	0.000056323
250	256	0.000043082
250	256	0.000035705
250	256	0.000046134
250	256	0.000036593
250	256	0.000050491
250	256	0.000045753
250	256	0.000038523
250	256	0.000041928
250	256	0.000040620
250	256	0.000048488
250	256	0.000041810
250	256	0.000041037
250	256	0.000041826
250	256	0.000041825
250	256	0.000041830
250	256	0.000076383
250	256	0.000050489
250	256	0.000050472
250	256	0.000050475
250	256	0.000050475
250	256	0.000050491
250	256	0.000050437
250	256	0.000050482
250	256	0.000101097
250	256	0.000061003
250	256	0.000060992
250	256	0.000060970
250	256	0.000061022
250	256	0.000081763
250	256	0.000073169
250	256	0.000073185
250	256	0.000073223
250	256	0.000077046
250	256	0.000077061
250	256	0.000077049
250	256	0.000086104
250	256	0.000086114
250	256	0.000086140
250	256	0.000091474
250	256	0.000091508
250	256	0.000094074
250	256	0.000091490
250	256	0.000091473
250	256	0.000091474
250	256	0.000091508
250	256	0.000091500
250	256	0.000091478
250	256	0.000091471
250	256	0.000091472
250	256	0.000091451
250	256	0.000091487
250	256	0.000099829
250	256	0.000091499
250	256	0.000091470
250	256	0.000089411
250	256	0.000091504
250	256	0.000091497
250	256	0.000091476
250	256	0.000086088
250	256	0.000091532
250	256	0.000091469
250	256	0.000091474
250	256	0.000091485
250	256	0.000091477
250	256	0.000091498
250	256	0.000091495
250	256	0.000091464
250	256	0.000091507
250	256	0.000091476
250	256	0.000091492
250	256	0.000097586
250	256	0.000091469
250	256	0.000091483
250	256	0.000091480
250	256	0.000091473
250	256	0.000091477
250	380	0.000085631
250	380	0.000066307
250	380	0.000050113
250	380	0.000059077
250	380	0.000055558
250	380	0.000055040
250	380	0.000055545
250	380	0.000062280
250	380	0.000060604
250	380	0.000073941
250	380	0.000069335
250	380	0.000062269
250	380	0.000064212
250	380	0.000050153
250	380	0.000068517
250	380	0.000060479
250	380	0.000073366
250	380	0.000055559
250	380	0.000055539
250	380	0.000055575
250	380	0.000054956
250	380	0.000055546
250	380	0.000055537
250	380	0.000068515
250	380	0.000068527
250	380	0.000068491
250	380	0.000068500
250	380	0.000079946
250	380	0.000082154
250	380	0.000081293
250	380	0.000082243
250	380	0.000082189
250	380	0.000082213
250	380	0.000084906
250	380	0.000097871
250	380	0.000097864
250	380	0.000097925
250	380	0.000114173
250	380	0.000114215
250	380	0.000114171
250	380	0.000114199
250	380	0.000128454
250	380	0.000128453
250	380	0.000128446
250	380	0.000128498
250	380	0.000137052
250	380	0.000128436
250	380	0.000128475
250	380	0.000136992
250	380	0.000136532
250	380	0.000128417
250	380	0.000128451
250	380	0.000128449
250	380	0.000128446
250	380	0.000128488
250	380	0.000128462
250	380	0.000128492
250	380	0.000128457
250	380	0.000128405
250	380	0.000128483
250	380	0.000128443
250	380	0.000128431
250	380	0.000128458
250	380	0.000128467
250	380	0.000128448
250	380	0.000128449
250	380	0.000128457
250	380	0.000157991
250	380	0.000128428
250	380	0.000128463
250	380	0.000128438
250	380	0.000128456
250	380	0.000128470
250	380	0.000128459
250	380	0.000128472
250	380	0.000128455
250	380	0.000128406
250	380	0.000128476
250	380	0.000128416
250	380	0.000128467
250	380	0.000136695
250	380	0.000139231
250	380	0.000135476
250	380	0.000128487
250	380	0.000134450
250	380	0.000128473
250	380	0.000155363
250	380	0.000128451
250	380	0.000128470
250	380	0.000128448
250	380	0.000128439
250	380	0.000128418
250	380	0.000127049
250	380	0.000128448
250	380	0.000128493
250	380	0.000128482
250	380	0.000128477
250	380	0.000128439
250	380	0.000128439
250	380	0.000127957
250	510	0.000088158
250	510	0.000077316
250	510	0.000084356
250	510	0.000075157
250	510	0.000112779
250	510	0.000076455
250	510	0.000069376
250	510	0.000079297
250	510	0.000112755
250	510	0.000069414
250	510	0.000076364
250	510	0.000084044
250	510	0.000073169
250	510	0.000067666
250	510	0.000069404
250	510	0.000069394
250	510	0.000080072
250	510	0.000070673
250	510	0.000083880
250	510	0.000073188
250	510	0.000072499
250	510	0.000069956
250	510	0.000066019
250	510	0.000096670
250	510	0.000066033
250	510	0.000067729
250	510	0.000079259
250	510	0.000082028
250	510	0.000073166
250	510	0.000080332
250	510	0.000075887
250	510	0.000066016
250	510	0.000073162
250	510	0.000066017
250	510	0.000066024
250	510	0.000100263
250	510	0.000108305
250	510	0.000079604
250	510	0.000079598
250	510	0.000082020
250	510	0.000066023
250	510	0.000071326
250	510	0.000067794
250	510	0.000066035
250	510	0.000090236
250	510	0.000081533
250	510	0.000081842
250	510	0.000075186
250	510	0.000066024
250	510	0.000066034
250	510	0.000066037
250	510	0.000066009
250	510	0.000090473
250	510	0.000070350
250	510	0.000082704
250	510	0.000096681
250	510	0.000075217
250	510	0.000087672
250	510	0.000066030
250	510	0.000066020
250	510	0.000066035
250	510	0.000073179
250	510	0.000075163
250	510	0.000078896
250	510	0.000079603
250	510	0.000067675
250	510	0.000066016
250	510	0.000066031
250	510	0.000066036
250	510	0.000073170
250	510	0.000074298
250	510	0.000081737
250	510	0.000074413
250	510	0.000073192
250	510	0.000100244
250	510	0.000077346
250	510	0.000066011
250	510	0.000066017
250	510	0.000084490
250	510	0.000079386
250	510	0.000082041
250	510	0.000066035
250	510	0.000066024
250	510	0.000068297
250	510	0.000066031
250	510	0.000066020
250	510	0.000066024
250	510	0.000067669
250	510	0.000089120
250	510	0.000079763
250	510	0.000074988
250	510	0.000066020
250	510	0.000091655
250	510	0.000147316
250	510	0.000066018
250	510	0.000079637
250	510	0.000067674
250	510	0.000069954
250	510	0.000084583
250	510	0.000066040
250	600	0.000077164
250	600	0.000091073
250	600	0.000077754
250	600	0.000088896
250	600	0.000077754
250	600	0.000099623
250	600	0.000081387
250	600	0.000077755
250	600	0.000072457
250	600	0.000077101
250	600	0.000093749
250	600	0.000093760
250	600	0.000087790
250	600	0.000086179
250	600	0.000087359
250	600	0.000081761
250	600	0.000079700
250	600	0.000079679
250	600	0.000079679
250	600	0.000081657
250	600	0.000099635
250	600	0.000099616
250	600	0.000099613
250	600	0.000099608
250	600	0.000099636
250	600	0.000122601
250	600	0.000122606
250	600	0.000122627
250	600	0.000122609
250	600	0.000122602
250	600	0.000157313
250	600	0.000150522
250	600	0.000151807
250	600	0.000166387
250	600	0.000177102
250	600	0.000177084
250	600	0.000181428
250	600	0.000199271
250	600	0.000199191
250	600	0.000208716
250	600	0.000206918
250	600	0.000199233
250	600	0.000199220
250	600	0.000199227
250	600	0.000199214
250	600	0.000199221
250	600	0.000213008
250	600	0.000199266
250	600	0.000199238
250	600	0.000187513
250	600	0.000200295
250	600	0.000199188
250	600	0.000213388
250	600	0.000199212
250	600	0.000199249
250	600	0.000199232
250	600	0.000199221
250	600	0.000197571
250	600	0.000195991
250	600	0.000200473
250	600	0.000199207
250	600	0.000199259
250	600	0.000199233
250	600	0.000207632
250	600	0.000199747
250	600	0.000199252
250	600	0.000199269
250	600	0.000199252
250	600	0.000209306
250	600	0.000211559
250	600	0.000212547
250	600	0.000199262
250	600	0.000199222
250	600	0.000199212
250	600	0.000199260
250	600	0.000199288
250	600	0.000199248
250	600	0.000227573
250	600	0.000209187
250	600	0.000199221
250	600	0.000199207
250	600	0.000199180
250	600	0.000199259
250	600	0.000205404
250	600	0.000251011
250	600	0.000219599
250	600	0.000212517
250	600	0.000199232
250	600	0.000199170
250	600	0.000199251
250	600	0.000199204
250	600	0.000207307
250	600	0.000199274
250	600	0.000199213
250	600	0.000199180
250	600	0.000199222
250	600	0.000209696
250	600	0.000206899
250	600	0.000199227
250	600	0.000199243
380	128	0.000035171
380	128	0.000029360
380	128	0.000040236
380	128	0.000042996
380	128	0.000046333
380	128	0.000032543
380	128	0.000027984
380	128	0.000028684
380	128	0.000029364
380	128	0.000035365
380	128	0.000030872
380	128	0.000035154
380	128	0.000033566
380	128	0.000040154
380	128	0.000038868
380	128	0.000030138
380	128	0.000030119
380	128	0.000030107
380	128	0.000030088
380	128	0.000029383
380	128	0.000029363
380	128	0.000034767
380	128	0.000033450
380	128	0.000030113
380	128	0.000041511
380	128	0.000035437
380	128	0.000030111
380	128	0.000030120
380	128	0.000029370
380	128	0.000029373
380	128	0.000029367
380	128	0.000036727
380	128	0.000040150
380	128	0.000037645
380	128	0.000036355
380	128	0.000052170
380	128	0.000029994
380	128	0.000035424
380	128	0.000041727
380	128	0.000034406
380	128	0.000029373
380	128	0.000036766
380	128	0.000040148
380	128	0.000028536
380	128	0.000029371
380	128	0.000039798
380	128	0.000054779
380	128	0.000036749
380	128	0.000030110
380	128	0.000029379
380	128	0.000029674
380	128	0.000029383
380	128	0.000036082
380	128	0.000036575
380	128	0.000030870
380	128	0.000039539
380	128	0.000043937
380	128	0.000037432
380	128	0.000030779
380	128	0.000030126
380	128	0.000031217
380	128	0.000029370
380	128	0.000034801
380	128	0.000031632
380	128	0.000034423
380	128	0.000038779
380	128	0.000034016
380	128	0.000030877
380	128	0.000028564
380	128	0.000029365
380	128	0.000048169
380	128	0.000029394
380	128	0.000029377
380	128	0.000040505
380	128	0.000038861
380	128	0.000042203
380	128	0.000037076
380	128	0.000031699
380	128	0.000029372
380	128	0.000048982
380	128	0.000029358
380	128	0.000029394
380	128	0.000034129
380	128	0.000030898
380	128	0.000030876
380	128	0.000035440
380	128	0.000041514
380	128	0.000030859
380	128	0.000044804
380	128	0.000033989
380	128	0.000029384
380	128	0.000029378
380	128	0.000029369
380	128	0.000029384
380	128	0.000048185
380	128	0.000030126
380	128	0.000038864
380	128	0.000044720
380	128	0.000048203
380	128	0.000033026
380	256	0.000063580
380	256	0.000061788
380	256	0.000087036
380	256	0.000061789
380	256	0.000055600
380	256	0.000057891
380	256	0.000055623
380	256	0.000057041
380	256	0.000075456
380	256	0.000085585
380	256	0.000058130
380	256	0.000079430
380	256	0.000070873
380	256	0.000054274
380	256	0.000054270
380	256	0.000054256
380	256	0.000054247
380	256	0.000072162
380	256	0.000054261
380	256	0.000071964
380	256	0.000067422
380	256	0.000067424
380	256	0.000067448
380	256	0.000071845
380	256	0.000067415
380	256	0.000082382
380	256	0.000082387
380	256	0.000080861
380	256	0.000086463
380	256	0.000082372
380	256	0.000096727
380	256	0.000119283
380	256	0.000096732
380	256	0.000096761
380	256	0.000117089
380	256	0.000117077
380	256	0.000117075
380	256	0.000139091
380	256	0.000139068
380	256	0.000154945
380	256	0.000139050
380	256	0.000139084
380	256	0.000138967
380	256	0.000139059
380	256	0.000139105
380	256	0.000139030
380	256	0.000139019
380	256	0.000139065
380	256	0.000139071
380	256	0.000136482
380	256	0.000139091
380	256	0.000146646
380	256	0.000147596
380	256	0.000139020
380	256	0.000139061
380	256	0.000139059
380	256	0.000139022
380	256	0.000139058
380	256	0.000139065
380	256	0.000139062
380	256	0.000139044
380	256	0.000139044
380	256	0.000139006
380	256	0.000147086
380	256	0.000159991
380	256	0.000139090
380	256	0.000139027
380	256	0.000136475
380	256	0.000139040
380	256	0.000139053
380	256	0.000139078
380	256	0.000139070
380	256	0.000139107
380	256	0.000139013
380	256	0.000139069
380	256	0.000139070
380	256	0.000130851
380	256	0.000139076
380	256	0.000130837
380	256	0.000139039
380	256	0.000136022
380	256	0.000136470
380	256	0.000147477
380	256	0.000186325
380	256	0.000139069
380	256	0.000139035
380	256	0.000130879
380	256	0.000136041
380	256	0.000139042
380	256	0.000130867
380	256	0.000139024
380	256	0.000139028
380	256	0.000139080
380	256	0.000139061
380	256	0.000139009
380	256	0.000139004
380	256	0.000139027
380	256	0.000147231
380	256	0.000147129
380	256	0.000184975
380	380	0.000089691
380	380	0.000081077
380	380	0.000084406
380	380	0.000086770
380	380	0.000076200
380	380	0.000076200
380	380	0.000076198
380	380	0.000082780
380	380	0.000087125
380	380	0.000088367
380	380	0.000085483
380	380	0.000089026
380	380	0.000080116
380	380	0.000076172
380	380	0.000076188
380	380	0.000083495
380	380	0.000076177
380	380	0.000086254
380	380	0.000078111
380	380	0.000086768
380	380	0.000076206
380	380	0.000076205
380	380	0.000076196
380	380	0.000084446
380	380	0.000078170
380	380	0.000088293
380	380	0.000093742
380	380	0.000076203
380	380	0.000097607
380	380	0.000080111
380	380	0.000078909
380	380	0.000076190
380	380	0.000130126
380	380	0.000080111
380	380	0.000100778
380	380	0.000091798
380	380	0.000087605
380	380	0.000084433
380	380	0.000084437
380	380	0.000084447
380	380	0.000084451
380	380	0.000084454
380	380	0.000091901
380	380	0.000091877
380	380	0.000091889
380	380	0.000091884
380	380	0.000091883
380	380	0.000091883
380	380	0.000100764
380	380	0.000100774
380	380	0.000081391
380	380	0.000080087
380	380	0.000076178
380	380	0.000076186
380	380	0.000084459
380	380	0.000078072
380	380	0.000084435
380	380	0.000267069
380	380	0.000080204
380	380	0.000141965
380	380	0.000142015
380	380	0.000136101
380	380	0.000111578
380	380	0.000115688
380	380	0.000108196
380	380	0.000141989
380	380	0.000114425
380	380	0.000089265
380	380	0.000092346
380	380	0.000078123
380	380	0.000080109
380	380	0.000089109
380	380	0.000076178
380	380	0.000084449
380	380	0.000078128
380	380	0.000085875
380	380	0.000086445
380	380	0.000091885
380	380	0.000080811
380	380	0.000086800
380	380	0.000076219
380	380	0.000077264
380	380	0.000084412
380	380	0.000088527
380	380	0.000080135
380	380	0.000111555
380	380	0.000094652
380	380	0.000077759
380	380	0.000088442
380	380	0.000076181
380	380	0.000091331
380	380	0.000107706
380	380	0.000083314
380	380	0.000076190
380	380	0.000076168
380	380	0.000084064
380	380	0.000079726
380	380	0.000097608
380	380	0.000080108
380	380	0.000089099
380	510	0.000129441
380	510	0.000100345
380	510	0.000100335
380	510	0.000104014
380	510	0.000100354
380	510	0.000114923
380	510	0.000100344
380	510	0.000100358
380	510	0.000111167
380	510	0.000114263
380	510	0.000114288
380	510	0.000114276
380	510	0.000100347
380	510	0.000105479
380	510	0.000111197
380	510	0.000105515
380	510	0.000114288
380	510	0.000123047
380	510	0.000105477
380	510	0.000108251
380	510	0.000108256
380	510	0.000108247
380	510	0.000110992
380	510	0.000108248
380	510	0.000112900
380	510	0.000137131
380	510	0.000137123
380	510	0.000137157
380	510	0.000137131
380	510	0.000140621
380	510	0.000163858
380	510	0.000164547
380	510	0.000164560
380	510	0.000164568
380	510	0.000195910
380	510	0.000195902
380	510	0.000195895
380	510	0.000228530
380	510	0.000228610
380	510	0.000227538
380	510	0.000257110
380	510	0.000264997
380	510	0.000257125
380	510	0.000257064
380	510	0.000265395
380	510	0.000257152
380	510	0.000257167
380	510	0.000267121
380	510	0.000257169
380	510	0.000241987
380	510	0.000241984
380	510	0.000254375
380	510	0.000257139
380	510	0.000244458
380	510	0.000257117
380	510	0.000271650
380	510	0.000257113
380	510	0.000241952
380	510	0.000241991
380	510	0.000264950
380	510	0.000257147
380	510	0.000242036
380	510	0.000260697
380	510	0.000267847
380	510	0.000257130
380	510	0.000257120
380	510	0.000244277
380	510	0.000257091
380	510	0.000318244
380	510	0.000257116
380	510	0.000257140
380	510	0.000242027
380	510	0.000265593
380	510	0.000257134
380	510	0.000257135
380	510	0.000254962
380	510	0.000277660
380	510	0.000257102
380	510	0.000242017
380	510	0.000257132
380	510	0.000270270
380	510	0.000257114
380	510	0.000241993
380	510	0.000241984
380	510	0.000271075
380	510	0.000257163
380	510	0.000257136
380	510	0.000242049
380	510	0.000245684
380	510	0.000265554
380	510	0.000242014
380	510	0.000257130
380	510	0.000283334
380	510	0.000265938
380	510	0.000257154
380	510	0.000257112
380	510	0.000260138
380	510	0.000267025
380	510	0.000257124
380	510	0.000257109
380	600	0.000130950
380	600	0.000131530
380	600	0.000139540
380	600	0.000134589
380	600	0.000127504
380	600	0.000134377
380	600	0.000130988
380	600	0.000134614
380	600	0.000118169
380	600	0.000148984
380	600	0.000118177
380	600	0.000118176
380	600	0.000134561
380	600	0.000138417
380	600	0.000138462
380	600	0.000127504
380	600	0.000118166
380	600	0.000193811
380	600	0.000148722
380	600	0.000122147
380	600	0.000122136
380	600	0.000140875
380	600	0.000142534
380	600	0.000127500
380	600	0.000127504
380	600	0.000152266
380	600	0.000181575
380	600	0.000121136
380	600	0.000134581
380	600	0.000134603
380	600	0.000134583
380	600	0.000133214
380	600	0.000134612
380	600	0.000148375
380	600	0.000147522
380	600	0.000161499
380	600	0.000168897
380	600	0.000161513
380	600	0.000161487
380	600	0.000201878
380	600	0.000201887
380	600	0.000206031
380	600	0.000193828
380	600	0.000193781
380	600	0.000193815
380	600	0.000193807
380	600	0.000210677
380	600	0.000217480
380	600	0.000215217
380	600	0.000201884
380	600	0.000201853
380	600	0.000201856
380	600	0.000201917
380	600	0.000220234
380	600	0.000220208
380	600	0.000223503
380	600	0.000230726
380	600	0.000230723
380	600	0.000230732
380	600	0.000255030
380	600	0.000255013
380	600	0.000253194
380	600	0.000242296
380	600	0.000242252
380	600	0.000254985
380	600	0.000254997
380	600	0.000255000
380	600	0.000291899
380	600	0.000285014
380	600	0.000295240
380	600	0.000290817
380	600	0.000312720
380	600	0.000285000
380	600	0.000284994
380	600	0.000278885
380	600	0.000283965
380	600	0.000269189
380	600	0.000285046
380	600	0.000285026
380	600	0.000310721
380	600	0.000302844
380	600	0.000302779
380	600	0.000313862
380	600	0.000303452
380	600	0.000302793
380	600	0.000302839
380	600	0.000318416
380	600	0.000302864
380	600	0.000295909
380	600	0.000317289
380	600	0.000302808
380	600	0.000287145
380	600	0.000309277
380	600	0.000299831
380	600	0.000302805
380	600	0.000284988
380	600	0.000308589
380	600	0.000302816
380	600	0.000284994
380	600	0.000302875
510	128	0.000044954
510	128	0.000055723
510	128	0.000051329
510	128	0.000047934
510	128	0.000039453
510	128	0.000039425
510	128	0.000039405
510	128	0.000039398
510	128	0.000039422
510	128	0.000043680
510	128	0.000057720
510	128	0.000039410
510	128	0.000059865
510	128	0.000041431
510	128	0.000042493
510	128	0.000042523
510	128	0.000046226
510	128	0.000053858
510	128	0.000039670
510	128	0.000052359
510	128	0.000044980
510	128	0.000039410
510	128	0.000050619
510	128	0.000039421
510	128	0.000040397
510	128	0.000040414
510	128	0.000039424
510	128	0.000039398
510	128	0.000045139
510	128	0.000043677
510	128	0.000052592
510	128	0.000040404
510	128	0.000040414
510	128	0.000043670
510	128	0.000043668
510	128	0.000039410
510	128	0.000043665
510	128	0.000039407
510	128	0.000046246
510	128	0.000041439
510	128	0.000049662
510	128	0.000052971
510	128	0.000039445
510	128	0.000047486
510	128	0.000042457
510	128	0.000039427
510	128	0.000039415
510	128	0.000040425
510	128	0.000047216
510	128	0.000047536
510	128	0.000039424
510	128	0.000039415
510	128	0.000042056
510	128	0.000052844
510	128	0.000042408
510	128	0.000039445
510	128	0.000050464
510	128	0.000039418
510	128	0.000044892
510	128	0.000040408
510	128	0.000040412
510	128	0.000053877
510	128	0.000046210
510	128	0.000047535
510	128	0.000046172
510	128	0.000046222
510	128	0.000044471
510	128	0.000048950
510	128	0.000078446
510	128	0.000039450
510	128	0.000046456
510	128	0.000055139
510	128	0.000041427
510	128	0.000050516
510	128	0.000039405
510	128	0.000039429
510	128	0.000039435
510	128	0.000043656
510	128	0.000067333
510	128	0.000047371
510	128	0.000039410
510	128	0.000040387
510	128	0.000064137
510	128	0.000051034
510	128	0.000061129
510	128	0.000050315
510	128	0.000041421
510	128	0.000050517
510	128	0.000048618
510	128	0.000059739
510	128	0.000048500
510	128	0.000054929
510	128	0.000043691
510	128	0.000050079
510	128	0.000044900
510	128	0.000042645
510	128	0.000043673
510	128	0.000040392
510	128	0.000041635
510	128	0.000044873
510	256	0.000071084
510	256	0.000102927
510	256	0.000086346
510	256	0.000072812
510	256	0.000110605
510	256	0.000132365
510	256	0.000079136
510	256	0.000072828
510	256	0.000071122
510	256	0.000087380
510	256	0.000083282
510	256	0.000082935
510	256	0.000076516
510	256	0.000072838
510	256	0.000072851
510	256	0.000082938
510	256	0.000082939
510	256	0.000080711
510	256	0.000078786
510	256	0.000082951
510	256	0.000087800
510	256	0.000072792
510	256	0.000072815
510	256	0.000081259
510	256	0.000089164
510	256	0.000087815
510	256	0.000072807
510	256	0.000106627
510	256	0.000072819
510	256	0.000101553
510	256	0.000087761
510	256	0.000080706
510	256	0.000084051
510	256	0.000080716
510	256	0.000080713
510	256	0.000072801
510	256	0.000076462
510	256	0.000085311
510	256	0.000072813
510	256	0.000124394
510	256	0.000087833
510	256	0.000072855
510	256	0.000082932
510	256	0.000072820
510	256	0.000074629
510	256	0.000088449
510	256	0.000076334
510	256	0.000098057
510	256	0.000116968
510	256	0.000076563
510	256	0.000087807
510	256	0.000072834
510	256	0.000097680
510	256	0.000106644
510	256	0.000100698
510	256	0.000088513
510	256	0.000082648
510	256	0.000093296
510	256	0.000075448
510	256	0.000076552
510	256	0.000085959
510	256	0.000093302
510	256	0.000072789
510	256	0.000072815
510	256	0.000081841
510	256	0.000086801
510	256	0.000078585
510	256	0.000087811
510	256	0.000101160
510	256	0.000087816
510	256	0.000082943
510	256	0.000072849
510	256	0.000085297
510	256	0.000079479
510	256	0.000072827
510	256	0.000072803
510	256	0.000085317
510	256	0.000082201
510	256	0.000076557
510	256	0.000099520
510	256	0.000075320
510	256	0.000102956
510	256	0.000072823
510	256	0.000087814
510	256	0.000087838
510	256	0.000072816
510	256	0.000072807
510	256	0.000072844
510	256	0.000076596
510	256	0.000087804
510	256	0.000086519
510	256	0.000086689
510	256	0.000098561
510	256	0.000074656
510	256	0.000075606
510	256	0.000072808
510	256	0.000080723
510	256	0.000074647
510	256	0.000082919
510	256	0.000092624
510	380	0.000116723
510	380	0.000102223
510	380	0.000124812
510	380	0.000144557
510	380	0.000114855
510	380	0.000107483
510	380	0.000106291
510	380	0.000107480
510	380	0.000104796
510	380	0.000104651
510	380	0.000104839
510	380	0.000105900
510	380	0.000102246
510	380	0.000102249
510	380	0.000104828
510	380	0.000113285
510	380	0.000119776
510	380	0.000113902
510	380	0.000110292
510	380	0.000101114
510	380	0.000111199
510	380	0.000107479
510	380	0.000102250
510	380	0.000105531
510	380	0.000116449
510	380	0.000123316
510	380	0.000102241
510	380	0.000102224
510	380	0.000113334
510	380	0.000123299
510	380	0.000107494
510	380	0.000120315
510	380	0.000120953
510	380	0.000107499
510	380	0.000138187
510	380	0.000119765
510	380	0.000101154
510	380	0.000123012
510	380	0.000110731
510	380	0.000104812
510	380	0.000113307
510	380	0.000107509
510	380	0.000116445
510	380	0.000116451
510	380	0.000127065
510	380	0.000119796
510	380	0.000123293
510	380	0.000147166
510	380	0.000120471
510	380	0.000118482
510	380	0.000107511
510	380	0.000119979
510	380	0.000121924
510	380	0.000151450
510	380	0.000123335
510	380	0.000126580
510	380	0.000123303
510	380	0.000127871
510	380	0.000123316
510	380	0.000123322
510	380	0.000131050
510	380	0.000130999
510	380	0.000131024
510	380	0.000131011
510	380	0.000130999
510	380	0.000149715
510	380	0.000149723
510	380	0.000149711
510	380	0.000149725
510	380	0.000149728
510	380	0.000148363
510	380	0.000144558
510	380	0.000144565
510	380	0.000147807
510	380	0.000174707
510	380	0.000174687
510	380	0.000172731
510	380	0.000174710
510	380	0.000182290
510	380	0.000189167
510	380	0.000187904
510	380	0.000189106
510	380	0.000182275
510	380	0.000182290
510	380	0.000191311
510	380	0.000190530
510	380	0.000190557
510	380	0.000193914
510	380	0.000209611
510	380	0.000209597
510	380	0.000220630
510	380	0.000220636
510	380	0.000220641
510	380	0.000219002
510	380	0.000209617
510	380	0.000209625
510	380	0.000220643
510	380	0.000220637
510	380	0.000220643
510	380	0.000244939
510	510	0.000134676
510	510	0.000163688
510	510	0.000145293
510	510	0.000150297
510	510	0.000149211
510	510	0.000152222
510	510	0.000162390
510	510	0.000154710
510	510	0.000134684
510	510	0.000140896
510	510	0.000138032
510	510	0.000138070
510	510	0.000153361
510	510	0.000160912
510	510	0.000187715
510	510	0.000172532
510	510	0.000172521
510	510	0.000172630
510	510	0.000219950
510	510	0.000212391
510	510	0.000212363
510	510	0.000251248
510	510	0.000262908
510	510	0.000262929
510	510	0.000303815
510	510	0.000334532
510	510	0.000324751
510	510	0.000345062
510	510	0.000353572
510	510	0.000345071
510	510	0.000358490
510	510	0.000345109
510	510	0.000354570
510	510	0.000345106
510	510	0.000350560
510	510	0.000353956
510	510	0.000345081
510	510	0.000419079
510	510	0.000345092
510	510	0.000345701
510	510	0.000345076
510	510	0.000345085
510	510	0.000354560
510	510	0.000345050
510	510	0.000352575
510	510	0.000345099
510	510	0.000353319
510	510	0.000345002
510	510	0.000324738
510	510	0.000353092
510	510	0.000345089
510	510	0.000327150
510	510	0.000356424
510	510	0.000324778
510	510	0.000338020
510	510	0.000345057
510	510	0.000324768
510	510	0.000328359
510	510	0.000354343
510	510	0.000345089
510	510	0.000337438
510	510	0.000345074
510	510	0.000331621
510	510	0.000353027
510	510	0.000345068
510	510	0.000328218
510	510	0.000354029
510	510	0.000345068
510	510	0.000332744
510	510	0.000369325
510	510	0.000342168
510	510	0.000335778
510	510	0.000354553
510	510	0.000345075
510	510	0.000322086
510	510	0.000353276
510	510	0.000345063
510	510	0.000345114
510	510	0.000354607
510	510	0.000345059
510	510	0.000350861
510	510	0.000345019
510	510	0.000329827
510	510	0.000353467
510	510	0.000368107
510	510	0.000357183
510	510	0.000345070
510	510	0.000323773
510	510	0.000351490
510	510	0.000345069
510	510	0.000327279
510	510	0.000351269
510	510	0.000345068
510	510	0.000340269
510	510	0.000351735
510	510	0.000345041
510	510	0.000366071
510	510	0.000345092
510	510	0.000335903
510	510	0.000348321
510	600	0.000180614
510	600	0.000175523
510	600	0.000179662
510	600	0.000184875
510	600	0.000158605
510	600	0.000158616
510	600	0.000158610
510	600	0.000182211
510	600	0.000171057
510	600	0.000180636
510	600	0.000166740
510	600	0.000178785
510	600	0.000180605
510	600	0.000166740
510	600	0.000175840
510	600	0.000175792
510	600	0.000180639
510	600	0.000171899
510	600	0.000174013
510	600	0.000164510
510	600	0.000180622
510	600	0.000172869
510	600	0.000170106
510	600	0.000162539
510	600	0.000180637
510	600	0.000165640
510	600	0.000162589
510	600	0.000162584
510	600	0.000174469
510	600	0.000170561
510	600	0.000171107
510	600	0.000171145
510	600	0.000171113
510	600	0.000173885
510	600	0.000197055
510	600	0.000197051
510	600	0.000199917
510	600	0.000197031
510	600	0.000197056
510	600	0.000232235
510	600	0.000235731
510	600	0.000232248
510	600	0.000250111
510	600	0.000250098
510	600	0.000250101
510	600	0.000270923
510	600	0.000270952
510	600	0.000270922
510	600	0.000282729
510	600	0.000282730
510	600	0.000289944
510	600	0.000332867
510	600	0.000325141
510	600	0.000363256
510	600	0.000391244
510	600	0.000382474
510	600	0.000382483
510	600	0.000392943
510	600	0.000403855
510	600	0.000407616
510	600	0.000382479
510	600	0.000390170
510	600	0.000406392
510	600	0.000416288
510	600	0.000406425
510	600	0.000417347
510	600	0.000402996
510	600	0.000391012
510	600	0.000406403
510	600	0.000394715
510	600	0.000413970
510	600	0.000406419
510	600	0.000409127
510	600	0.000406382
510	600	0.000393736
510	600	0.000406424
510	600	0.000389605
510	600	0.000406393
510	600	0.000403814
510	600	0.000406429
510	600	0.000382518
510	600	0.000388718
510	600	0.000406407
510	600	0.000428979
510	600	0.000406391
510	600	0.000417697
510	600	0.000406449
510	600	0.000412772
510	600	0.000406454
510	600	0.000391568
510	600	0.000406381
510	600	0.000412396
510	600	0.000406394
510	600	0.000404880
510	600	0.000382478
510	600	0.000400486
510	600	0.000414877
510	600	0.000394542
510	600	0.000411002
510	600	0.000406453
600	128	0.000052797
600	128	0.000051367
600	128	0.000048754
600	128	0.000046393
600	128	0.000052863
600	128	0.000048758
600	128	0.000050135
600	128	0.000046364
600	128	0.000046389
600	128	0.000050220
600	128	0.000066803
600	128	0.000047544
600	128	0.000050956
600	128	0.000046376
600	128	0.000057402
600	128	0.000051398
600	128	0.000055125
600	128	0.000047513
600	128	0.000047525
600	128	0.000089007
600	128	0.000075998
600	128	0.000047557
600	128	0.000047544
600	128	0.000055918
600	128	0.000055907
600	128	0.000055930
600	128	0.000055924
600	128	0.000055906
600	128	0.000055889
600	128	0.000055923
600	128	0.000065566
600	128	0.000065570
600	128	0.000065586
600	128	0.000065547
600	128	0.000046372
600	128	0.000046360
600	128	0.000055905
600	128	0.000082644
600	128	0.000055929
600	128	0.000082653
600	128	0.000046385
600	128	0.000074510
600	128	0.000061441
600	128	0.000055903
600	128	0.000046390
600	128	0.000056297
600	128	0.000054311
600	128	0.000065788
600	128	0.000054938
600	128	0.000050019
600	128	0.000051367
600	128	0.000054323
600	128	0.000052845
600	128	0.000046374
600	128	0.000055919
600	128	0.000067862
600	128	0.000054360
600	128	0.000055386
600	128	0.000061849
600	128	0.000050044
600	128	0.000050014
600	128	0.000053442
600	128	0.000046388
600	128	0.000055165
600	128	0.000047510
600	128	0.000047530
600	128	0.000063288
600	128	0.000051383
600	128	0.000046376
600	128	0.000047520
600	128	0.000048784
600	128	0.000048734
600	128	0.000055943
600	128	0.000065543
600	128	0.000055919
600	128	0.000048000
600	128	0.000046382
600	128	0.000073105
600	128	0.000046398
600	128	0.000054467
600	128	0.000064302
600	128	0.000053565
600	128	0.000047522
600	128	0.000046352
600	128	0.000051369
600	128	0.000057166
600	128	0.000047536
600	128	0.000054329
600	128	0.000046381
600	128	0.000058923
600	128	0.000059424
600	128	0.000046377
600	128	0.000051012
600	128	0.000050618
600	128	0.000046336
600	128	0.000046374
600	128	0.000067940
600	128	0.000046347
600	128	0.000046358
600	128	0.000064367
600	256	0.000103329
600	256	0.000094942
600	256	0.000087816
600	256	0.000116425
600	256	0.000085653
600	256	0.000085668
600	256	0.000085677
600	256	0.000091225
600	256	0.000085673
600	256	0.000079816
600	256	0.000097568
600	256	0.000095463
600	256	0.000104990
600	256	0.000136497
600	256	0.000085689
600	256	0.000085668
600	256	0.000106813
600	256	0.000090060
600	256	0.000095471
600	256	0.000090075
600	256	0.000090082
600	256	0.000100349
600	256	0.000090070
600	256	0.000090068
600	256	0.000110872
600	256	0.000113304
600	256	0.000110704
600	256	0.000113296
600	256	0.000113319
600	256	0.000170113
600	256	0.000135114
600	256	0.000135079
600	256	0.000141097
600	256	0.000159694
600	256	0.000159693
600	256	0.000159657
600	256	0.000159642
600	256	0.000195152
600	256	0.000195158
600	256	0.000198408
600	256	0.000219576
600	256	0.000219609
600	256	0.000230897
600	256	0.000219578
600	256	0.000219537
600	256	0.000206621
600	256	0.000219508
600	256	0.000219536
600	256	0.000227311
600	256	0.000219508
600	256	0.000206592
600	256	0.000219558
600	256	0.000219535
600	256	0.000214834
600	256	0.000223812
600	256	0.000219539
600	256	0.000219551
600	256	0.000219530
600	256	0.000233415
600	256	0.000276717
600	256	0.000219537
600	256	0.000219551
600	256	0.000219514
600	256	0.000252636
600	256	0.000219514
600	256	0.000219540
600	256	0.000206622
600	256	0.000219522
600	256	0.000219554
600	256	0.000230112
600	256	0.000219529
600	256	0.000206624
600	256	0.000219517
600	256	0.000229581
600	256	0.000219570
600	256	0.000206601
600	256	0.000206638
600	256	0.000219521
600	256	0.000219561
600	256	0.000220683
600	256	0.000219506
600	256	0.000206618
600	256	0.000219531
600	256	0.000290350
600	256	0.000219516
600	256	0.000219521
600	256	0.000219535
600	256	0.000219487
600	256	0.000230706
600	256	0.000219549
600	256	0.000219536
600	256	0.000206593
600	256	0.000219530
600	256	0.000219519
600	256	0.000206545
600	256	0.000219491
600	256	0.000219534
600	256	0.000206619
600	256	0.000219493
600	256	0.000219530
600	380	0.000126478
600	380	0.000138999
600	380	0.000120275
600	380	0.000176327
600	380	0.000134341
600	380	0.000120275
600	380	0.000113729
600	380	0.000120286
600	380	0.000153818
600	380	0.000135495
600	380	0.000135520
600	380	0.000165240
600	380	0.000129772
600	380	0.000140909
600	380	0.000148409
600	380	0.000120292
600	380	0.000135518
600	380	0.000140959
600	380	0.000120302
600	380	0.000120270
600	380	0.000120356
600	380	0.000123281
600	380	0.000120304
600	380	0.000120307
600	380	0.000133299
600	380	0.000120282
600	380	0.000137017
600	380	0.000120319
600	380	0.000140929
600	380	0.000133306
600	380	0.000133291
600	380	0.000133293
600	380	0.000133279
600	380	0.000137016
600	380	0.000136994
600	380	0.000141235
600	380	0.000136981
600	380	0.000137009
600	380	0.000164429
600	380	0.000164403
600	380	0.000164517
600	380	0.000164437
600	380	0.000182673
600	380	0.000180671
600	380	0.000182682
600	380	0.000188619
600	380	0.000182646
600	380	0.000182653
600	380	0.000182658
600	380	0.000182642
600	380	0.000221733
600	380	0.000219768
600	380	0.000214421
600	380	0.000224183
600	380	0.000224164
600	380	0.000221708
600	380	0.000233644
600	380	0.000234852
600	380	0.000234871
600	380	0.000266876
600	380	0.000290113
600	380	0.000297965
600	380	0.000308255
600	380	0.000308246
600	380	0.000308662
600	380	0.000290118
600	380	0.000308246
600	380	0.000316217
600	380	0.000308234
600	380	0.000291836
600	380	0.000317074
600	380	0.000308248
600	380	0.000290107
600	380	0.000316089
600	380	0.000308243
600	380	0.000290108
600	380	0.000326480
600	380	0.000308256
600	380	0.000290136
600	380	0.000315854
600	380	0.000308242
600	380	0.000290115
600	380	0.000290119
600	380	0.000302406
600	380	0.000308241
600	380	0.000290094
600	380	0.000311697
600	380	0.000308232
600	380	0.000304935
600	380	0.000322090
600	380	0.000308238
600	380	0.000290121
600	380	0.000316054
600	380	0.000308242
600	380	0.000646723
600	380	0.000291455
600	380	0.000329425
600	380	0.000308290
600	380	0.000304860
600	380	0.000297763
600	510	0.000170950
600	510	0.000175534
600	510	0.000177528
600	510	0.000166557
600	510	0.000174072
600	510	0.000158435
600	510	0.000171305
600	510	0.000185595
600	510	0.000158440
600	510	0.000158422
600	510	0.000185583
600	510	0.000191049
600	510	0.000174974
600	510	0.000162377
600	510	0.000176341
600	510	0.000170208
600	510	0.000158421
600	510	0.000158426
600	510	0.000180443
600	510	0.000158411
600	510	0.000174119
600	510	0.000158444
600	510	0.000185583
600	510	0.000178509
600	510	0.000175537
600	510	0.000175573
600	510	0.000175572
600	510	0.000170940
600	510	0.000170914
600	510	0.000170957
600	510	0.000170949
600	510	0.000170930
600	510	0.000202964
600	510	0.000202983
600	510	0.000203006
600	510	0.000207210
600	510	0.000189464
600	510	0.000191056
600	510	0.000194312
600	510	0.000191044
600	510	0.000203636
600	510	0.000202982
600	510	0.000206667
600	510	0.000202995
600	510	0.000209076
600	510	0.000216523
600	510	0.000222272
600	510	0.000216530
600	510	0.000240561
600	510	0.000240616
600	510	0.000240586
600	510	0.000240539
600	510	0.000259835
600	510	0.000259828
600	510	0.000259773
600	510	0.000249832
600	510	0.000249816
600	510	0.000252741
600	510	0.000264840
600	510	0.000264798
600	510	0.000259816
600	510	0.000303175
600	510	0.000342854
600	510	0.000301697
600	510	0.000304550
600	510	0.000295232
600	510	0.000295231
600	510	0.000295244
600	510	0.000295242
600	510	0.000309287
600	510	0.000309301
600	510	0.000316814
600	510	0.000368382
600	510	0.000360896
600	510	0.000341882
600	510	0.000348448
600	510	0.000341861
600	510	0.000382123
600	510	0.000389173
600	510	0.000406000
600	510	0.000396270
600	510	0.000406160
600	510	0.000389331
600	510	0.000417054
600	510	0.000405955
600	510	0.000402610
600	510	0.000415015
600	510	0.000382090
600	510	0.000407256
600	510	0.000405971
600	510	0.000382061
600	510	0.000415681
600	510	0.000382064
600	510	0.000433256
600	510	0.000403049
600	510	0.000410820
600	510	0.000405966
600	510	0.000399996
600	510	0.000405959
600	510	0.000382113
600	600	0.000193023
600	600	0.000196137
600	600	0.000185551
600	600	0.000212496
600	600	0.000212508
600	600	0.000199936
600	600	0.000196125
600	600	0.000211756
600	600	0.000201522
600	600	0.000206765
600	600	0.000189335
600	600	0.000186590
600	600	0.000186201
600	600	0.000203396
600	600	0.000186587
600	600	0.000206732
600	600	0.000188998
600	600	0.000212503
600	600	0.000245136
600	600	0.000206777
600	600	0.000197905
600	600	0.000206776
600	600	0.000198621
600	600	0.000198814
600	600	0.000212486
600	600	0.000206734
600	600	0.000206746
600	600	0.000211284
600	600	0.000219004
600	600	0.000231847
600	600	0.000235078
600	600	0.000231819
600	600	0.000231822
600	600	0.000231809
600	600	0.000229557
600	600	0.000235182
600	600	0.000246858
600	600	0.000246771
600	600	0.000246771
600	600	0.000255182
600	600	0.000273388
600	600	0.000257499
600	600	0.000255011
600	600	0.000263273
600	600	0.000263794
600	600	0.000263791
600	600	0.000263815
600	600	0.000319031
600	600	0.000318736
600	600	0.000326425
600	600	0.000347700
600	600	0.000347704
600	600	0.000371775
600	600	0.000370482
600	600	0.000364259
600	600	0.000360513
600	600	0.000364312
600	600	0.000408933
600	600	0.000402626
600	600	0.000431730
600	600	0.000421383
600	600	0.000402623
600	600	0.000428984
600	600	0.000417057
600	600	0.000425047
600	600	0.000430890
600	600	0.000425010
600	600	0.000433752
600	600	0.000364281
600	600	0.000364277
600	600	0.000432577
600	600	0.000424992
600	600	0.000491819
600	600	0.000474116
600	600	0.000486070
600	600	0.000462996
600	600	0.000478099
600	600	0.000513565
600	600	0.000477862
600	600	0.000482220
600	600	0.000478096
600	600	0.000491245
600	600	0.000473753
600	600	0.000478098
600	600	0.000476605
600	600	0.000478125
600	600	0.000472107
600	600	0.000450006
600	600	0.000457653
600	600	0.000483633
600	600	0.000478150
600	600	0.000479267
600	600	0.000478100
600	600	0.000449979
600	600	0.000479697
600	600	0.000476788
600	600	0.000486696
600	600	0.000468323
600	600	0.000488365
600	600	0.000471528
