120	128	0.000003147
120	128	0.000003220
120	128	0.000003226
120	128	0.000002242
120	128	0.000002164
120	128	0.000002365
120	128	0.000002891
120	128	0.000002234
120	128	0.000003614
120	128	0.000002796
120	128	0.000002300
120	128	0.000003025
120	128	0.000002327
120	128	0.000003013
120	128	0.000002178
120	128	0.000002191
120	128	0.000002129
120	128	0.000002622
120	128	0.000002310
120	128	0.000002299
120	128	0.000002826
120	128	0.000003109
120	128	0.000004717
120	128	0.000002402
120	128	0.000002119
120	128	0.000002130
120	128	0.000002434
120	128	0.000002449
120	128	0.000002059
120	128	0.000002061
120	128	0.000002069
120	128	0.000002055
120	128	0.000002102
120	128	0.000002114
120	128	0.000004518
120	128	0.000004040
120	128	0.000003049
120	128	0.000003052
120	128	0.000002141
120	128	0.000002289
120	128	0.000002132
120	128	0.000002238
120	128	0.000002100
120	128	0.000002901
120	128	0.000002156
120	128	0.000002117
120	128	0.000002106
120	128	0.000002179
120	128	0.000004452
120	128	0.000002111
120	128	0.000002138
120	128	0.000002118
120	128	0.000002155
120	128	0.000002075
120	128	0.000002044
120	128	0.000004911
120	128	0.000003538
120	128	0.000002948
120	128	0.000002111
120	128	0.000002073
120	128	0.000002271
120	128	0.000002814
120	128	0.000002716
120	128	0.000002298
120	128	0.000003465
120	128	0.000002284
120	128	0.000002087
120	128	0.000004561
120	128	0.000002736
120	128	0.000002121
120	128	0.000002846
120	128	0.000002117
120	128	0.000006528
120	128	0.000002923
120	128	0.000002441
120	128	0.000002082
120	128	0.000002083
120	128	0.000002829
120	128	0.000002457
120	128	0.000002098
120	128	0.000002840
120	128	0.000002426
120	128	0.000002093
120	128	0.000002095
120	128	0.000002852
120	128	0.000002823
120	128	0.000002155
120	128	0.000003188
120	128	0.000002136
120	128	0.000002098
120	128	0.000004481
120	128	0.000002087
120	128	0.000002128
120	128	0.000003894
120	128	0.000003021
120	128	0.000002178
120	128	0.000002183
120	128	0.000002211
120	128	0.000002204
120	128	0.000003706
120	256	0.000005073
120	256	0.000006320
120	256	0.000006584
120	256	0.000007506
120	256	0.000005106
120	256	0.000005491
120	256	0.000007411
120	256	0.000003934
120	256	0.000004118
120	256	0.000003828
120	256	0.000003850
120	256	0.000003837
120	256	0.000003823
120	256	0.000003845
120	256	0.000003829
120	256	0.000005249
120	256	0.000003825
120	256	0.000004026
120	256	0.000004136
120	256	0.000008583
120	256	0.000005082
120	256	0.000003384
120	256	0.000003816
120	256	0.000003643
120	256	0.000008226
120	256	0.000004539
120	256	0.000003831
120	256	0.000005672
120	256	0.000005165
120	256	0.000006257
120	256	0.000003656
120	256	0.000003824
120	256	0.000005628
120	256	0.000004034
120	256	0.000003637
120	256	0.000003068
120	256	0.000003850
120	256	0.000003816
120	256	0.000003845
120	256	0.000005264
120	256	0.000003901
120	256	0.000006069
120	256	0.000004556
120	256	0.000006045
120	256	0.000004327
120	256	0.000003924
120	256	0.000004438
120	256	0.000004240
120	256	0.000005072
120	256	0.000004004
120	256	0.000004006
120	256	0.000005239
120	256	0.000004119
120	256	0.000003922
120	256	0.000003909
120	256	0.000003820
120	256	0.000003835
120	256	0.000004215
120	256	0.000005381
120	256	0.000004711
120	256	0.000004361
120	256	0.000005396
120	256	0.000004013
120	256	0.000003839
120	256	0.000006085
120	256	0.000004104
120	256	0.000006077
120	256	0.000004027
120	256	0.000004030
120	256	0.000004001
120	256	0.000005311
120	256	0.000005229
120	256	0.000005872
120	256	0.000005287
120	256	0.000003316
120	256	0.000003811
120	256	0.000005792
120	256	0.000006318
120	256	0.000005140
120	256	0.000004044
120	256	0.000004011
120	256	0.000005817
120	256	0.000005502
120	256	0.000004116
120	256	0.000004004
120	256	0.000004002
120	256	0.000003835
120	256	0.000003834
120	256	0.000003824
120	256	0.000005247
120	256	0.000005465
120	256	0.000005574
120	256	0.000004006
120	256	0.000004323
120	256	0.000003834
120	256	0.000003828
120	256	0.000006209
120	256	0.000004016
120	256	0.000004104
120	256	0.000004339
120	380	0.000008133
120	380	0.000005257
120	380	0.000005581
120	380	0.000005564
120	380	0.000004610
120	380	0.000005757
120	380	0.000004355
120	380	0.000003958
120	380	0.000004213
120	380	0.000003918
120	380	0.000004238
120	380	0.000004371
120	380	0.000008661
120	380	0.000005925
120	380	0.000003934
120	380	0.000006305
120	380	0.000004305
120	380	0.000004339
120	380	0.000004535
120	380	0.000004732
120	380	0.000004241
120	380	0.000005760
120	380	0.000004472
120	380	0.000004152
120	380	0.000004144
120	380	0.000005952
120	380	0.000004464
120	380	0.000004786
120	380	0.000006608
120	380	0.000007116
120	380	0.000004373
120	380	0.000005108
120	380	0.000005429
120	380	0.000004825
120	380	0.000004556
120	380	0.000004562
120	380	0.000004542
120	380	0.000006175
120	380	0.000004562
120	380	0.000004715
120	380	0.000004680
120	380	0.000004945
120	380	0.000004808
120	380	0.000004971
120	380	0.000004947
120	380	0.000004805
120	380	0.000004820
120	380	0.000004964
120	380	0.000004955
120	380	0.000004803
120	380	0.000004957
120	380	0.000005778
120	380	0.000005499
120	380	0.000005589
120	380	0.000005761
120	380	0.000005572
120	380	0.000005737
120	380	0.000005772
120	380	0.000006399
120	380	0.000006181
120	380	0.000006393
120	380	0.000006157
120	380	0.000006199
120	380	0.000006407
120	380	0.000006386
120	380	0.000005986
120	380	0.000006414
120	380	0.000006398
120	380	0.000006580
120	380	0.000006608
120	380	0.000006647
120	380	0.000006608
120	380	0.000007757
120	380	0.000007745
120	380	0.000007490
120	380	0.000007561
120	380	0.000007792
120	380	0.000007755
120	380	0.000006949
120	380	0.000008210
120	380	0.000008230
120	380	0.000008247
120	380	0.000007812
120	380	0.000008916
120	380	0.000009626
120	380	0.000009937
120	380	0.000004226
120	380	0.000004373
120	380	0.000004358
120	380	0.000005779
120	380	0.000004320
120	380	0.000004311
120	380	0.000004324
120	380	0.000004472
120	380	0.000004218
120	380	0.000004210
120	380	0.000004429
120	380	0.000004223
120	380	0.000005257
120	380	0.000005950
120	510	0.000011665
120	510	0.000006144
120	510	0.000007809
120	510	0.000005398
120	510	0.000005221
120	510	0.000004980
120	510	0.000006775
120	510	0.000004983
120	510	0.000007479
120	510	0.000004687
120	510	0.000007772
120	510	0.000004972
120	510	0.000005129
120	510	0.000004991
120	510	0.000005167
120	510	0.000004993
120	510	0.000004981
120	510	0.000004965
120	510	0.000004769
120	510	0.000004656
120	510	0.000004539
120	510	0.000004666
120	510	0.000007558
120	510	0.000004925
120	510	0.000011872
120	510	0.000006824
120	510	0.000005267
120	510	0.000005258
120	510	0.000004985
120	510	0.000006828
120	510	0.000005105
120	510	0.000005121
120	510	0.000005386
120	510	0.000005378
120	510	0.000005095
120	510	0.000004912
120	510	0.000008168
120	510	0.000005247
120	510	0.000005262
120	510	0.000006691
120	510	0.000005988
120	510	0.000005121
120	510	0.000005249
120	510	0.000004990
120	510	0.000005093
120	510	0.000010784
120	510	0.000004811
120	510	0.000005122
120	510	0.000005817
120	510	0.000006984
120	510	0.000007554
120	510	0.000004930
120	510	0.000008504
120	510	0.000006589
120	510	0.000005362
120	510	0.000005122
120	510	0.000004975
120	510	0.000007472
120	510	0.000005129
120	510	0.000005128
120	510	0.000006009
120	510	0.000005243
120	510	0.000004976
120	510	0.000004967
120	510	0.000007005
120	510	0.000006354
120	510	0.000005097
120	510	0.000006805
120	510	0.000005144
120	510	0.000005397
120	510	0.000005239
120	510	0.000005116
120	510	0.000004983
120	510	0.000006977
120	510	0.000005228
120	510	0.000006200
120	510	0.000005102
120	510	0.000007011
120	510	0.000005112
120	510	0.000005132
120	510	0.000005131
120	510	0.000005130
120	510	0.000005126
120	510	0.000006572
120	510	0.000004900
120	510	0.000005111
120	510	0.000005234
120	510	0.000005095
120	510	0.000005659
120	510	0.000007350
120	510	0.000006825
120	510	0.000007568
120	510	0.000006182
120	510	0.000005247
120	510	0.000005087
120	510	0.000005241
120	510	0.000004968
120	510	0.000004979
120	510	0.000004960
120	510	0.000006608
120	600	0.000006382
120	600	0.000007230
120	600	0.000008361
120	600	0.000006376
120	600	0.000008141
120	600	0.000007238
120	600	0.000009345
120	600	0.000007716
120	600	0.000009245
120	600	0.000006697
120	600	0.000006671
120	600	0.000006516
120	600	0.000006325
120	600	0.000008640
120	600	0.000008738
120	600	0.000006873
120	600	0.000006720
120	600	0.000006720
120	600	0.000006381
120	600	0.000006088
120	600	0.000010600
120	600	0.000007191
120	600	0.000007253
120	600	0.000009711
120	600	0.000007454
120	600	0.000008239
120	600	0.000007873
120	600	0.000006342
120	600	0.000006709
120	600	0.000009902
120	600	0.000007029
120	600	0.000006734
120	600	0.000009350
120	600	0.000006893
120	600	0.000007029
120	600	0.000006713
120	600	0.000008752
120	600	0.000007415
120	600	0.000007244
120	600	0.000007065
120	600	0.000007072
120	600	0.000007028
120	600	0.000007228
120	600	0.000011770
120	600	0.000007472
120	600	0.000007398
120	600	0.000007222
120	600	0.000007655
120	600	0.000013303
120	600	0.000009146
120	600	0.000008902
120	600	0.000007124
120	600	0.000008036
120	600	0.000008460
120	600	0.000010265
120	600	0.000008623
120	600	0.000008659
120	600	0.000008444
120	600	0.000008439
120	600	0.000006489
120	600	0.000006536
120	600	0.000006564
120	600	0.000006684
120	600	0.000006713
120	600	0.000006709
120	600	0.000008777
120	600	0.000009004
120	600	0.000006901
120	600	0.000006722
120	600	0.000009891
120	600	0.000009668
120	600	0.000008735
120	600	0.000013793
120	600	0.000007626
120	600	0.000009622
120	600	0.000007056
120	600	0.000006334
120	600	0.000007087
120	600	0.000007021
120	600	0.000006380
120	600	0.000006399
120	600	0.000008728
120	600	0.000006656
120	600	0.000007668
120	600	0.000006480
120	600	0.000006858
120	600	0.000006685
120	600	0.000006690
120	600	0.000008928
120	600	0.000006576
120	600	0.000006301
120	600	0.000010492
120	600	0.000006552
120	600	0.000006709
120	600	0.000007124
120	600	0.000007470
120	600	0.000007486
120	600	0.000007422
120	600	0.000006541
120	600	0.000006387
250	128	0.000004292
250	128	0.000004326
250	128	0.000004451
250	128	0.000005906
250	128	0.000004330
250	128	0.000010129
250	128	0.000004679
250	128	0.000004675
250	128	0.000009385
250	128	0.000004669
250	128	0.000004356
250	128	0.000004335
250	128	0.000004339
250	128	0.000004339
250	128	0.000004297
250	128	0.000005636
250	128	0.000005787
250	128	0.000004926
250	128	0.000005731
250	128	0.000004729
250	128	0.000004685
250	128	0.000004276
250	128	0.000004941
250	128	0.000004674
250	128	0.000004286
250	128	0.000004280
250	128	0.000004265
250	128	0.000005182
250	128	0.000005160
250	128	0.000006271
250	128	0.000004590
250	128	0.000006049
250	128	0.000005159
250	128	0.000004317
250	128	0.000004434
250	128	0.000005653
250	128	0.000004275
250	128	0.000005875
250	128	0.000004373
250	128	0.000004264
250	128	0.000006414
250	128	0.000004500
250	128	0.000007786
250	128	0.000004255
250	128	0.000006738
250	128	0.000006182
250	128	0.000004616
250	128	0.000004507
250	128	0.000004567
250	128	0.000004344
250	128	0.000004394
250	128	0.000005794
250	128	0.000004365
250	128	0.000006434
250	128	0.000004382
250	128	0.000004367
250	128	0.000004342
250	128	0.000004696
250	128	0.000004276
250	128	0.000005631
250	128	0.000006199
250	128	0.000006469
250	128	0.000005151
250	128	0.000004325
250	128	0.000008798
250	128	0.000004270
250	128	0.000008364
250	128	0.000006234
250	128	0.000004447
250	128	0.000004812
250	128	0.000003491
250	128	0.000005562
250	128	0.000004273
250	128	0.000004712
250	128	0.000006231
250	128	0.000005218
250	128	0.000004266
250	128	0.000004699
250	128	0.000004336
250	128	0.000006193
250	128	0.000005712
250	128	0.000004349
250	128	0.000004330
250	128	0.000004323
250	128	0.000004669
250	128	0.000004336
250	128	0.000004328
250	128	0.000004325
250	128	0.000004394
250	128	0.000005634
250	128	0.000004406
250	128	0.000007133
250	128	0.000006579
250	128	0.000004504
250	128	0.000004257
250	128	0.000004336
250	128	0.000005900
250	128	0.000004857
250	128	0.000004268
250	128	0.000004275
250	256	0.000009291
250	256	0.000011385
250	256	0.000009056
250	256	0.000011640
250	256	0.000008534
250	256	0.000010664
250	256	0.000008331
250	256	0.000007977
250	256	0.000007971
250	256	0.000010480
250	256	0.000012569
250	256	0.000008316
250	256	0.000008311
250	256	0.000008153
250	256	0.000008566
250	256	0.000008135
250	256	0.000008519
250	256	0.000007977
250	256	0.000007960
250	256	0.000007967
250	256	0.000008311
250	256	0.000008598
250	256	0.000008599
250	256	0.000008505
250	256	0.000007967
250	256	0.000008891
250	256	0.000008318
250	256	0.000008372
250	256	0.000008952
250	256	0.000008554
250	256	0.000008964
250	256	0.000008999
250	256	0.000008638
250	256	0.000008833
250	256	0.000009003
250	256	0.000008587
250	256	0.000008591
250	256	0.000008607
250	256	0.000008981
250	256	0.000008550
250	256	0.000008576
250	256	0.000008587
250	256	0.000008582
250	256	0.000008993
250	256	0.000008590
250	256	0.000008586
250	256	0.000008980
250	256	0.000010035
250	256	0.000013151
250	256	0.000008323
250	256	0.000007961
250	256	0.000014113
250	256	0.000006450
250	256	0.000008306
250	256	0.000008315
250	256	0.000019063
250	256	0.000008293
250	256	0.000008333
250	256	0.000010473
250	256	0.000007979
250	256	0.000016282
250	256	0.000013958
250	256	0.000008328
250	256	0.000011340
250	256	0.000008355
250	256	0.000009727
250	256	0.000008541
250	256	0.000007961
250	256	0.000007970
250	256	0.000007979
250	256	0.000008307
250	256	0.000011740
250	256	0.000008166
250	256	0.000008156
250	256	0.000008183
250	256	0.000007974
250	256	0.000007960
250	256	0.000008297
250	256	0.000010551
250	256	0.000007955
250	256	0.000008532
250	256	0.000008521
250	256	0.000007962
250	256	0.000008322
250	256	0.000008326
250	256	0.000013159
250	256	0.000014864
250	256	0.000013332
250	256	0.000009359
250	256	0.000015419
250	256	0.000013243
250	256	0.000008367
250	256	0.000008353
250	256	0.000007961
250	256	0.000009675
250	256	0.000010802
250	256	0.000011335
250	256	0.000012102
250	256	0.000010353
250	256	0.000007952
250	380	0.000011573
250	380	0.000008648
250	380	0.000013964
250	380	0.000014908
250	380	0.000008764
250	380	0.000008772
250	380	0.000009062
250	380	0.000008623
250	380	0.000011789
250	380	0.000009047
250	380	0.000009028
250	380	0.000009507
250	380	0.000008773
250	380	0.000008760
250	380	0.000009062
250	380	0.000009068
250	380	0.000008329
250	380	0.000008645
250	380	0.000008838
250	380	0.000008620
250	380	0.000009033
250	380	0.000012595
250	380	0.000009687
250	380	0.000012819
250	380	0.000008773
250	380	0.000008342
250	380	0.000009006
250	380	0.000009300
250	380	0.000011574
250	380	0.000011610
250	380	0.000008744
250	380	0.000009058
250	380	0.000012385
250	380	0.000011818
250	380	0.000013305
250	380	0.000008115
250	380	0.000008875
250	380	0.000009057
250	380	0.000012388
250	380	0.000010921
250	380	0.000009037
250	380	0.000017116
250	380	0.000016938
250	380	0.000012827
250	380	0.000010287
250	380	0.000011211
250	380	0.000011227
250	380	0.000014715
250	380	0.000009079
250	380	0.000009546
250	380	0.000014806
250	380	0.000010396
250	380	0.000012367
250	380	0.000011206
250	380	0.000008793
250	380	0.000009450
250	380	0.000008770
250	380	0.000018441
250	380	0.000008775
250	380	0.000008972
250	380	0.000010125
250	380	0.000010611
250	380	0.000008971
250	380	0.000008744
250	380	0.000008978
250	380	0.000008743
250	380	0.000008657
250	380	0.000012405
250	380	0.000009274
250	380	0.000009003
250	380	0.000008971
250	380	0.000009754
250	380	0.000008757
250	380	0.000012803
250	380	0.000008763
250	380	0.000009061
250	380	0.000009039
250	380	0.000009185
250	380	0.000013252
250	380	0.000013314
250	380	0.000011265
250	380	0.000008768
250	380	0.000008749
250	380	0.000018901
250	380	0.000013545
250	380	0.000009193
250	380	0.000012816
250	380	0.000011993
250	380	0.000013276
250	380	0.000010922
250	380	0.000009443
250	380	0.000009505
250	380	0.000009189
250	380	0.000015999
250	380	0.000010507
250	380	0.000008966
250	380	0.000008639
250	380	0.000012376
250	380	0.000011985
250	380	0.000010886
250	510	0.000015576
250	510	0.000012339
250	510	0.000011663
250	510	0.000009969
250	510	0.000009129
250	510	0.000010225
250	510	0.000014622
250	510	0.000011783
250	510	0.000010225
250	510	0.000010236
250	510	0.000010653
250	510	0.000014064
250	510	0.000011920
250	510	0.000016223
250	510	0.000011177
250	510	0.000011476
250	510	0.000011468
250	510	0.000013254
250	510	0.000010854
250	510	0.000010934
250	510	0.000011149
250	510	0.000011168
250	510	0.000017650
250	510	0.000015028
250	510	0.000010875
250	510	0.000011199
250	510	0.000010878
250	510	0.000010875
250	510	0.000010923
250	510	0.000015054
250	510	0.000012123
250	510	0.000009773
250	510	0.000014008
250	510	0.000011638
250	510	0.000010344
250	510	0.000012271
250	510	0.000010897
250	510	0.000010360
250	510	0.000010619
250	510	0.000010617
250	510	0.000010249
250	510	0.000010653
250	510	0.000010361
250	510	0.000022929
250	510	0.000010873
250	510	0.000010612
250	510	0.000010651
250	510	0.000010351
250	510	0.000010334
250	510	0.000010896
250	510	0.000010663
250	510	0.000012761
250	510	0.000010909
250	510	0.000010876
250	510	0.000010931
250	510	0.000010336
250	510	0.000013711
250	510	0.000011455
250	510	0.000010632
250	510	0.000013661
250	510	0.000011479
250	510	0.000010372
250	510	0.000014077
250	510	0.000017675
250	510	0.000015616
250	510	0.000012729
250	510	0.000011152
250	510	0.000015066
250	510	0.000010752
250	510	0.000009713
250	510	0.000010905
250	510	0.000013259
250	510	0.000010637
250	510	0.000010897
250	510	0.000010327
250	510	0.000009754
250	510	0.000010633
250	510	0.000014558
250	510	0.000011578
250	510	0.000010900
250	510	0.000023632
250	510	0.000013240
250	510	0.000011478
250	510	0.000014519
250	510	0.000011067
250	510	0.000135982
250	510	0.000014170
250	510	0.000010918
250	510	0.000010607
250	510	0.000015068
250	510	0.000012102
250	510	0.000015707
250	510	0.000014182
250	510	0.000010599
250	510	0.000013666
250	510	0.000015720
250	510	0.000013249
250	510	0.000017473
250	510	0.000010634
250	510	0.000016943
250	600	0.000018024
250	600	0.000013609
250	600	0.000015045
250	600	0.000014257
250	600	0.000013828
250	600	0.000016327
250	600	0.000013586
250	600	0.000013609
250	600	0.000018507
250	600	0.000020928
250	600	0.000025380
250	600	0.000015061
250	600	0.000013549
250	600	0.000018360
250	600	0.000013295
250	600	0.000013606
250	600	0.000013188
250	600	0.000025312
250	600	0.000014759
250	600	0.000018312
250	600	0.000019474
250	600	0.000013287
250	600	0.000021786
250	600	0.000023522
250	600	0.000015886
250	600	0.000013913
250	600	0.000014599
250	600	0.000013154
250	600	0.000014276
250	600	0.000017560
250	600	0.000013936
250	600	0.000013942
250	600	0.000013636
250	600	0.000015909
250	600	0.000014280
250	600	0.000013508
250	600	0.000013498
250	600	0.000013901
250	600	0.000013899
250	600	0.000013621
250	600	0.000013929
250	600	0.000019120
250	600	0.000020784
250	600	0.000014308
250	600	0.000017416
250	600	0.000017403
250	600	0.000017981
250	600	0.000017560
250	600	0.000017566
250	600	0.000017951
250	600	0.000017563
250	600	0.000017996
250	600	0.000017950
250	600	0.000016493
250	600	0.000016882
250	600	0.000016363
250	600	0.000016483
250	600	0.000016857
250	600	0.000016492
250	600	0.000016893
250	600	0.000016861
250	600	0.000020167
250	600	0.000020635
250	600	0.000020642
250	600	0.000020151
250	600	0.000020615
250	600	0.000020603
250	600	0.000023679
250	600	0.000023690
250	600	0.000013564
250	600	0.000017940
250	600	0.000014816
250	600	0.000013626
250	600	0.000013160
250	600	0.000017969
250	600	0.000022274
250	600	0.000013901
250	600	0.000017952
250	600	0.000012767
250	600	0.000017940
250	600	0.000022282
250	600	0.000017781
250	600	0.000022275
250	600	0.000013562
250	600	0.000013573
250	600	0.000013594
250	600	0.000017579
250	600	0.000015079
250	600	0.000019205
250	600	0.000015564
250	600	0.000013269
250	600	0.000018170
250	600	0.000013597
250	600	0.000013897
250	600	0.000018004
250	600	0.000017008
250	600	0.000020419
250	600	0.000020923
250	600	0.000016376
250	600	0.000023210
380	128	0.000008060
380	128	0.000006668
380	128	0.000006510
380	128	0.000006504
380	128	0.000009827
380	128	0.000007035
380	128	0.000008026
380	128	0.000011085
380	128	0.000007021
380	128	0.000006996
380	128	0.000006817
380	128	0.000008603
380	128	0.000006799
380	128	0.000006490
380	128	0.000009194
380	128	0.000006681
380	128	0.000007050
380	128	0.000006826
380	128	0.000006473
380	128	0.000006552
380	128	0.000012083
380	128	0.000006683
380	128	0.000012083
380	128	0.000008299
380	128	0.000009104
380	128	0.000007223
380	128	0.000007241
380	128	0.000006692
380	128	0.000006855
380	128	0.000009657
380	128	0.000006739
380	128	0.000006627
380	128	0.000007224
380	128	0.000007022
380	128	0.000007039
380	128	0.000007021
380	128	0.000006858
380	128	0.000011629
380	128	0.000007021
380	128	0.000007233
380	128	0.000006824
380	128	0.000008235
380	128	0.000009089
380	128	0.000008296
380	128	0.000006874
380	128	0.000007374
380	128	0.000006827
380	128	0.000010553
380	128	0.000009754
380	128	0.000006501
380	128	0.000009219
380	128	0.000006672
380	128	0.000006830
380	128	0.000011969
380	128	0.000006646
380	128	0.000006841
380	128	0.000008586
380	128	0.000006839
380	128	0.000006630
380	128	0.000006477
380	128	0.000008864
380	128	0.000006488
380	128	0.000006854
380	128	0.000009095
380	128	0.000007409
380	128	0.000005423
380	128	0.000007229
380	128	0.000007023
380	128	0.000007008
380	128	0.000007005
380	128	0.000007218
380	128	0.000007234
380	128	0.000006969
380	128	0.000008308
380	128	0.000008648
380	128	0.000008529
380	128	0.000008560
380	128	0.000008269
380	128	0.000008566
380	128	0.000008578
380	128	0.000008333
380	128	0.000010083
380	128	0.000010152
380	128	0.000010107
380	128	0.000009872
380	128	0.000009839
380	128	0.000067852
380	128	0.000010974
380	128	0.000010648
380	128	0.000010939
380	128	0.000010687
380	128	0.000010640
380	128	0.000010626
380	128	0.000011555
380	128	0.000011918
380	128	0.000011569
380	128	0.000011573
380	128	0.000011562
380	128	0.000011590
380	128	0.000011941
380	256	0.000015948
380	256	0.000016354
380	256	0.000016985
380	256	0.000012988
380	256	0.000013987
380	256	0.000014934
380	256	0.000012036
380	256	0.000012320
380	256	0.000012221
380	256	0.000012046
380	256	0.000017855
380	256	0.000012044
380	256	0.000013076
380	256	0.000012987
380	256	0.000012181
380	256	0.000012336
380	256	0.000012299
380	256	0.000012193
380	256	0.000012217
380	256	0.000012645
380	256	0.000012059
380	256	0.000011175
380	256	0.000022877
380	256	0.000012495
380	256	0.000012511
380	256	0.000012639
380	256	0.000012017
380	256	0.000012177
380	256	0.000016143
380	256	0.000017604
380	256	0.000012798
380	256	0.000012181
380	256	0.000014482
380	256	0.000012188
380	256	0.000012312
380	256	0.000020549
380	256	0.000014685
380	256	0.000013497
380	256	0.000012523
380	256	0.000017017
380	256	0.000014377
380	256	0.000012049
380	256	0.000012652
380	256	0.000012171
380	256	0.000012040
380	256	0.000022438
380	256	0.000020320
380	256	0.000017014
380	256	0.000012826
380	256	0.000012606
380	256	0.000012633
380	256	0.000020737
380	256	0.000013476
380	256	0.000012519
380	256	0.000012021
380	256	0.000012052
380	256	0.000012010
380	256	0.000018104
380	256	0.000016699
380	256	0.000012364
380	256	0.000012479
380	256	0.000016449
380	256	0.000012344
380	256	0.000015939
380	256	0.000012405
380	256	0.000016469
380	256	0.000015654
380	256	0.000016855
380	256	0.000014932
380	256	0.000021751
380	256	0.000012529
380	256	0.000014712
380	256	0.000012843
380	256	0.000015986
380	256	0.000025976
380	256	0.000017040
380	256	0.000012030
380	256	0.000027569
380	256	0.000013695
380	256	0.000012023
380	256	0.000017600
380	256	0.000011423
380	256	0.000012204
380	256	0.000016116
380	256	0.000012039
380	256	0.000012014
380	256	0.000014703
380	256	0.000012336
380	256	0.000012030
380	256	0.000022994
380	256	0.000017626
380	256	0.000014535
380	256	0.000016138
380	256	0.000011660
380	256	0.000015428
380	256	0.000012217
380	256	0.000014685
380	256	0.000012677
380	256	0.000012659
380	256	0.000017620
380	380	0.000016806
380	380	0.000016068
380	380	0.000017942
380	380	0.000018201
380	380	0.000014952
380	380	0.000018808
380	380	0.000015381
380	380	0.000013165
380	380	0.000013507
380	380	0.000013975
380	380	0.000013844
380	380	0.000015903
380	380	0.000014145
380	380	0.000018623
380	380	0.000015181
380	380	0.000013650
380	380	0.000013460
380	380	0.000016268
380	380	0.000013327
380	380	0.000013134
380	380	0.000017603
380	380	0.000013841
380	380	0.000013985
380	380	0.000019756
380	380	0.000013998
380	380	0.000013844
380	380	0.000013841
380	380	0.000027372
380	380	0.000013828
380	380	0.000020760
380	380	0.000015589
380	380	0.000013176
380	380	0.000013194
380	380	0.000015010
380	380	0.000013647
380	380	0.000019323
380	380	0.000018978
380	380	0.000013107
380	380	0.000013485
380	380	0.000014160
380	380	0.000028739
380	380	0.000018795
380	380	0.000013325
380	380	0.000013327
380	380	0.000018197
380	380	0.000018007
380	380	0.000019988
380	380	0.000013536
380	380	0.000013517
380	380	0.000013492
380	380	0.000014242
380	380	0.000019136
380	380	0.000017443
380	380	0.000014758
380	380	0.000029865
380	380	0.000013158
380	380	0.000016303
380	380	0.000022309
380	380	0.000014941
380	380	0.000017453
380	380	0.000017624
380	380	0.000025105
380	380	0.000019911
380	380	0.000013804
380	380	0.000018628
380	380	0.000012507
380	380	0.000013335
380	380	0.000013317
380	380	0.000023492
380	380	0.000014763
380	380	0.000018613
380	380	0.000013148
380	380	0.000013329
380	380	0.000019534
380	380	0.000013155
380	380	0.000013174
380	380	0.000018030
380	380	0.000018197
380	380	0.000013177
380	380	0.000013643
380	380	0.000021341
380	380	0.000018179
380	380	0.000019306
380	380	0.000012530
380	380	0.000017382
380	380	0.000014617
380	380	0.000022566
380	380	0.000013503
380	380	0.000014612
380	380	0.000018305
380	380	0.000013658
380	380	0.000013308
380	380	0.000013173
380	380	0.000013201
380	380	0.000014022
380	380	0.000014006
380	380	0.000013163
380	380	0.000025924
380	380	0.000013208
380	380	0.000013152
380	510	0.000026522
380	510	0.000015733
380	510	0.000015601
380	510	0.000024444
380	510	0.000016965
380	510	0.000015611
380	510	0.000015738
380	510	0.000019849
380	510	0.000015607
380	510	0.000014705
380	510	0.000015972
380	510	0.000015505
380	510	0.000015603
380	510	0.000026074
380	510	0.000022019
380	510	0.000016510
380	510	0.000015573
380	510	0.000015722
380	510	0.000021288
380	510	0.000016124
380	510	0.000016128
380	510	0.000022045
380	510	0.000017385
380	510	0.000016403
380	510	0.000017732
380	510	0.000016097
380	510	0.000015721
380	510	0.000021486
380	510	0.000024145
380	510	0.000022960
380	510	0.000024796
380	510	0.000015977
380	510	0.000024601
380	510	0.000023032
380	510	0.000015746
380	510	0.000018254
380	510	0.000018434
380	510	0.000018265
380	510	0.000018263
380	510	0.000018251
380	510	0.000018447
380	510	0.000018404
380	510	0.000018420
380	510	0.000018395
380	510	0.000018172
380	510	0.000018256
380	510	0.000018197
380	510	0.000018289
380	510	0.000018274
380	510	0.000015583
380	510	0.000024821
380	510	0.000014733
380	510	0.000015594
380	510	0.000015615
380	510	0.000021847
380	510	0.000015737
380	510	0.000015935
380	510	0.000017191
380	510	0.000023334
380	510	0.000029319
380	510	0.000023629
380	510	0.000023363
380	510	0.000023032
380	510	0.000020002
380	510	0.000016838
380	510	0.000021821
380	510	0.000017305
380	510	0.000022821
380	510	0.000015936
380	510	0.000020875
380	510	0.000023057
380	510	0.000015571
380	510	0.000015601
380	510	0.000021627
380	510	0.000015123
380	510	0.000016376
380	510	0.000026608
380	510	0.000017312
380	510	0.000016376
380	510	0.000016414
380	510	0.000015945
380	510	0.000015986
380	510	0.000016120
380	510	0.000019372
380	510	0.000016540
380	510	0.000015999
380	510	0.000015347
380	510	0.000015600
380	510	0.000014736
380	510	0.000021726
380	510	0.000015961
380	510	0.000022126
380	510	0.000019546
380	510	0.000024615
380	510	0.000015989
380	510	0.000022849
380	510	0.000015652
380	510	0.000016144
380	510	0.000014950
380	510	0.000015596
380	600	0.000031730
380	600	0.000022372
380	600	0.000027396
380	600	0.000027250
380	600	0.000025374
380	600	0.000018663
380	600	0.000018273
380	600	0.000020213
380	600	0.000021227
380	600	0.000021638
380	600	0.000037444
380	600	0.000028732
380	600	0.000029119
380	600	0.000020181
380	600	0.000019994
380	600	0.000032867
380	600	0.000024112
380	600	0.000020198
380	600	0.000020166
380	600	0.000026583
380	600	0.000020190
380	600	0.000023505
380	600	0.000062303
380	600	0.000027032
380	600	0.000027610
380	600	0.000020695
380	600	0.000020719
380	600	0.000020540
380	600	0.000020038
380	600	0.000027505
380	600	0.000021251
380	600	0.000024912
380	600	0.000027641
380	600	0.000020689
380	600	0.000040890
380	600	0.000020208
380	600	0.000020180
380	600	0.000027384
380	600	0.000020713
380	600	0.000030469
380	600	0.000025087
380	600	0.000025887
380	600	0.000024188
380	600	0.000025856
380	600	0.000026075
380	600	0.000024912
380	600	0.000026570
380	600	0.000020692
380	600	0.000020722
380	600	0.000020723
380	600	0.000020177
380	600	0.000025084
380	600	0.000026156
380	600	0.000020051
380	600	0.000020033
380	600	0.000020044
380	600	0.000021677
380	600	0.000027610
380	600	0.000027328
380	600	0.000020709
380	600	0.000026518
380	600	0.000020058
380	600	0.000020044
380	600	0.000021059
380	600	0.000031614
380	600	0.000025863
380	600	0.000025627
380	600	0.000031846
380	600	0.000020536
380	600	0.000020538
380	600	0.000028521
380	600	0.000020203
380	600	0.000024400
380	600	0.000030469
380	600	0.000026607
380	600	0.000020697
380	600	0.000027410
380	600	0.000020692
380	600	0.000020035
380	600	0.000020161
380	600	0.000020164
380	600	0.000025229
380	600	0.000027585
380	600	0.000028351
380	600	0.000027616
380	600	0.000021784
380	600	0.000020057
380	600	0.000028232
380	600	0.000027413
380	600	0.000030472
380	600	0.000020064
380	600	0.000019390
380	600	0.000024869
380	600	0.000037810
380	600	0.000020206
380	600	0.000020059
380	600	0.000027599
380	600	0.000027320
380	600	0.000028506
380	600	0.000027406
510	128	0.000010101
510	128	0.000010603
510	128	0.000023694
510	128	0.000011846
510	128	0.000011206
510	128	0.000008274
510	128	0.000008189
510	128	0.000008778
510	128	0.000015038
510	128	0.000009108
510	128	0.000009611
510	128	0.000011301
510	128	0.000015301
510	128	0.000009038
510	128	0.000008691
510	128	0.000008667
510	128	0.000008658
510	128	0.000009734
510	128	0.000009850
510	128	0.000009523
510	128	0.000013921
510	128	0.000011487
510	128	0.000008769
510	128	0.000010259
510	128	0.000014829
510	128	0.000016744
510	128	0.000008678
510	128	0.000012844
510	128	0.000008642
510	128	0.000008842
510	128	0.000012860
510	128	0.000008709
510	128	0.000008661
510	128	0.000012688
510	128	0.000009003
510	128	0.000012582
510	128	0.000010217
510	128	0.000009101
510	128	0.000009229
510	128	0.000013840
510	128	0.000008778
510	128	0.000012721
510	128	0.000008874
510	128	0.000009541
510	128	0.000012039
510	128	0.000009754
510	128	0.000011849
510	128	0.000011443
510	128	0.000013517
510	128	0.000009770
510	128	0.000009777
510	128	0.000012241
510	128	0.000008653
510	128	0.000010024
510	128	0.000009083
510	128	0.000010935
510	128	0.000009113
510	128	0.000010128
510	128	0.000009741
510	128	0.000008861
510	128	0.000016532
510	128	0.000008803
510	128	0.000009115
510	128	0.000012279
510	128	0.000011233
510	128	0.000008789
510	128	0.000008659
510	128	0.000015501
510	128	0.000015611
510	128	0.000009215
510	128	0.000012381
510	128	0.000013126
510	128	0.000010759
510	128	0.000009520
510	128	0.000009542
510	128	0.000008779
510	128	0.000011639
510	128	0.000009643
510	128	0.000008674
510	128	0.000011468
510	128	0.000009569
510	128	0.000008765
510	128	0.000009511
510	128	0.000011458
510	128	0.000014936
510	128	0.000010139
510	128	0.000012205
510	128	0.000009488
510	128	0.000009251
510	128	0.000009021
510	128	0.000008957
510	128	0.000010022
510	128	0.000009203
510	128	0.000008709
510	128	0.000008796
510	128	0.000017693
510	128	0.000008873
510	128	0.000009017
510	128	0.000008969
510	128	0.000009119
510	256	0.000018315
510	256	0.000024877
510	256	0.000021450
510	256	0.000019542
510	256	0.000022192
510	256	0.000017091
510	256	0.000017076
510	256	0.000016223
510	256	0.000016988
510	256	0.000022433
510	256	0.000016215
510	256	0.000023788
510	256	0.000021896
510	256	0.000016210
510	256	0.000023657
510	256	0.000024949
510	256	0.000029338
510	256	0.000025570
510	256	0.000016979
510	256	0.000019010
510	256	0.000016231
510	256	0.000016233
510	256	0.000027521
510	256	0.000020481
510	256	0.000016123
510	256	0.000022009
510	256	0.000016512
510	256	0.000016234
510	256	0.000016126
510	256	0.000024842
510	256	0.000016976
510	256	0.000020688
510	256	0.000016660
510	256	0.000016938
510	256	0.000022163
510	256	0.000016607
510	256	0.000014554
510	256	0.000012869
510	256	0.000026035
510	256	0.000018805
510	256	0.000020005
510	256	0.000017824
510	256	0.000016978
510	256	0.000021469
510	256	0.000016968
510	256	0.000016641
510	256	0.000021471
510	256	0.000017870
510	256	0.000017386
510	256	0.000016229
510	256	0.000016220
510	256	0.000030012
510	256	0.000017058
510	256	0.000016221
510	256	0.000022421
510	256	0.000029588
510	256	0.000016651
510	256	0.000017737
510	256	0.000029974
510	256	0.000027300
510	256	0.000017838
510	256	0.000020805
510	256	0.000020477
510	256	0.000016647
510	256	0.000017362
510	256	0.000017407
510	256	0.000022958
510	256	0.000019894
510	256	0.000016996
510	256	0.000028701
510	256	0.000016987
510	256	0.000019194
510	256	0.000030689
510	256	0.000021483
510	256	0.000016988
510	256	0.000019153
510	256	0.000018491
510	256	0.000016963
510	256	0.000017046
510	256	0.000023198
510	256	0.000025599
510	256	0.000015646
510	256	0.000018296
510	256	0.000016975
510	256	0.000025235
510	256	0.000021105
510	256	0.000018313
510	256	0.000026778
510	256	0.000017041
510	256	0.000017866
510	256	0.000017827
510	256	0.000016247
510	256	0.000016990
510	256	0.000033461
510	256	0.000027009
510	256	0.000016646
510	256	0.000015407
510	256	0.000020160
510	256	0.000017083
510	256	0.000017055
510	380	0.000047949
510	380	0.000026651
510	380	0.000025269
510	380	0.000018944
510	380	0.000025771
510	380	0.000021542
510	380	0.000017879
510	380	0.000018999
510	380	0.000018983
510	380	0.000017589
510	380	0.000023648
510	380	0.000017611
510	380	0.000018498
510	380	0.000025386
510	380	0.000018300
510	380	0.000019416
510	380	0.000025223
510	380	0.000017856
510	380	0.000023613
510	380	0.000027781
510	380	0.000018458
510	380	0.000023576
510	380	0.000020465
510	380	0.000021540
510	380	0.000018468
510	380	0.000017604
510	380	0.000023827
510	380	0.000025227
510	380	0.000017855
510	380	0.000025252
510	380	0.000027444
510	380	0.000018976
510	380	0.000017855
510	380	0.000019761
510	380	0.000026873
510	380	0.000017872
510	380	0.000022729
510	380	0.000020449
510	380	0.000025804
510	380	0.000017888
510	380	0.000025210
510	380	0.000025411
510	380	0.000019460
510	380	0.000026114
510	380	0.000024963
510	380	0.000024722
510	380	0.000017868
510	380	0.000023485
510	380	0.000025280
510	380	0.000018457
510	380	0.000017860
510	380	0.000024414
510	380	0.000021243
510	380	0.000018455
510	380	0.000028185
510	380	0.000016557
510	380	0.000018959
510	380	0.000018286
510	380	0.000017864
510	380	0.000018464
510	380	0.000017843
510	380	0.000018492
510	380	0.000033163
510	380	0.000036617
510	380	0.000026320
510	380	0.000021503
510	380	0.000023315
510	380	0.000020350
510	380	0.000026119
510	380	0.000023674
510	380	0.000019527
510	380	0.000020403
510	380	0.000033672
510	380	0.000025249
510	380	0.000017609
510	380	0.000021990
510	380	0.000016474
510	380	0.000017845
510	380	0.000017860
510	380	0.000032041
510	380	0.000018036
510	380	0.000031855
510	380	0.000026142
510	380	0.000020243
510	380	0.000026910
510	380	0.000029266
510	380	0.000025813
510	380	0.000018535
510	380	0.000018479
510	380	0.000018292
510	380	0.000018318
510	380	0.000017372
510	380	0.000017833
510	380	0.000017842
510	380	0.000031559
510	380	0.000024437
510	380	0.000020247
510	380	0.000017643
510	380	0.000025278
510	380	0.000026142
510	510	0.000029660
510	510	0.000021623
510	510	0.000032652
510	510	0.000024701
510	510	0.000039444
510	510	0.000029471
510	510	0.000020849
510	510	0.000021108
510	510	0.000036012
510	510	0.000021732
510	510	0.000026351
510	510	0.000024065
510	510	0.000021720
510	510	0.000027064
510	510	0.000021740
510	510	0.000022624
510	510	0.000026975
510	510	0.000020844
510	510	0.000020869
510	510	0.000021733
510	510	0.000019761
510	510	0.000023849
510	510	0.000020851
510	510	0.000022243
510	510	0.000021654
510	510	0.000036839
510	510	0.000028818
510	510	0.000020827
510	510	0.000026389
510	510	0.000037097
510	510	0.000021103
510	510	0.000021077
510	510	0.000027803
510	510	0.000024703
510	510	0.000030311
510	510	0.000022707
510	510	0.000027884
510	510	0.000022241
510	510	0.000022270
510	510	0.000021910
510	510	0.000028822
510	510	0.000030889
510	510	0.000024648
510	510	0.000036423
510	510	0.000027910
510	510	0.000028703
510	510	0.000028718
510	510	0.000027554
510	510	0.000026157
510	510	0.000027894
510	510	0.000027904
510	510	0.000027884
510	510	0.000033264
510	510	0.000033229
510	510	0.000021087
510	510	0.000021096
510	510	0.000021697
510	510	0.000021921
510	510	0.000021631
510	510	0.000031969
510	510	0.000022164
510	510	0.000029625
510	510	0.000028568
510	510	0.000030372
510	510	0.000023433
510	510	0.000021108
510	510	0.000021725
510	510	0.000028837
510	510	0.000028494
510	510	0.000024720
510	510	0.000022242
510	510	0.000023407
510	510	0.000022244
510	510	0.000029661
510	510	0.000021713
510	510	0.000028289
510	510	0.000021609
510	510	0.000021080
510	510	0.000035626
510	510	0.000027895
510	510	0.000021071
510	510	0.000021713
510	510	0.000021087
510	510	0.000019758
510	510	0.000044503
510	510	0.000021080
510	510	0.000021104
510	510	0.000024689
510	510	0.000022179
510	510	0.000021091
510	510	0.000036024
510	510	0.000020531
510	510	0.000021073
510	510	0.000021716
510	510	0.000021728
510	510	0.000033289
510	510	0.000037302
510	510	0.000022820
510	510	0.000021699
510	510	0.000031677
510	600	0.000054956
510	600	0.000043819
510	600	0.000035734
510	600	0.000039231
510	600	0.000044417
510	600	0.000030537
510	600	0.000034498
510	600	0.000031172
510	600	0.000028207
510	600	0.000024679
510	600	0.000027073
510	600	0.000030000
510	600	0.000038327
510	600	0.000027072
510	600	0.000045033
510	600	0.000047937
510	600	0.000035482
510	600	0.000033839
510	600	0.000027505
510	600	0.000028402
510	600	0.000028386
510	600	0.000027744
510	600	0.000035471
510	600	0.000040230
510	600	0.000034695
510	600	0.000034367
510	600	0.000035485
510	600	0.000034702
510	600	0.000042076
510	600	0.000040755
510	600	0.000042042
510	600	0.000042041
510	600	0.000042045
510	600	0.000042035
510	600	0.000049352
510	600	0.000058189
510	600	0.000048303
510	600	0.000027691
510	600	0.000027050
510	600	0.000034510
510	600	0.000026833
510	600	0.000034168
510	600	0.000041021
510	600	0.000040500
510	600	0.000033650
510	600	0.000027748
510	600	0.000033440
510	600	0.000045414
510	600	0.000042959
510	600	0.000028391
510	600	0.000027767
510	600	0.000034135
510	600	0.000032036
510	600	0.000029108
510	600	0.000027706
510	600	0.000038442
510	600	0.000027701
510	600	0.000033748
510	600	0.000027744
510	600	0.000033153
510	600	0.000028387
510	600	0.000028389
510	600	0.000028196
510	600	0.000032251
510	600	0.000044496
510	600	0.000033811
510	600	0.000038269
510	600	0.000031719
510	600	0.000036368
510	600	0.000042687
510	600	0.000028379
510	600	0.000029119
510	600	0.000028476
510	600	0.000032670
510	600	0.000040275
510	600	0.000029402
510	600	0.000036437
510	600	0.000034390
510	600	0.000034115
510	600	0.000033895
510	600	0.000087493
510	600	0.000029137
510	600	0.000033653
510	600	0.000027084
510	600	0.000035808
510	600	0.000033645
510	600	0.000027700
510	600	0.000036084
510	600	0.000031541
510	600	0.000027682
510	600	0.000034431
510	600	0.000027100
510	600	0.000031711
510	600	0.000039387
510	600	0.000027705
510	600	0.000035506
510	600	0.000030002
510	600	0.000027068
510	600	0.000037892
510	600	0.000030848
600	128	0.000022934
600	128	0.000014576
600	128	0.000013038
600	128	0.000015484
600	128	0.000012085
600	128	0.000010447
600	128	0.000009503
600	128	0.000011184
600	128	0.000034922
600	128	0.000012074
600	128	0.000010859
600	128	0.000010573
600	128	0.000013120
600	128	0.000015320
600	128	0.000022036
600	128	0.000011535
600	128	0.000010359
600	128	0.000014819
600	128	0.000012403
600	128	0.000013264
600	128	0.000010861
600	128	0.000010705
600	128	0.000010814
600	128	0.000010181
600	128	0.000015842
600	128	0.000013637
600	128	0.000012673
600	128	0.000015705
600	128	0.000011781
600	128	0.000011760
600	128	0.000019776
600	128	0.000010189
600	128	0.000011187
600	128	0.000010328
600	128	0.000010191
600	128	0.000010315
600	128	0.000014824
600	128	0.000016993
600	128	0.000011322
600	128	0.000013493
600	128	0.000017662
600	128	0.000016414
600	128	0.000010169
600	128	0.000011218
600	128	0.000023010
600	128	0.000010330
600	128	0.000010266
600	128	0.000010319
600	128	0.000013703
600	128	0.000011438
600	128	0.000022293
600	128	0.000016402
600	128	0.000012470
600	128	0.000014386
600	128	0.000013018
600	128	0.000010589
600	128	0.000010553
600	128	0.000013645
600	128	0.000011186
600	128	0.000026140
600	128	0.000010429
600	128	0.000010241
600	128	0.000018418
600	128	0.000016916
600	128	0.000010354
600	128	0.000015682
600	128	0.000013451
600	128	0.000012104
600	128	0.000011166
600	128	0.000016090
600	128	0.000024961
600	128	0.000011176
600	128	0.000011219
600	128	0.000018358
600	128	0.000012461
600	128	0.000010190
600	128	0.000011777
600	128	0.000014981
600	128	0.000011489
600	128	0.000012141
600	128	0.000010851
600	128	0.000014804
600	128	0.000011781
600	128	0.000011754
600	128	0.000010289
600	128	0.000053198
600	128	0.000015841
600	128	0.000010862
600	128	0.000017034
600	128	0.000011763
600	128	0.000010327
600	128	0.000010207
600	128	0.000023336
600	128	0.000012426
600	128	0.000010292
600	128	0.000011483
600	128	0.000010305
600	128	0.000010349
600	128	0.000010317
600	128	0.000022315
600	256	0.000017689
600	256	0.000025642
600	256	0.000020464
600	256	0.000025244
600	256	0.000024074
600	256	0.000019095
600	256	0.000018927
600	256	0.000019085
600	256	0.000026106
600	256	0.000019075
600	256	0.000027141
600	256	0.000023357
600	256	0.000019560
600	256	0.000018911
600	256	0.000019950
600	256	0.000034139
600	256	0.000027704
600	256	0.000021571
600	256	0.000029482
600	256	0.000019979
600	256	0.000034643
600	256	0.000025806
600	256	0.000020551
600	256	0.000020994
600	256	0.000033328
600	256	0.000020616
600	256	0.000019892
600	256	0.000030065
600	256	0.000020987
600	256	0.000026417
600	256	0.000027960
600	256	0.000026089
600	256	0.000024075
600	256	0.000020470
600	256	0.000025252
600	256	0.000019576
600	256	0.000019102
600	256	0.000025236
600	256	0.000019958
600	256	0.000026980
600	256	0.000022367
600	256	0.000026427
600	256	0.000031313
600	256	0.000024462
600	256	0.000019976
600	256	0.000019102
600	256	0.000026426
600	256	0.000019932
600	256	0.000019095
600	256	0.000020086
600	256	0.000026077
600	256	0.000029000
600	256	0.000020461
600	256	0.000031761
600	256	0.000027935
600	256	0.000031357
600	256	0.000019929
600	256	0.000027000
600	256	0.000024086
600	256	0.000023492
600	256	0.000021757
600	256	0.000019099
600	256	0.000019949
600	256	0.000019912
600	256	0.000025758
600	256	0.000022142
600	256	0.000020080
600	256	0.000034898
600	256	0.000019249
600	256	0.000020417
600	256	0.000039891
600	256	0.000026398
600	256	0.000030320
600	256	0.000025453
600	256	0.000020080
600	256	0.000020082
600	256	0.000025647
600	256	0.000029879
600	256	0.000027442
600	256	0.000020449
600	256	0.000020459
600	256	0.000017383
600	256	0.000020093
600	256	0.000030122
600	256	0.000019103
600	256	0.000030097
600	256	0.000017931
600	256	0.000031322
600	256	0.000019038
600	256	0.000019915
600	256	0.000026063
600	256	0.000028919
600	256	0.000019064
600	256	0.000034699
600	256	0.000019071
600	256	0.000025947
600	256	0.000019570
600	256	0.000022263
600	256	0.000029011
600	256	0.000024836
600	380	0.000030710
600	380	0.000027758
600	380	0.000033094
600	380	0.000029536
600	380	0.000024097
600	380	0.000027645
600	380	0.000022069
600	380	0.000028837
600	380	0.000021518
600	380	0.000028486
600	380	0.000021711
600	380	0.000026527
600	380	0.000031805
600	380	0.000032623
600	380	0.000019422
600	380	0.000021013
600	380	0.000021716
600	380	0.000020980
600	380	0.000021726
600	380	0.000020981
600	380	0.000034446
600	380	0.000021720
600	380	0.000029435
600	380	0.000031446
600	380	0.000021502
600	380	0.000021736
600	380	0.000025549
600	380	0.000021722
600	380	0.000020980
600	380	0.000021713
600	380	0.000021746
600	380	0.000027262
600	380	0.000038855
600	380	0.000031798
600	380	0.000026093
600	380	0.000033460
600	380	0.000020700
600	380	0.000021017
600	380	0.000020996
600	380	0.000027346
600	380	0.000023140
600	380	0.000021535
600	380	0.000027770
600	380	0.000021548
600	380	0.000022842
600	380	0.000029704
600	380	0.000029459
600	380	0.000027563
600	380	0.000024060
600	380	0.000021029
600	380	0.000020984
600	380	0.000032960
600	380	0.000021745
600	380	0.000029870
600	380	0.000024779
600	380	0.000022075
600	380	0.000022817
600	380	0.000030722
600	380	0.000025454
600	380	0.000029691
600	380	0.000024261
600	380	0.000019368
600	380	0.000021711
600	380	0.000021008
600	380	0.000028740
600	380	0.000021766
600	380	0.000019925
600	380	0.000025302
600	380	0.000025855
600	380	0.000019731
600	380	0.000044806
600	380	0.000028882
600	380	0.000021028
600	380	0.000026821
600	380	0.000027552
600	380	0.000032115
600	380	0.000022655
600	380	0.000027869
600	380	0.000030283
600	380	0.000021501
600	380	0.000021735
600	380	0.000021506
600	380	0.000026577
600	380	0.000022063
600	380	0.000021024
600	380	0.000026093
600	380	0.000025350
600	380	0.000021711
600	380	0.000029276
600	380	0.000035180
600	380	0.000027012
600	380	0.000020940
600	380	0.000020685
600	380	0.000021700
600	380	0.000021023
600	380	0.000021006
600	380	0.000022303
600	380	0.000020979
600	380	0.000029280
600	380	0.000026913
600	510	0.000032285
600	510	0.000029646
600	510	0.000039111
600	510	0.000029923
600	510	0.000026067
600	510	0.000029074
600	510	0.000030787
600	510	0.000032020
600	510	0.000024811
600	510	0.000031738
600	510	0.000026793
600	510	0.000031800
600	510	0.000034900
600	510	0.000025535
600	510	0.000033472
600	510	0.000027925
600	510	0.000033196
600	510	0.000026070
600	510	0.000026093
600	510	0.000024803
600	510	0.000024810
600	510	0.000025545
600	510	0.000031968
600	510	0.000033311
600	510	0.000037670
600	510	0.000031694
600	510	0.000026764
600	510	0.000047067
600	510	0.000036213
600	510	0.000025540
600	510	0.000033760
600	510	0.000033897
600	510	0.000025417
600	510	0.000042420
600	510	0.000024814
600	510	0.000024827
600	510	0.000040115
600	510	0.000029569
600	510	0.000024811
600	510	0.000024802
600	510	0.000024806
600	510	0.000036859
600	510	0.000033172
600	510	0.000029838
600	510	0.000043300
600	510	0.000025538
600	510	0.000026876
600	510	0.000034892
600	510	0.000035068
600	510	0.000024805
600	510	0.000044641
600	510	0.000027385
600	510	0.000024501
600	510	0.000027495
600	510	0.000033012
600	510	0.000028230
600	510	0.000025541
600	510	0.000025551
600	510	0.000025541
600	510	0.000028675
600	510	0.000037137
600	510	0.000025525
600	510	0.000026086
600	510	0.000036103
600	510	0.000025542
600	510	0.000025787
600	510	0.000034906
600	510	0.000024816
600	510	0.000026089
600	510	0.000026112
600	510	0.000025148
600	510	0.000034934
600	510	0.000028242
600	510	0.000024815
600	510	0.000030638
600	510	0.000025438
600	510	0.000025414
600	510	0.000032885
600	510	0.000053198
600	510	0.000027475
600	510	0.000033803
600	510	0.000038026
600	510	0.000024800
600	510	0.000024807
600	510	0.000025533
600	510	0.000137078
600	510	0.000030834
600	510	0.000033779
600	510	0.000026177
600	510	0.000029926
600	510	0.000033870
600	510	0.000038781
600	510	0.000031793
600	510	0.000032733
600	510	0.000037086
600	510	0.000025527
600	510	0.000025560
600	510	0.000041871
600	510	0.000030893
600	510	0.000039960
600	600	0.000041777
600	600	0.000035930
600	600	0.000040043
600	600	0.000044343
600	600	0.000031849
600	600	0.000030371
600	600	0.000029688
600	600	0.000029690
600	600	0.000031567
600	600	0.000039923
600	600	0.000039202
600	600	0.000058491
600	600	0.000038442
600	600	0.000032646
600	600	0.000031851
600	600	0.000032578
600	600	0.000032597
600	600	0.000031866
600	600	0.000066782
600	600	0.000031851
600	600	0.000050037
600	600	0.000040497
600	600	0.000032664
600	600	0.000035294
600	600	0.000044895
600	600	0.000032582
600	600	0.000032985
600	600	0.000038539
600	600	0.000049392
600	600	0.000035291
600	600	0.000034965
600	600	0.000031849
600	600	0.000031853
600	600	0.000040961
600	600	0.000034272
600	600	0.000043776
600	600	0.000037398
600	600	0.000039770
600	600	0.000039868
600	600	0.000035187
600	600	0.000032586
600	600	0.000032646
600	600	0.000032573
600	600	0.000030551
600	600	0.000032583
600	600	0.000032583
600	600	0.000036630
600	600	0.000081348
600	600	0.000041353
600	600	0.000032657
600	600	0.000032586
600	600	0.000039588
600	600	0.000037208
600	600	0.000032645
600	600	0.000034391
600	600	0.000050449
600	600	0.000031851
600	600	0.000039272
600	600	0.000031845
600	600	0.000032645
600	600	0.000046996
600	600	0.000045915
600	600	0.000032580
600	600	0.000032589
600	600	0.000042359
600	600	0.000033842
600	600	0.000031851
600	600	0.000047835
600	600	0.000031855
600	600	0.000032575
600	600	0.000031847
600	600	0.000031847
600	600	0.000039286
600	600	0.000033390
600	600	0.000034784
600	600	0.000047723
600	600	0.000046044
600	600	0.000039974
600	600	0.000044758
600	600	0.000044142
600	600	0.000046894
600	600	0.000031847
600	600	0.000031851
600	600	0.000054804
600	600	0.000033483
600	600	0.000042165
600	600	0.000031552
600	600	0.000030230
600	600	0.000031564
600	600	0.000031847
600	600	0.000032592
600	600	0.000032638
600	600	0.000031847
600	600	0.000060724
600	600	0.000047699
600	600	0.000049514
600	600	0.000043463
600	600	0.000044234
600	600	0.000039562
600	600	0.000032644
