120	128	0.000010287
120	128	0.000010006
120	128	0.000009277
120	128	0.000010028
120	128	0.000012279
120	128	0.000010020
120	128	0.000011797
120	128	0.000009296
120	128	0.000009270
120	128	0.000009787
120	128	0.000009755
120	128	0.000009276
120	128	0.000009498
120	128	0.000009297
120	128	0.000009295
120	128	0.000009037
120	128	0.000012669
120	128	0.000010559
120	128	0.000017330
120	128	0.000009270
120	128	0.000009293
120	128	0.000009297
120	128	0.000009273
120	128	0.000009297
120	128	0.000009286
120	128	0.000013621
120	128	0.000011216
120	128	0.000009508
120	128	0.000012691
120	128	0.000009287
120	128	0.000017766
120	128	0.000016872
120	128	0.000012724
120	128	0.000013516
120	128	0.000015271
120	128	0.000009279
120	128	0.000011883
120	128	0.000011609
120	128	0.000016560
120	128	0.000013612
120	128	0.000017318
120	128	0.000011557
120	128	0.000020052
120	128	0.000010880
120	128	0.000014096
120	128	0.000010005
120	128	0.000010009
120	128	0.000010023
120	128	0.000009514
120	128	0.000013595
120	128	0.000009264
120	128	0.000012199
120	128	0.000009510
120	128	0.000009778
120	128	0.000010903
120	128	0.000014116
120	128	0.000009533
120	128	0.000010006
120	128	0.000009509
120	128	0.000009778
120	128	0.000009301
120	128	0.000009293
120	128	0.000016566
120	128	0.000009529
120	128	0.000013816
120	128	0.000010046
120	128	0.000011573
120	128	0.000009506
120	128	0.000013135
120	128	0.000008821
120	128	0.000009532
120	128	0.000010007
120	128	0.000009265
120	128	0.000009303
120	128	0.000009290
120	128	0.000009296
120	128	0.000009294
120	128	0.000012727
120	128	0.000010844
120	128	0.000016568
120	128	0.000009255
120	128	0.000017440
120	128	0.000010010
120	128	0.000009269
120	128	0.000014634
120	128	0.000013130
120	128	0.000009766
120	128	0.000009285
120	128	0.000009053
120	128	0.000009286
120	128	0.000012273
120	128	0.000009281
120	128	0.000009297
120	128	0.000009281
120	128	0.000009277
120	128	0.000009294
120	128	0.000009286
120	128	0.000009283
120	128	0.000009302
120	128	0.000009289
120	256	0.000033466
120	256	0.000022685
120	256	0.000031940
120	256	0.000027045
120	256	0.000024456
120	256	0.000024346
120	256	0.000024436
120	256	0.000016374
120	256	0.000017130
120	256	0.000025098
120	256	0.000020666
120	256	0.000024242
120	256	0.000017150
120	256	0.000017162
120	256	0.000024054
120	256	0.000018050
120	256	0.000017552
120	256	0.000023521
120	256	0.000019504
120	256	0.000017134
120	256	0.000022679
120	256	0.000023099
120	256	0.000026042
120	256	0.000017150
120	256	0.000022672
120	256	0.000017163
120	256	0.000020359
120	256	0.000024229
120	256	0.000018033
120	256	0.000026042
120	256	0.000021293
120	256	0.000023422
120	256	0.000019032
120	256	0.000018968
120	256	0.000017156
120	256	0.000017163
120	256	0.000023609
120	256	0.000017558
120	256	0.000023448
120	256	0.000020744
120	256	0.000026105
120	256	0.000021957
120	256	0.000029865
120	256	0.000017558
120	256	0.000017569
120	256	0.000020096
120	256	0.000017147
120	256	0.000022920
120	256	0.000017594
120	256	0.000025287
120	256	0.000023436
120	256	0.000027029
120	256	0.000017549
120	256	0.000029092
120	256	0.000018505
120	256	0.000029895
120	256	0.000018520
120	256	0.000022696
120	256	0.000018791
120	256	0.000018664
120	256	0.000021400
120	256	0.000017575
120	256	0.000017607
120	256	0.000017129
120	256	0.000017133
120	256	0.000031922
120	256	0.000022675
120	256	0.000019530
120	256	0.000018029
120	256	0.000018026
120	256	0.000017143
120	256	0.000017137
120	256	0.000022400
120	256	0.000028082
120	256	0.000018509
120	256	0.000022664
120	256	0.000019010
120	256	0.000021548
120	256	0.000024231
120	256	0.000017134
120	256	0.000028111
120	256	0.000017148
120	256	0.000017162
120	256	0.000028486
120	256	0.000024237
120	256	0.000018015
120	256	0.000018024
120	256	0.000017143
120	256	0.000018012
120	256	0.000018049
120	256	0.000017121
120	256	0.000017150
120	256	0.000037026
120	256	0.000023439
120	256	0.000017135
120	256	0.000023424
120	256	0.000024631
120	256	0.000026037
120	256	0.000027207
120	256	0.000018515
120	380	0.000032425
120	380	0.000028923
120	380	0.000029910
120	380	0.000036902
120	380	0.000022963
120	380	0.000022970
120	380	0.000024077
120	380	0.000026663
120	380	0.000035229
120	380	0.000029585
120	380	0.000036776
120	380	0.000024670
120	380	0.000024680
120	380	0.000029022
120	380	0.000024062
120	380	0.000024075
120	380	0.000038556
120	380	0.000034019
120	380	0.000029033
120	380	0.000029019
120	380	0.000024067
120	380	0.000032874
120	380	0.000024686
120	380	0.000024674
120	380	0.000029929
120	380	0.000025335
120	380	0.000024090
120	380	0.000030378
120	380	0.000024071
120	380	0.000024668
120	380	0.000025286
120	380	0.000025314
120	380	0.000044498
120	380	0.000037981
120	380	0.000033685
120	380	0.000030846
120	380	0.000024077
120	380	0.000036936
120	380	0.000034038
120	380	0.000030980
120	380	0.000034592
120	380	0.000035703
120	380	0.000035828
120	380	0.000024094
120	380	0.000024058
120	380	0.000049337
120	380	0.000025704
120	380	0.000024061
120	380	0.000033761
120	380	0.000051192
120	380	0.000027435
120	380	0.000027419
120	380	0.000027421
120	380	0.000027407
120	380	0.000027428
120	380	0.000027440
120	380	0.000031854
120	380	0.000031853
120	380	0.000031865
120	380	0.000033192
120	380	0.000031840
120	380	0.000031862
120	380	0.000031830
120	380	0.000024081
120	380	0.000024084
120	380	0.000024059
120	380	0.000024674
120	380	0.000025671
120	380	0.000024068
120	380	0.000032911
120	380	0.000041139
120	380	0.000032993
120	380	0.000030621
120	380	0.000024667
120	380	0.000024059
120	380	0.000027032
120	380	0.000042911
120	380	0.000024681
120	380	0.000044866
120	380	0.000028720
120	380	0.000025302
120	380	0.000024074
120	380	0.000024073
120	380	0.000032916
120	380	0.000024087
120	380	0.000024071
120	380	0.000032897
120	380	0.000024078
120	380	0.000025314
120	380	0.000024407
120	380	0.000028150
120	380	0.000041708
120	380	0.000032898
120	380	0.000035897
120	380	0.000024086
120	380	0.000024075
120	380	0.000024069
120	380	0.000031562
120	380	0.000024075
120	380	0.000024697
120	510	0.000054341
120	510	0.000034196
120	510	0.000037297
120	510	0.000033318
120	510	0.000039111
120	510	0.000035650
120	510	0.000033318
120	510	0.000032508
120	510	0.000031702
120	510	0.000031458
120	510	0.000043764
120	510	0.000051998
120	510	0.000037750
120	510	0.000038957
120	510	0.000035816
120	510	0.000039624
120	510	0.000038238
120	510	0.000044218
120	510	0.000031715
120	510	0.000037662
120	510	0.000048871
120	510	0.000043538
120	510	0.000039412
120	510	0.000033911
120	510	0.000038840
120	510	0.000038230
120	510	0.000048144
120	510	0.000031707
120	510	0.000033279
120	510	0.000039392
120	510	0.000038292
120	510	0.000032496
120	510	0.000032484
120	510	0.000032483
120	510	0.000032490
120	510	0.000040650
120	510	0.000032598
120	510	0.000048146
120	510	0.000038211
120	510	0.000038857
120	510	0.000032502
120	510	0.000031692
120	510	0.000041658
120	510	0.000038931
120	510	0.000040451
120	510	0.000038224
120	510	0.000033338
120	510	0.000043797
120	510	0.000040957
120	510	0.000039374
120	510	0.000031715
120	510	0.000031692
120	510	0.000044589
120	510	0.000051914
120	510	0.000031691
120	510	0.000037129
120	510	0.000031711
120	510	0.000031704
120	510	0.000051970
120	510	0.000051294
120	510	0.000035119
120	510	0.000031697
120	510	0.000031682
120	510	0.000055623
120	510	0.000039053
120	510	0.000042690
120	510	0.000047843
120	510	0.000032498
120	510	0.000031705
120	510	0.000035133
120	510	0.000042095
120	510	0.000033080
120	510	0.000054705
120	510	0.000040583
120	510	0.000033328
120	510	0.000044848
120	510	0.000040939
120	510	0.000042707
120	510	0.000032493
120	510	0.000031699
120	510	0.000031470
120	510	0.000031689
120	510	0.000031699
120	510	0.000039329
120	510	0.000032506
120	510	0.000034003
120	510	0.000034213
120	510	0.000033331
120	510	0.000132694
120	510	0.000043319
120	510	0.000053212
120	510	0.000031746
120	510	0.000031703
120	510	0.000049061
120	510	0.000036115
120	510	0.000040548
120	510	0.000044616
120	510	0.000031689
120	510	0.000042028
120	510	0.000045132
120	600	0.000037327
120	600	0.000044414
120	600	0.000052765
120	600	0.000046370
120	600	0.000057174
120	600	0.000061205
120	600	0.000066528
120	600	0.000040685
120	600	0.000037320
120	600	0.000039238
120	600	0.000044596
120	600	0.000038258
120	600	0.000072152
120	600	0.000060805
120	600	0.000051488
120	600	0.000045978
120	600	0.000038265
120	600	0.000038862
120	600	0.000047623
120	600	0.000038265
120	600	0.000040227
120	600	0.000038266
120	600	0.000046473
120	600	0.000042211
120	600	0.000061197
120	600	0.000037340
120	600	0.000040265
120	600	0.000040267
120	600	0.000040291
120	600	0.000040288
120	600	0.000040267
120	600	0.000040291
120	600	0.000051895
120	600	0.000037320
120	600	0.000042853
120	600	0.000041012
120	600	0.000039245
120	600	0.000037323
120	600	0.000041939
120	600	0.000056680
120	600	0.000044998
120	600	0.000043747
120	600	0.000047374
120	600	0.000042512
120	600	0.000046824
120	600	0.000037310
120	600	0.000051436
120	600	0.000037335
120	600	0.000037327
120	600	0.000046681
120	600	0.000039258
120	600	0.000039250
120	600	0.000048431
120	600	0.000041386
120	600	0.000048823
120	600	0.000037335
120	600	0.000037348
120	600	0.000044655
120	600	0.000049375
120	600	0.000038265
120	600	0.000047826
120	600	0.000039238
120	600	0.000053187
120	600	0.000042520
120	600	0.000038263
120	600	0.000038911
120	600	0.000038897
120	600	0.000043557
120	600	0.000045003
120	600	0.000039224
120	600	0.000048920
120	600	0.000038250
120	600	0.000037339
120	600	0.000037334
120	600	0.000037322
120	600	0.000039245
120	600	0.000037349
120	600	0.000044845
120	600	0.000051458
120	600	0.000049552
120	600	0.000038275
120	600	0.000038266
120	600	0.000039082
120	600	0.000037342
120	600	0.000037341
120	600	0.000047941
120	600	0.000038261
120	600	0.000054658
120	600	0.000037330
120	600	0.000039261
120	600	0.000053537
120	600	0.000038275
120	600	0.000037314
120	600	0.000037339
120	600	0.000037315
120	600	0.000044969
120	600	0.000038275
120	600	0.000040331
120	600	0.000039246
120	600	0.000047551
250	128	0.000023319
250	128	0.000020861
250	128	0.000025375
250	128	0.000019823
250	128	0.000036521
250	128	0.000031395
250	128	0.000022631
250	128	0.000019317
250	128	0.000019343
250	128	0.000031733
250	128	0.000023323
250	128	0.000019329
250	128	0.000025553
250	128	0.000022654
250	128	0.000018425
250	128	0.000018448
250	128	0.000021270
250	128	0.000020336
250	128	0.000029355
250	128	0.000020340
250	128	0.000024428
250	128	0.000020307
250	128	0.000020296
250	128	0.000023292
250	128	0.000023344
250	128	0.000023303
250	128	0.000023304
250	128	0.000023312
250	128	0.000023301
250	128	0.000023343
250	128	0.000085502
250	128	0.000023319
250	128	0.000028540
250	128	0.000029372
250	128	0.000029360
250	128	0.000029356
250	128	0.000029382
250	128	0.000029363
250	128	0.000035033
250	128	0.000036026
250	128	0.000036052
250	128	0.000036035
250	128	0.000036033
250	128	0.000019359
250	128	0.000019350
250	128	0.000019803
250	128	0.000026394
250	128	0.000019344
250	128	0.000026963
250	128	0.000021431
250	128	0.000019322
250	128	0.000027340
250	128	0.000019741
250	128	0.000020306
250	128	0.000020315
250	128	0.000019312
250	128	0.000019327
250	128	0.000026072
250	128	0.000026408
250	128	0.000020321
250	128	0.000030063
250	128	0.000025587
250	128	0.000020851
250	128	0.000019797
250	128	0.000025623
250	128	0.000035354
250	128	0.000019356
250	128	0.000019306
250	128	0.000025461
250	128	0.000019340
250	128	0.000026433
250	128	0.000029361
250	128	0.000025568
250	128	0.000020881
250	128	0.000019821
250	128	0.000019813
250	128	0.000019338
250	128	0.000019357
250	128	0.000019337
250	128	0.000026700
250	128	0.000019831
250	128	0.000021430
250	128	0.000027330
250	128	0.000020304
250	128	0.000020314
250	128	0.000024018
250	128	0.000019314
250	128	0.000019342
250	128	0.000019340
250	128	0.000019339
250	128	0.000019322
250	128	0.000025409
250	128	0.000019809
250	128	0.000020344
250	128	0.000020325
250	128	0.000029356
250	128	0.000033609
250	128	0.000020351
250	128	0.000030570
250	128	0.000019314
250	256	0.000043002
250	256	0.000058542
250	256	0.000040910
250	256	0.000043318
250	256	0.000052316
250	256	0.000056089
250	256	0.000036600
250	256	0.000035707
250	256	0.000035712
250	256	0.000058560
250	256	0.000035715
250	256	0.000054187
250	256	0.000036582
250	256	0.000043488
250	256	0.000047328
250	256	0.000035714
250	256	0.000035694
250	256	0.000054218
250	256	0.000035718
250	256	0.000035675
250	256	0.000034940
250	256	0.000035710
250	256	0.000042702
250	256	0.000037708
250	256	0.000041829
250	256	0.000047911
250	256	0.000060990
250	256	0.000035712
250	256	0.000035702
250	256	0.000049132
250	256	0.000036585
250	256	0.000035698
250	256	0.000049253
250	256	0.000042461
250	256	0.000042104
250	256	0.000052058
250	256	0.000036604
250	256	0.000044411
250	256	0.000037529
250	256	0.000036606
250	256	0.000036592
250	256	0.000035709
250	256	0.000036590
250	256	0.000042885
250	256	0.000043594
250	256	0.000044882
250	256	0.000044363
250	256	0.000035702
250	256	0.000038008
250	256	0.000061011
250	256	0.000035707
250	256	0.000035713
250	256	0.000039500
250	256	0.000042940
250	256	0.000177974
250	256	0.000052269
250	256	0.000035709
250	256	0.000035722
250	256	0.000035715
250	256	0.000035706
250	256	0.000036588
250	256	0.000039468
250	256	0.000035713
250	256	0.000062005
250	256	0.000037548
250	256	0.000045810
250	256	0.000036604
250	256	0.000035707
250	256	0.000035715
250	256	0.000035716
250	256	0.000037545
250	256	0.000070071
250	256	0.000041820
250	256	0.000039859
250	256	0.000052269
250	256	0.000040512
250	256	0.000043072
250	256	0.000035722
250	256	0.000035705
250	256	0.000035713
250	256	0.000035723
250	256	0.000034922
250	256	0.000035716
250	256	0.000035698
250	256	0.000044347
250	256	0.000037526
250	256	0.000053194
250	256	0.000035715
250	256	0.000035708
250	256	0.000043055
250	256	0.000035701
250	256	0.000042580
250	256	0.000036612
250	256	0.000057818
250	256	0.000045755
250	256	0.000037542
250	256	0.000050477
250	256	0.000035696
250	256	0.000036594
250	256	0.000034973
250	380	0.000075271
250	380	0.000050173
250	380	0.000050137
250	380	0.000062809
250	380	0.000049561
250	380	0.000067779
250	380	0.000079050
250	380	0.000050136
250	380	0.000050156
250	380	0.000050151
250	380	0.000050139
250	380	0.000050142
250	380	0.000049560
250	380	0.000057197
250	380	0.000050840
250	380	0.000050126
250	380	0.000070775
250	380	0.000055564
250	380	0.000050143
250	380	0.000050125
250	380	0.000050144
250	380	0.000050120
250	380	0.000050123
250	380	0.000055531
250	380	0.000058712
250	380	0.000060155
250	380	0.000051642
250	380	0.000050114
250	380	0.000050163
250	380	0.000050147
250	380	0.000060434
250	380	0.000060451
250	380	0.000050138
250	380	0.000051382
250	380	0.000060204
250	380	0.000055351
250	380	0.000052891
250	380	0.000052010
250	380	0.000070885
250	380	0.000062287
250	380	0.000050111
250	380	0.000051414
250	380	0.000057079
250	380	0.000052691
250	380	0.000066307
250	380	0.000060950
250	380	0.000058128
250	380	0.000050147
250	380	0.000050159
250	380	0.000050137
250	380	0.000063092
250	380	0.000050162
250	380	0.000050146
250	380	0.000057097
250	380	0.000055228
250	380	0.000051379
250	380	0.000050137
250	380	0.000050153
250	380	0.000050133
250	380	0.000050118
250	380	0.000054938
250	380	0.000085641
250	380	0.000070895
250	380	0.000050138
250	380	0.000060539
250	380	0.000060802
250	380	0.000057117
250	380	0.000050161
250	380	0.000052705
250	380	0.000049613
250	380	0.000050125
250	380	0.000050132
250	380	0.000050131
250	380	0.000050149
250	380	0.000050129
250	380	0.000050133
250	380	0.000057068
250	380	0.000050176
250	380	0.000064236
250	380	0.000066255
250	380	0.000060462
250	380	0.000051393
250	380	0.000060458
250	380	0.000050125
250	380	0.000050303
250	380	0.000050142
250	380	0.000050157
250	380	0.000050141
250	380	0.000057091
250	380	0.000058450
250	380	0.000062292
250	380	0.000050143
250	380	0.000051408
250	380	0.000050148
250	380	0.000050147
250	380	0.000063666
250	380	0.000062286
250	380	0.000073235
250	380	0.000064251
250	380	0.000059773
250	510	0.000064445
250	510	0.000077672
250	510	0.000069402
250	510	0.000066031
250	510	0.000066001
250	510	0.000066582
250	510	0.000066011
250	510	0.000075122
250	510	0.000077363
250	510	0.000069391
250	510	0.000074991
250	510	0.000071259
250	510	0.000069397
250	510	0.000070621
250	510	0.000073127
250	510	0.000066012
250	510	0.000076394
250	510	0.000066018
250	510	0.000080845
250	510	0.000066027
250	510	0.000067672
250	510	0.000078353
250	510	0.000071227
250	510	0.000071246
250	510	0.000071224
250	510	0.000071233
250	510	0.000071245
250	510	0.000071220
250	510	0.000075186
250	510	0.000075192
250	510	0.000075177
250	510	0.000075187
250	510	0.000075183
250	510	0.000089789
250	510	0.000084604
250	510	0.000089031
250	510	0.000084608
250	510	0.000088328
250	510	0.000084570
250	510	0.000089759
250	510	0.000086212
250	510	0.000107920
250	510	0.000087332
250	510	0.000087333
250	510	0.000087333
250	510	0.000104129
250	510	0.000104101
250	510	0.000104112
250	510	0.000104138
250	510	0.000104113
250	510	0.000117709
250	510	0.000066026
250	510	0.000073141
250	510	0.000107924
250	510	0.000067672
250	510	0.000090230
250	510	0.000069399
250	510	0.000093342
250	510	0.000076224
250	510	0.000076467
250	510	0.000066031
250	510	0.000082032
250	510	0.000069404
250	510	0.000066019
250	510	0.000073936
250	510	0.000079486
250	510	0.000083355
250	510	0.000088550
250	510	0.000069405
250	510	0.000067670
250	510	0.000067702
250	510	0.000073168
250	510	0.000066027
250	510	0.000083878
250	510	0.000071185
250	510	0.000066025
250	510	0.000090241
250	510	0.000114988
250	510	0.000066020
250	510	0.000066028
250	510	0.000065494
250	510	0.000073173
250	510	0.000074776
250	510	0.000067697
250	510	0.000066006
250	510	0.000073148
250	510	0.000075206
250	510	0.000082905
250	510	0.000084585
250	510	0.000066024
250	510	0.000073154
250	510	0.000066021
250	510	0.000066031
250	510	0.000067669
250	510	0.000078471
250	510	0.000079804
250	510	0.000069407
250	510	0.000087319
250	510	0.000067678
250	510	0.000066021
250	600	0.000075144
250	600	0.000088554
250	600	0.000077775
250	600	0.000077733
250	600	0.000091024
250	600	0.000086958
250	600	0.000080121
250	600	0.000077769
250	600	0.000074155
250	600	0.000077741
250	600	0.000096578
250	600	0.000081751
250	600	0.000077739
250	600	0.000080919
250	600	0.000081753
250	600	0.000088550
250	600	0.000088539
250	600	0.000077749
250	600	0.000077779
250	600	0.000077760
250	600	0.000090314
250	600	0.000091656
250	600	0.000077733
250	600	0.000102827
250	600	0.000093756
250	600	0.000079698
250	600	0.000092501
250	600	0.000088551
250	600	0.000077753
250	600	0.000086176
250	600	0.000079689
250	600	0.000088542
250	600	0.000077778
250	600	0.000077772
250	600	0.000077755
250	600	0.000097242
250	600	0.000077733
250	600	0.000081767
250	600	0.000090655
250	600	0.000079708
250	600	0.000079713
250	600	0.000077765
250	600	0.000077764
250	600	0.000077762
250	600	0.000077740
250	600	0.000077762
250	600	0.000077744
250	600	0.000077100
250	600	0.000091065
250	600	0.000122449
250	600	0.000081737
250	600	0.000077760
250	600	0.000118073
250	600	0.000077729
250	600	0.000081716
250	600	0.000099619
250	600	0.000077772
250	600	0.000088567
250	600	0.000093772
250	600	0.000077754
250	600	0.000079305
250	600	0.000079672
250	600	0.000109916
250	600	0.000086138
250	600	0.000081430
250	600	0.000081749
250	600	0.000077738
250	600	0.000088532
250	600	0.000093578
250	600	0.000086153
250	600	0.000110903
250	600	0.000077747
250	600	0.000077745
250	600	0.000110169
250	600	0.000080916
250	600	0.000077743
250	600	0.000079724
250	600	0.000077756
250	600	0.000077750
250	600	0.000086159
250	600	0.000083888
250	600	0.000109975
250	600	0.000081724
250	600	0.000077772
250	600	0.000077756
250	600	0.000086161
250	600	0.000077758
250	600	0.000088543
250	600	0.000088552
250	600	0.000101467
250	600	0.000080387
250	600	0.000127527
250	600	0.000077780
250	600	0.000077759
250	600	0.000086164
250	600	0.000077746
250	600	0.000087980
250	600	0.000091071
250	600	0.000088467
250	600	0.000102844
380	128	0.000038433
380	128	0.000030777
380	128	0.000050186
380	128	0.000038827
380	128	0.000030889
380	128	0.000029372
380	128	0.000029383
380	128	0.000055343
380	128	0.000034423
380	128	0.000037629
380	128	0.000049075
380	128	0.000043266
380	128	0.000029374
380	128	0.000029376
380	128	0.000044589
380	128	0.000040773
380	128	0.000037070
380	128	0.000030872
380	128	0.000030879
380	128	0.000030874
380	128	0.000028537
380	128	0.000029357
380	128	0.000048111
380	128	0.000029374
380	128	0.000029369
380	128	0.000036659
380	128	0.000031684
380	128	0.000030102
380	128	0.000036500
380	128	0.000043743
380	128	0.000034975
380	128	0.000032564
380	128	0.000032565
380	128	0.000032547
380	128	0.000032563
380	128	0.000032543
380	128	0.000032548
380	128	0.000032545
380	128	0.000043025
380	128	0.000043026
380	128	0.000042174
380	128	0.000043028
380	128	0.000043013
380	128	0.000047426
380	128	0.000040141
380	128	0.000036531
380	128	0.000050411
380	128	0.000048172
380	128	0.000061617
380	128	0.000059911
380	128	0.000050158
380	128	0.000046305
380	128	0.000030107
380	128	0.000029382
380	128	0.000031794
380	128	0.000050203
380	128	0.000029365
380	128	0.000040145
380	128	0.000030034
380	128	0.000032119
380	128	0.000030892
380	128	0.000030114
380	128	0.000044564
380	128	0.000029367
380	128	0.000029377
380	128	0.000029391
380	128	0.000052139
380	128	0.000036915
380	128	0.000030901
380	128	0.000030883
380	128	0.000035411
380	128	0.000030119
380	128	0.000030104
380	128	0.000031700
380	128	0.000041063
380	128	0.000030871
380	128	0.000031701
380	128	0.000034734
380	128	0.000031714
380	128	0.000036642
380	128	0.000039869
380	128	0.000043028
380	128	0.000029378
380	128	0.000030908
380	128	0.000040171
380	128	0.000031132
380	128	0.000050124
380	128	0.000029365
380	128	0.000029371
380	128	0.000029372
380	128	0.000028564
380	128	0.000029389
380	128	0.000036706
380	128	0.000029394
380	128	0.000045960
380	128	0.000037640
380	128	0.000035767
380	128	0.000040933
380	128	0.000029389
380	128	0.000041907
380	256	0.000061859
380	256	0.000060116
380	256	0.000054247
380	256	0.000050538
380	256	0.000050542
380	256	0.000054822
380	256	0.000069514
380	256	0.000082252
380	256	0.000073732
380	256	0.000077605
380	256	0.000060134
380	256	0.000065442
380	256	0.000071747
380	256	0.000058553
380	256	0.000058563
380	256	0.000058537
380	256	0.000058545
380	256	0.000058545
380	256	0.000058547
380	256	0.000058534
380	256	0.000058533
380	256	0.000071784
380	256	0.000071764
380	256	0.000071737
380	256	0.000071771
380	256	0.000071758
380	256	0.000085571
380	256	0.000085579
380	256	0.000084021
380	256	0.000085565
380	256	0.000085572
380	256	0.000105923
380	256	0.000105950
380	256	0.000105969
380	256	0.000105921
380	256	0.000120995
380	256	0.000123563
380	256	0.000123613
380	256	0.000128799
380	256	0.000139044
380	256	0.000139063
380	256	0.000139050
380	256	0.000139047
380	256	0.000139028
380	256	0.000139055
380	256	0.000139060
380	256	0.000139068
380	256	0.000139052
380	256	0.000139020
380	256	0.000194426
380	256	0.000146123
380	256	0.000139039
380	256	0.000139054
380	256	0.000139080
380	256	0.000139038
380	256	0.000139027
380	256	0.000139032
380	256	0.000139100
380	256	0.000139046
380	256	0.000139051
380	256	0.000139057
380	256	0.000139035
380	256	0.000139034
380	256	0.000139014
380	256	0.000139092
380	256	0.000139023
380	256	0.000134590
380	256	0.000140196
380	256	0.000139017
380	256	0.000148977
380	256	0.000150219
380	256	0.000138952
380	256	0.000139111
380	256	0.000130847
380	256	0.000139068
380	256	0.000139035
380	256	0.000139067
380	256	0.000130906
380	256	0.000139048
380	256	0.000130865
380	256	0.000139053
380	256	0.000130835
380	256	0.000139016
380	256	0.000139086
380	256	0.000139059
380	256	0.000139075
380	256	0.000139075
380	256	0.000139024
380	256	0.000139024
380	256	0.000146988
380	256	0.000150424
380	256	0.000139085
380	256	0.000139086
380	256	0.000139031
380	256	0.000139018
380	256	0.000139008
380	256	0.000139018
380	256	0.000130896
380	256	0.000139043
380	256	0.000139030
380	380	0.000086780
380	380	0.000067886
380	380	0.000089248
380	380	0.000076207
380	380	0.000100774
380	380	0.000104128
380	380	0.000082205
380	380	0.000076191
380	380	0.000084451
380	380	0.000086764
380	380	0.000078090
380	380	0.000088767
380	380	0.000087959
380	380	0.000094668
380	380	0.000104310
380	380	0.000097629
380	380	0.000097608
380	380	0.000097630
380	380	0.000097611
380	380	0.000097608
380	380	0.000097040
380	380	0.000120142
380	380	0.000120148
380	380	0.000120129
380	380	0.000120180
380	380	0.000148225
380	380	0.000141993
380	380	0.000141972
380	380	0.000141208
380	380	0.000173518
380	380	0.000173497
380	380	0.000193955
380	380	0.000195227
380	380	0.000195245
380	380	0.000195219
380	380	0.000195221
380	380	0.000195243
380	380	0.000195217
380	380	0.000195264
380	380	0.000195219
380	380	0.000202958
380	380	0.000195260
380	380	0.000195207
380	380	0.000195241
380	380	0.000195177
380	380	0.000195216
380	380	0.000195269
380	380	0.000206566
380	380	0.000183721
380	380	0.000195263
380	380	0.000195193
380	380	0.000195207
380	380	0.000195200
380	380	0.000205256
380	380	0.000195186
380	380	0.000183771
380	380	0.000195181
380	380	0.000195248
380	380	0.000205043
380	380	0.000195207
380	380	0.000195225
380	380	0.000195217
380	380	0.000205862
380	380	0.000221696
380	380	0.000193064
380	380	0.000195262
380	380	0.000183738
380	380	0.000195234
380	380	0.000195278
380	380	0.000183739
380	380	0.000191205
380	380	0.000201716
380	380	0.000203638
380	380	0.000195224
380	380	0.000183753
380	380	0.000193071
380	380	0.000195204
380	380	0.000193516
380	380	0.000195277
380	380	0.000183766
380	380	0.000181750
380	380	0.000195229
380	380	0.000195226
380	380	0.000232714
380	380	0.000195257
380	380	0.000195254
380	380	0.000183730
380	380	0.000195240
380	380	0.000183769
380	380	0.000195270
380	380	0.000195253
380	380	0.000205716
380	380	0.000195268
380	380	0.000195256
380	380	0.000183758
380	380	0.000195235
380	380	0.000209377
380	380	0.000195214
380	380	0.000195217
380	380	0.000183787
380	510	0.000111203
380	510	0.000111157
380	510	0.000100334
380	510	0.000100334
380	510	0.000105509
380	510	0.000100356
380	510	0.000092724
380	510	0.000117552
380	510	0.000152982
380	510	0.000114324
380	510	0.000137158
380	510	0.000100339
380	510	0.000100376
380	510	0.000100329
380	510	0.000100332
380	510	0.000100347
380	510	0.000100354
380	510	0.000111181
380	510	0.000153129
380	510	0.000137934
380	510	0.000131628
380	510	0.000132693
380	510	0.000132705
380	510	0.000140485
380	510	0.000152355
380	510	0.000152403
380	510	0.000152369
380	510	0.000152378
380	510	0.000176434
380	510	0.000171402
380	510	0.000171394
380	510	0.000187032
380	510	0.000186970
380	510	0.000187042
380	510	0.000213994
380	510	0.000212704
380	510	0.000212665
380	510	0.000234514
380	510	0.000276244
380	510	0.000242013
380	510	0.000228570
380	510	0.000228569
380	510	0.000228583
380	510	0.000249372
380	510	0.000257111
380	510	0.000270706
380	510	0.000257162
380	510	0.000241996
380	510	0.000257145
380	510	0.000263309
380	510	0.000257172
380	510	0.000257124
380	510	0.000264342
380	510	0.000257154
380	510	0.000257085
380	510	0.000257100
380	510	0.000258976
380	510	0.000257091
380	510	0.000257103
380	510	0.000245452
380	510	0.000257149
380	510	0.000257117
380	510	0.000257152
380	510	0.000242044
380	510	0.000257122
380	510	0.000267903
380	510	0.000257141
380	510	0.000257132
380	510	0.000266906
380	510	0.000257110
380	510	0.000257146
380	510	0.000242002
380	510	0.000257138
380	510	0.000263292
380	510	0.000257120
380	510	0.000241966
380	510	0.000257112
380	510	0.000284276
380	510	0.000265789
380	510	0.000257116
380	510	0.000241986
380	510	0.000257146
380	510	0.000257100
380	510	0.000269770
380	510	0.000257139
380	510	0.000257132
380	510	0.000249390
380	510	0.000260231
380	510	0.000257156
380	510	0.000242018
380	510	0.000241999
380	510	0.000257162
380	510	0.000257136
380	510	0.000255036
380	510	0.000245361
380	510	0.000257133
380	510	0.000264727
380	510	0.000257134
380	510	0.000257172
380	510	0.000244228
380	600	0.000124987
380	600	0.000118164
380	600	0.000130943
380	600	0.000131604
380	600	0.000122263
380	600	0.000118186
380	600	0.000128017
380	600	0.000134596
380	600	0.000134587
380	600	0.000124231
380	600	0.000124219
380	600	0.000124242
380	600	0.000121854
380	600	0.000147106
380	600	0.000121078
380	600	0.000142490
380	600	0.000142517
380	600	0.000146102
380	600	0.000142496
380	600	0.000142525
380	600	0.000171590
380	600	0.000173064
380	600	0.000173062
380	600	0.000169841
380	600	0.000167075
380	600	0.000167095
380	600	0.000167071
380	600	0.000206019
380	600	0.000173033
380	600	0.000173070
380	600	0.000171614
380	600	0.000177630
380	600	0.000171633
380	600	0.000173026
380	600	0.000173030
380	600	0.000171614
380	600	0.000209327
380	600	0.000201848
380	600	0.000201884
380	600	0.000218127
380	600	0.000220238
380	600	0.000220259
380	600	0.000220215
380	600	0.000220240
380	600	0.000220188
380	600	0.000220270
380	600	0.000230694
380	600	0.000230716
380	600	0.000226933
380	600	0.000220224
380	600	0.000220247
380	600	0.000256497
380	600	0.000269204
380	600	0.000269172
380	600	0.000269173
380	600	0.000276342
380	600	0.000300726
380	600	0.000285023
380	600	0.000285010
380	600	0.000302802
380	600	0.000302858
380	600	0.000317862
380	600	0.000302806
380	600	0.000302846
380	600	0.000302792
380	600	0.000332216
380	600	0.000302817
380	600	0.000292120
380	600	0.000302837
380	600	0.000310966
380	600	0.000285003
380	600	0.000289051
380	600	0.000312927
380	600	0.000302840
380	600	0.000284990
380	600	0.000311076
380	600	0.000300228
380	600	0.000284984
380	600	0.000309576
380	600	0.000300248
380	600	0.000286517
380	600	0.000311145
380	600	0.000302827
380	600	0.000289381
380	600	0.000313487
380	600	0.000302832
380	600	0.000285031
380	600	0.000285019
380	600	0.000311593
380	600	0.000302817
380	600	0.000285011
380	600	0.000310759
380	600	0.000302805
380	600	0.000288429
380	600	0.000311179
380	600	0.000302808
380	600	0.000293155
380	600	0.000311775
380	600	0.000302811
380	600	0.000284999
510	128	0.000064992
510	128	0.000073863
510	128	0.000046173
510	128	0.000052122
510	128	0.000047311
510	128	0.000044830
510	128	0.000041415
510	128	0.000039434
510	128	0.000039420
510	128	0.000039410
510	128	0.000056884
510	128	0.000043657
510	128	0.000039407
510	128	0.000057721
510	128	0.000049202
510	128	0.000060491
510	128	0.000039437
510	128	0.000061502
510	128	0.000039387
510	128	0.000039402
510	128	0.000057733
510	128	0.000058337
510	128	0.000059857
510	128	0.000048973
510	128	0.000053216
510	128	0.000042514
510	128	0.000047588
510	128	0.000044199
510	128	0.000096844
510	128	0.000048752
510	128	0.000049087
510	128	0.000040378
510	128	0.000044960
510	128	0.000044281
510	128	0.000049673
510	128	0.000039402
510	128	0.000039435
510	128	0.000057694
510	128	0.000045965
510	128	0.000057711
510	128	0.000053755
510	128	0.000039404
510	128	0.000059853
510	128	0.000039423
510	128	0.000039402
510	128	0.000039401
510	128	0.000039431
510	128	0.000053840
510	128	0.000039423
510	128	0.000047156
510	128	0.000039412
510	128	0.000047064
510	128	0.000040410
510	128	0.000041437
510	128	0.000041431
510	128	0.000051796
510	128	0.000039421
510	128	0.000047000
510	128	0.000047545
510	128	0.000153496
510	128	0.000052132
510	128	0.000049901
510	128	0.000043592
510	128	0.000070260
510	128	0.000039448
510	128	0.000041427
510	128	0.000053876
510	128	0.000040384
510	128	0.000041093
510	128	0.000038289
510	128	0.000062152
510	128	0.000050804
510	128	0.000041460
510	128	0.000041450
510	128	0.000059848
510	128	0.000046169
510	128	0.000040424
510	128	0.000053910
510	128	0.000040418
510	128	0.000055721
510	128	0.000046168
510	128	0.000048857
510	128	0.000054953
510	128	0.000039441
510	128	0.000039431
510	128	0.000070245
510	128	0.000053872
510	128	0.000062164
510	128	0.000048975
510	128	0.000040414
510	128	0.000040399
510	128	0.000039433
510	128	0.000039409
510	128	0.000039404
510	128	0.000039424
510	128	0.000039417
510	128	0.000043675
510	128	0.000039403
510	128	0.000043677
510	128	0.000054622
510	256	0.000071246
510	256	0.000085297
510	256	0.000072839
510	256	0.000080676
510	256	0.000080689
510	256	0.000069428
510	256	0.000078572
510	256	0.000086647
510	256	0.000072821
510	256	0.000076535
510	256	0.000076568
510	256	0.000082918
510	256	0.000082943
510	256	0.000095668
510	256	0.000082935
510	256	0.000067875
510	256	0.000131930
510	256	0.000086050
510	256	0.000074635
510	256	0.000079226
510	256	0.000091318
510	256	0.000097642
510	256	0.000082939
510	256	0.000075629
510	256	0.000072812
510	256	0.000072824
510	256	0.000085309
510	256	0.000072838
510	256	0.000106633
510	256	0.000072805
510	256	0.000085309
510	256	0.000074637
510	256	0.000076576
510	256	0.000082271
510	256	0.000090493
510	256	0.000106654
510	256	0.000076588
510	256	0.000076546
510	256	0.000076571
510	256	0.000084545
510	256	0.000080687
510	256	0.000074410
510	256	0.000102924
510	256	0.000078571
510	256	0.000085893
510	256	0.000076551
510	256	0.000084823
510	256	0.000074630
510	256	0.000114839
510	256	0.000072820
510	256	0.000072850
510	256	0.000072839
510	256	0.000099213
510	256	0.000089134
510	256	0.000072827
510	256	0.000090468
510	256	0.000108053
510	256	0.000072799
510	256	0.000085281
510	256	0.000072813
510	256	0.000076571
510	256	0.000082944
510	256	0.000086329
510	256	0.000093310
510	256	0.000087807
510	256	0.000106440
510	256	0.000079153
510	256	0.000090645
510	256	0.000074643
510	256	0.000072848
510	256	0.000135721
510	256	0.000133417
510	256	0.000076533
510	256	0.000091130
510	256	0.000090435
510	256	0.000077308
510	256	0.000114838
510	256	0.000108303
510	256	0.000086844
510	256	0.000072833
510	256	0.000102976
510	256	0.000072834
510	256	0.000072853
510	256	0.000072823
510	256	0.000102961
510	256	0.000072828
510	256	0.000072845
510	256	0.000124405
510	256	0.000090465
510	256	0.000111038
510	256	0.000093035
510	256	0.000072811
510	256	0.000102977
510	256	0.000110574
510	256	0.000087803
510	256	0.000106632
510	256	0.000072833
510	256	0.000072841
510	256	0.000072791
510	256	0.000075527
510	380	0.000107508
510	380	0.000182271
510	380	0.000113181
510	380	0.000110337
510	380	0.000102234
510	380	0.000113312
510	380	0.000159799
510	380	0.000107490
510	380	0.000102265
510	380	0.000110287
510	380	0.000102252
510	380	0.000102242
510	380	0.000117084
510	380	0.000107339
510	380	0.000119362
510	380	0.000106575
510	380	0.000112064
510	380	0.000105427
510	380	0.000116471
510	380	0.000105178
510	380	0.000113311
510	380	0.000116952
510	380	0.000118860
510	380	0.000123856
510	380	0.000115368
510	380	0.000104793
510	380	0.000102269
510	380	0.000102255
510	380	0.000112605
510	380	0.000131702
510	380	0.000119785
510	380	0.000119785
510	380	0.000122785
510	380	0.000119797
510	380	0.000124362
510	380	0.000135245
510	380	0.000144739
510	380	0.000135252
510	380	0.000135220
510	380	0.000138564
510	380	0.000155274
510	380	0.000155275
510	380	0.000158740
510	380	0.000155289
510	380	0.000153386
510	380	0.000144519
510	380	0.000144542
510	380	0.000144574
510	380	0.000166812
510	380	0.000144561
510	380	0.000144578
510	380	0.000148258
510	380	0.000144541
510	380	0.000148752
510	380	0.000158736
510	380	0.000155275
510	380	0.000155258
510	380	0.000155288
510	380	0.000102250
510	380	0.000103815
510	380	0.000107477
510	380	0.000102276
510	380	0.000105805
510	380	0.000102284
510	380	0.000102226
510	380	0.000116453
510	380	0.000116485
510	380	0.000107483
510	380	0.000119769
510	380	0.000110335
510	380	0.000104804
510	380	0.000174690
510	380	0.000181054
510	380	0.000199639
510	380	0.000199641
510	380	0.000197482
510	380	0.000232883
510	380	0.000240926
510	380	0.000241496
510	380	0.000245472
510	380	0.000232873
510	380	0.000228521
510	380	0.000232948
510	380	0.000232879
510	380	0.000261981
510	380	0.000270540
510	380	0.000262030
510	380	0.000262033
510	380	0.000262048
510	380	0.000272387
510	380	0.000261982
510	380	0.000262041
510	380	0.000261992
510	380	0.000272595
510	380	0.000262043
510	380	0.000246609
510	380	0.000249078
510	380	0.000270362
510	380	0.000262021
510	380	0.000262022
510	510	0.000156935
510	510	0.000149208
510	510	0.000157760
510	510	0.000159569
510	510	0.000141589
510	510	0.000140481
510	510	0.000164778
510	510	0.000134662
510	510	0.000139909
510	510	0.000134659
510	510	0.000134662
510	510	0.000148831
510	510	0.000162387
510	510	0.000134661
510	510	0.000149237
510	510	0.000153364
510	510	0.000162392
510	510	0.000134653
510	510	0.000134683
510	510	0.000149220
510	510	0.000153375
510	510	0.000153359
510	510	0.000152082
510	510	0.000152107
510	510	0.000151921
510	510	0.000149224
510	510	0.000149228
510	510	0.000149251
510	510	0.000149224
510	510	0.000153361
510	510	0.000153386
510	510	0.000157224
510	510	0.000153377
510	510	0.000162359
510	510	0.000162405
510	510	0.000162415
510	510	0.000162384
510	510	0.000162385
510	510	0.000178338
510	510	0.000190382
510	510	0.000203286
510	510	0.000190373
510	510	0.000204477
510	510	0.000204499
510	510	0.000204470
510	510	0.000225669
510	510	0.000220851
510	510	0.000220836
510	510	0.000220857
510	510	0.000240099
510	510	0.000240061
510	510	0.000240067
510	510	0.000240009
510	510	0.000234796
510	510	0.000235202
510	510	0.000234912
510	510	0.000238027
510	510	0.000240118
510	510	0.000240019
510	510	0.000248896
510	510	0.000250972
510	510	0.000250950
510	510	0.000283152
510	510	0.000311822
510	510	0.000285596
510	510	0.000269468
510	510	0.000267848
510	510	0.000293847
510	510	0.000269871
510	510	0.000267922
510	510	0.000269824
510	510	0.000262935
510	510	0.000262958
510	510	0.000262956
510	510	0.000262981
510	510	0.000262911
510	510	0.000262415
510	510	0.000250967
510	510	0.000263870
510	510	0.000254916
510	510	0.000236949
510	510	0.000303711
510	510	0.000245880
510	510	0.000245457
510	510	0.000249679
510	510	0.000257613
510	510	0.000251017
510	510	0.000250970
510	510	0.000271221
510	510	0.000295920
510	510	0.000270188
510	510	0.000324803
510	510	0.000324812
510	510	0.000376888
510	510	0.000345179
510	510	0.000324795
510	510	0.000339142
510	510	0.000345083
510	510	0.000345065
510	510	0.000353040
510	600	0.000154826
510	600	0.000158599
510	600	0.000183406
510	600	0.000171119
510	600	0.000162565
510	600	0.000179309
510	600	0.000163350
510	600	0.000175748
510	600	0.000158585
510	600	0.000158612
510	600	0.000158612
510	600	0.000175773
510	600	0.000158605
510	600	0.000166422
510	600	0.000166735
510	600	0.000166720
510	600	0.000171084
510	600	0.000166724
510	600	0.000162559
510	600	0.000162562
510	600	0.000185778
510	600	0.000162574
510	600	0.000162544
510	600	0.000191260
510	600	0.000191236
510	600	0.000227280
510	600	0.000191236
510	600	0.000191235
510	600	0.000191274
510	600	0.000189282
510	600	0.000191261
510	600	0.000196112
510	600	0.000200964
510	600	0.000197064
510	600	0.000197069
510	600	0.000197036
510	600	0.000244978
510	600	0.000224221
510	600	0.000224225
510	600	0.000224233
510	600	0.000231145
510	600	0.000229099
510	600	0.000224239
510	600	0.000240856
510	600	0.000240865
510	600	0.000240838
510	600	0.000240844
510	600	0.000270953
510	600	0.000270925
510	600	0.000279245
510	600	0.000282714
510	600	0.000282741
510	600	0.000342239
510	600	0.000342235
510	600	0.000349677
510	600	0.000342211
510	600	0.000342213
510	600	0.000361291
510	600	0.000368467
510	600	0.000361256
510	600	0.000370022
510	600	0.000371353
510	600	0.000408761
510	600	0.000379310
510	600	0.000382488
510	600	0.000404747
510	600	0.000342225
510	600	0.000342271
510	600	0.000325124
510	600	0.000332387
510	600	0.000325172
510	600	0.000325101
510	600	0.000325132
510	600	0.000348931
510	600	0.000349183
510	600	0.000385119
510	600	0.000413040
510	600	0.000406418
510	600	0.000389895
510	600	0.000382548
510	600	0.000405726
510	600	0.000403011
510	600	0.000391664
510	600	0.000406394
510	600	0.000382521
510	600	0.000390589
510	600	0.000382497
510	600	0.000411823
510	600	0.000406414
510	600	0.000413213
510	600	0.000406397
510	600	0.000411989
510	600	0.000406405
510	600	0.000408167
510	600	0.000406421
510	600	0.000416196
510	600	0.000406409
510	600	0.000405233
510	600	0.000412673
510	600	0.000382496
600	128	0.000054178
600	128	0.000047539
600	128	0.000048748
600	128	0.000046364
600	128	0.000053577
600	128	0.000055905
600	128	0.000048780
600	128	0.000049045
600	128	0.000052783
600	128	0.000054810
600	128	0.000046365
600	128	0.000048752
600	128	0.000055892
600	128	0.000063564
600	128	0.000061333
600	128	0.000050024
600	128	0.000057728
600	128	0.000061297
600	128	0.000052805
600	128	0.000048719
600	128	0.000046378
600	128	0.000054912
600	128	0.000058220
600	128	0.000061308
600	128	0.000046353
600	128	0.000073126
600	128	0.000095031
600	128	0.000056669
600	128	0.000046400
600	128	0.000057616
600	128	0.000054155
600	128	0.000062162
600	128	0.000050026
600	128	0.000055864
600	128	0.000050016
600	128	0.000055921
600	128	0.000057612
600	128	0.000080208
600	128	0.000057601
600	128	0.000046356
600	128	0.000055925
600	128	0.000058595
600	128	0.000047512
600	128	0.000046169
600	128	0.000061302
600	128	0.000055816
600	128	0.000046346
600	128	0.000046415
600	128	0.000057069
600	128	0.000060067
600	128	0.000060805
600	128	0.000048738
600	128	0.000045061
600	128	0.000050542
600	128	0.000084140
600	128	0.000046376
600	128	0.000059589
600	128	0.000048738
600	128	0.000046373
600	128	0.000045045
600	128	0.000056269
600	128	0.000052820
600	128	0.000053054
600	128	0.000064184
600	128	0.000053187
600	128	0.000059436
600	128	0.000059781
600	128	0.000051380
600	128	0.000058560
600	128	0.000051956
600	128	0.000062457
600	128	0.000052776
600	128	0.000045067
600	128	0.000051374
600	128	0.000047552
600	128	0.000047547
600	128	0.000067906
600	128	0.000046362
600	128	0.000061328
600	128	0.000060408
600	128	0.000063833
600	128	0.000058388
600	128	0.000048751
600	128	0.000054779
600	128	0.000057613
600	128	0.000046361
600	128	0.000055920
600	128	0.000054798
600	128	0.000067267
600	128	0.000061953
600	128	0.000059419
600	128	0.000054463
600	128	0.000065566
600	128	0.000059093
600	128	0.000046373
600	128	0.000052821
600	128	0.000046207
600	128	0.000067901
600	128	0.000056650
600	128	0.000050102
600	256	0.000085657
600	256	0.000085658
600	256	0.000094928
600	256	0.000092441
600	256	0.000098497
600	256	0.000085669
600	256	0.000088611
600	256	0.000103309
600	256	0.000090657
600	256	0.000101252
600	256	0.000085674
600	256	0.000087821
600	256	0.000094923
600	256	0.000088099
600	256	0.000092446
600	256	0.000103305
600	256	0.000094909
600	256	0.000100380
600	256	0.000085649
600	256	0.000136695
600	256	0.000095703
600	256	0.000102580
600	256	0.000105976
600	256	0.000088525
600	256	0.000098506
600	256	0.000107181
600	256	0.000107497
600	256	0.000091778
600	256	0.000089057
600	256	0.000097574
600	256	0.000110923
600	256	0.000098943
600	256	0.000085710
600	256	0.000094931
600	256	0.000090958
600	256	0.000087837
600	256	0.000098718
600	256	0.000120255
600	256	0.000085663
600	256	0.000125434
600	256	0.000085641
600	256	0.000085701
600	256	0.000105729
600	256	0.000085655
600	256	0.000100351
600	256	0.000085687
600	256	0.000094934
600	256	0.000100389
600	256	0.000088733
600	256	0.000098322
600	256	0.000113038
600	256	0.000103281
600	256	0.000088626
600	256	0.000123979
600	256	0.000085656
600	256	0.000102092
600	256	0.000157284
600	256	0.000106953
600	256	0.000099474
600	256	0.000085689
600	256	0.000084893
600	256	0.000100366
600	256	0.000085676
600	256	0.000085666
600	256	0.000084133
600	256	0.000085676
600	256	0.000097565
600	256	0.000106971
600	256	0.000104240
600	256	0.000119013
600	256	0.000087810
600	256	0.000085688
600	256	0.000087826
600	256	0.000085661
600	256	0.000085676
600	256	0.000170963
600	256	0.000085668
600	256	0.000117073
600	256	0.000085673
600	256	0.000085677
600	256	0.000082718
600	256	0.000080714
600	256	0.000085662
600	256	0.000107601
600	256	0.000090084
600	256	0.000107659
600	256	0.000087733
600	256	0.000091315
600	256	0.000085681
600	256	0.000088806
600	256	0.000085642
600	256	0.000085670
600	256	0.000085636
600	256	0.000085674
600	256	0.000105116
600	256	0.000093756
600	256	0.000087805
600	256	0.000113922
600	256	0.000107302
600	256	0.000085665
600	380	0.000149708
600	380	0.000133283
600	380	0.000142383
600	380	0.000133277
600	380	0.000129799
600	380	0.000122046
600	380	0.000133278
600	380	0.000126451
600	380	0.000126426
600	380	0.000124500
600	380	0.000123299
600	380	0.000120273
600	380	0.000120272
600	380	0.000121935
600	380	0.000123287
600	380	0.000120304
600	380	0.000120293
600	380	0.000129995
600	380	0.000136968
600	380	0.000133305
600	380	0.000137427
600	380	0.000133300
600	380	0.000164388
600	380	0.000169484
600	380	0.000164380
600	380	0.000164374
600	380	0.000164389
600	380	0.000217696
600	380	0.000197300
600	380	0.000197301
600	380	0.000231468
600	380	0.000246583
600	380	0.000246576
600	380	0.000290134
600	380	0.000297374
600	380	0.000297191
600	380	0.000308245
600	380	0.000315124
600	380	0.000308287
600	380	0.000308223
600	380	0.000316951
600	380	0.000308242
600	380	0.000290133
600	380	0.000315665
600	380	0.000308222
600	380	0.000308222
600	380	0.000319935
600	380	0.000308228
600	380	0.000319346
600	380	0.000308231
600	380	0.000308225
600	380	0.000316150
600	380	0.000308260
600	380	0.000290113
600	380	0.000292476
600	380	0.000318084
600	380	0.000290085
600	380	0.000304852
600	380	0.000321707
600	380	0.000308232
600	380	0.000299769
600	380	0.000315125
600	380	0.000308214
600	380	0.000308228
600	380	0.000314036
600	380	0.000308241
600	380	0.000304867
600	380	0.000290123
600	380	0.000301080
600	380	0.000308256
600	380	0.000296136
600	380	0.000318281
600	380	0.000308213
600	380	0.000302781
600	380	0.000318061
600	380	0.000308209
600	380	0.000290160
600	380	0.000297427
600	380	0.000315630
600	380	0.000308231
600	380	0.000308264
600	380	0.000318326
600	380	0.000308269
600	380	0.000316409
600	380	0.000308215
600	380	0.000290117
600	380	0.000316589
600	380	0.000308263
600	380	0.000290104
600	380	0.000318079
600	380	0.000308234
600	380	0.000308259
600	380	0.000308247
600	380	0.000318286
600	380	0.000308279
600	380	0.000290120
600	380	0.000322576
600	380	0.000308238
600	380	0.000291879
600	380	0.000316489
600	510	0.000207549
600	510	0.000162894
600	510	0.000162383
600	510	0.000158414
600	510	0.000175568
600	510	0.000158417
600	510	0.000166563
600	510	0.000163353
600	510	0.000174339
600	510	0.000158411
600	510	0.000170935
600	510	0.000185583
600	510	0.000168587
600	510	0.000175550
600	510	0.000154657
600	510	0.000158431
600	510	0.000166574
600	510	0.000166528
600	510	0.000209522
600	510	0.000212893
600	510	0.000214526
600	510	0.000209516
600	510	0.000207764
600	510	0.000209546
600	510	0.000213988
600	510	0.000223981
600	510	0.000223991
600	510	0.000223966
600	510	0.000224000
600	510	0.000249865
600	510	0.000255335
600	510	0.000254970
600	510	0.000240579
600	510	0.000240599
600	510	0.000240575
600	510	0.000240541
600	510	0.000236419
600	510	0.000232016
600	510	0.000232011
600	510	0.000270640
600	510	0.000270641
600	510	0.000270628
600	510	0.000295236
600	510	0.000295288
600	510	0.000295267
600	510	0.000331441
600	510	0.000331541
600	510	0.000324744
600	510	0.000405947
600	510	0.000413625
600	510	0.000405996
600	510	0.000389300
600	510	0.000396573
600	510	0.000411418
600	510	0.000405977
600	510	0.000414859
600	510	0.000405943
600	510	0.000391547
600	510	0.000389580
600	510	0.000415204
600	510	0.000401948
600	510	0.000411529
600	510	0.000407122
600	510	0.000415032
600	510	0.000405978
600	510	0.000413734
600	510	0.000405924
600	510	0.000414182
600	510	0.000405926
600	510	0.000412727
600	510	0.000402598
600	510	0.000413224
600	510	0.000405945
600	510	0.000399711
600	510	0.000405954
600	510	0.000413890
600	510	0.000405958
600	510	0.000415225
600	510	0.000405961
600	510	0.000426770
600	510	0.000405966
600	510	0.000399150
600	510	0.000405964
600	510	0.000396885
600	510	0.000420122
600	510	0.000390571
600	510	0.000378904
600	510	0.000400942
600	510	0.000439853
600	510	0.000405980
600	510	0.000415300
600	510	0.000405962
600	510	0.000416799
600	510	0.000405968
600	510	0.000397667
600	510	0.000406013
600	510	0.000387402
600	510	0.000415390
600	510	0.000382072
600	510	0.000430034
600	600	0.000193619
600	600	0.000186599
600	600	0.000229903
600	600	0.000206779
600	600	0.000206089
600	600	0.000217306
600	600	0.000186578
600	600	0.000186596
600	600	0.000186573
600	600	0.000224501
600	600	0.000212514
600	600	0.000212481
600	600	0.000212484
600	600	0.000269571
600	600	0.000270793
600	600	0.000263791
600	600	0.000325048
600	600	0.000318762
600	600	0.000318750
600	600	0.000440639
600	600	0.000382539
600	600	0.000450027
600	600	0.000460663
600	600	0.000449950
600	600	0.000480512
600	600	0.000509262
600	600	0.000478151
600	600	0.000472351
600	600	0.000478118
600	600	0.000485145
600	600	0.000473401
600	600	0.000501460
600	600	0.000478145
600	600	0.000478117
600	600	0.000450017
600	600	0.000473834
600	600	0.000478096
600	600	0.000461287
600	600	0.000424984
600	600	0.000424993
600	600	0.000432985
600	600	0.000425017
600	600	0.000487125
600	600	0.000462868
600	600	0.000478087
600	600	0.000483795
600	600	0.000478135
600	600	0.000488171
600	600	0.000478128
600	600	0.000478113
600	600	0.000488357
600	600	0.000471093
600	600	0.000460971
600	600	0.000458393
600	600	0.000459501
600	600	0.000449994
600	600	0.000478106
600	600	0.000479352
600	600	0.000472901
600	600	0.000450010
600	600	0.000498162
600	600	0.000478154
600	600	0.000491418
600	600	0.000469987
600	600	0.000488871
600	600	0.000474999
600	600	0.000502758
600	600	0.000478088
600	600	0.000478105
600	600	0.000472591
600	600	0.000477350
600	600	0.000487868
600	600	0.000488491
600	600	0.000478096
600	600	0.000486728
600	600	0.000477567
600	600	0.000491123
600	600	0.000474396
600	600	0.000487833
600	600	0.000464598
600	600	0.000484575
600	600	0.000449972
600	600	0.000452750
600	600	0.000476952
600	600	0.000478564
600	600	0.000487003
600	600	0.000490663
600	600	0.000478089
600	600	0.000486800
600	600	0.000472404
600	600	0.000485892
600	600	0.000452080
600	600	0.000489666
600	600	0.000484620
600	600	0.000478180
600	600	0.000492878
600	600	0.000475389
600	600	0.000490331
600	600	0.000475547
600	600	0.000449978
