120	128	0.000004003
120	128	0.000004892
120	128	0.000003923
120	128	0.000004377
120	128	0.000004463
120	128	0.000003798
120	128	0.000003541
120	128	0.000003872
120	128	0.000003676
120	128	0.000003648
120	128	0.000003517
120	128	0.000003569
120	128	0.000003514
120	128	0.000003550
120	128	0.000003563
120	128	0.000003524
120	128	0.000003701
120	128	0.000005211
120	128	0.000003598
120	128	0.000003610
120	128	0.000003596
120	128	0.000003582
120	128	0.000003517
120	128	0.000003539
120	128	0.000003548
120	128	0.000003592
120	128	0.000003730
120	128	0.000003563
120	128	0.000003643
120	128	0.000003545
120	128	0.000003669
120	128	0.000003476
120	128	0.000005257
120	128	0.000003826
120	128	0.000004000
120	128	0.000003532
120	128	0.000006362
120	128	0.000003647
120	128	0.000003494
120	128	0.000003541
120	128	0.000003721
120	128	0.000003714
120	128	0.000003535
120	128	0.000004799
120	128	0.000003613
120	128	0.000003569
120	128	0.000003643
120	128	0.000003618
120	128	0.000003571
120	128	0.000003570
120	128	0.000005636
120	128	0.000003653
120	128	0.000003727
120	128	0.000003479
120	128	0.000003522
120	128	0.000003528
120	128	0.000003455
120	128	0.000005257
120	128	0.000003675
120	128	0.000003750
120	128	0.000004955
120	128	0.000003486
120	128	0.000003680
120	128	0.000004913
120	128	0.000003592
120	128	0.000003760
120	128	0.000003497
120	128	0.000003503
120	128	0.000003582
120	128	0.000003565
120	128	0.000003564
120	128	0.000004929
120	128	0.000004597
120	128	0.000004832
120	128	0.000004036
120	128	0.000004766
120	128	0.000004026
120	128	0.000003525
120	128	0.000003625
120	128	0.000004623
120	128	0.000003905
120	128	0.000003593
120	128	0.000005189
120	128	0.000003994
120	128	0.000003567
120	128	0.000003512
120	128	0.000004802
120	128	0.000004809
120	128	0.000003563
120	128	0.000005411
120	128	0.000005733
120	128	0.000003926
120	128	0.000003706
120	128	0.000004243
120	128	0.000003662
120	128	0.000003680
120	128	0.000003741
120	128	0.000003429
120	128	0.000004703
120	128	0.000003937
120	256	0.000014721
120	256	0.000018201
120	256	0.000010981
120	256	0.000010170
120	256	0.000011553
120	256	0.000011690
120	256	0.000014256
120	256	0.000011009
120	256	0.000010134
120	256	0.000010904
120	256	0.000011356
120	256	0.000011017
120	256	0.000010358
120	256	0.000022448
120	256	0.000012363
120	256	0.000010023
120	256	0.000016251
120	256	0.000011122
120	256	0.000011574
120	256	0.000010888
120	256	0.000014859
120	256	0.000012512
120	256	0.000010919
120	256	0.000014487
120	256	0.000011282
120	256	0.000011624
120	256	0.000010887
120	256	0.000011231
120	256	0.000011159
120	256	0.000014582
120	256	0.000012134
120	256	0.000010956
120	256	0.000010180
120	256	0.000014595
120	256	0.000011187
120	256	0.000011356
120	256	0.000011238
120	256	0.000015166
120	256	0.000012844
120	256	0.000011783
120	256	0.000011037
120	256	0.000011221
120	256	0.000011200
120	256	0.000010834
120	256	0.000011252
120	256	0.000011342
120	256	0.000022103
120	256	0.000012916
120	256	0.000013228
120	256	0.000011740
120	256	0.000011551
120	256	0.000018002
120	256	0.000013329
120	256	0.000012161
120	256	0.000012319
120	256	0.000021443
120	256	0.000019119
120	256	0.000018318
120	256	0.000018512
120	256	0.000012473
120	256	0.000010359
120	256	0.000011212
120	256	0.000010929
120	256	0.000010870
120	256	0.000011214
120	256	0.000010337
120	256	0.000020642
120	256	0.000010958
120	256	0.000014488
120	256	0.000019672
120	256	0.000015051
120	256	0.000011767
120	256	0.000011563
120	256	0.000010681
120	256	0.000010629
120	256	0.000011831
120	256	0.000011860
120	256	0.000011148
120	256	0.000010117
120	256	0.000011072
120	256	0.000010865
120	256	0.000010288
120	256	0.000019894
120	256	0.000018731
120	256	0.000012030
120	256	0.000012059
120	256	0.000017032
120	256	0.000011076
120	256	0.000011551
120	256	0.000016461
120	256	0.000011511
120	256	0.000011381
120	256	0.000011480
120	256	0.000010783
120	256	0.000014833
120	256	0.000018462
120	256	0.000015414
120	256	0.000010985
120	256	0.000017280
120	256	0.000014435
120	380	0.000026202
120	380	0.000012467
120	380	0.000017048
120	380	0.000020510
120	380	0.000011878
120	380	0.000016918
120	380	0.000014262
120	380	0.000015932
120	380	0.000012326
120	380	0.000015957
120	380	0.000012504
120	380	0.000011060
120	380	0.000012166
120	380	0.000012665
120	380	0.000013636
120	380	0.000017458
120	380	0.000011122
120	380	0.000012042
120	380	0.000012061
120	380	0.000021179
120	380	0.000024829
120	380	0.000012290
120	380	0.000012437
120	380	0.000023941
120	380	0.000018484
120	380	0.000018825
120	380	0.000013359
120	380	0.000012132
120	380	0.000011145
120	380	0.000012331
120	380	0.000011936
120	380	0.000025220
120	380	0.000020614
120	380	0.000017776
120	380	0.000015936
120	380	0.000019175
120	380	0.000015923
120	380	0.000013227
120	380	0.000012058
120	380	0.000012054
120	380	0.000015897
120	380	0.000013505
120	380	0.000027009
120	380	0.000016453
120	380	0.000012352
120	380	0.000012809
120	380	0.000012642
120	380	0.000016532
120	380	0.000018368
120	380	0.000011167
120	380	0.000012327
120	380	0.000019345
120	380	0.000012318
120	380	0.000011931
120	380	0.000012094
120	380	0.000016395
120	380	0.000012951
120	380	0.000012376
120	380	0.000015972
120	380	0.000021542
120	380	0.000018217
120	380	0.000012241
120	380	0.000023541
120	380	0.000017827
120	380	0.000012796
120	380	0.000012667
120	380	0.000014736
120	380	0.000012770
120	380	0.000014941
120	380	0.000022049
120	380	0.000013364
120	380	0.000020647
120	380	0.000012385
120	380	0.000025398
120	380	0.000019405
120	380	0.000012544
120	380	0.000011741
120	380	0.000014638
120	380	0.000012486
120	380	0.000017678
120	380	0.000018279
120	380	0.000015254
120	380	0.000015979
120	380	0.000011893
120	380	0.000017737
120	380	0.000016360
120	380	0.000012630
120	380	0.000012375
120	380	0.000012598
120	380	0.000012661
120	380	0.000012315
120	380	0.000016876
120	380	0.000016548
120	380	0.000016329
120	380	0.000013017
120	380	0.000012107
120	380	0.000012383
120	380	0.000016519
120	380	0.000012508
120	380	0.000012646
120	510	0.000014434
120	510	0.000019003
120	510	0.000014993
120	510	0.000015132
120	510	0.000014506
120	510	0.000019277
120	510	0.000014779
120	510	0.000015485
120	510	0.000014646
120	510	0.000014565
120	510	0.000025675
120	510	0.000015072
120	510	0.000021105
120	510	0.000013170
120	510	0.000018646
120	510	0.000014493
120	510	0.000021168
120	510	0.000015091
120	510	0.000013472
120	510	0.000014467
120	510	0.000014582
120	510	0.000013559
120	510	0.000014407
120	510	0.000019098
120	510	0.000013870
120	510	0.000014447
120	510	0.000020290
120	510	0.000014465
120	510	0.000025636
120	510	0.000014581
120	510	0.000014680
120	510	0.000014748
120	510	0.000015096
120	510	0.000013581
120	510	0.000014331
120	510	0.000014436
120	510	0.000014576
120	510	0.000028350
120	510	0.000014846
120	510	0.000014977
120	510	0.000014957
120	510	0.000015425
120	510	0.000014834
120	510	0.000014547
120	510	0.000014938
120	510	0.000014544
120	510	0.000013532
120	510	0.000013454
120	510	0.000020060
120	510	0.000029650
120	510	0.000014643
120	510	0.000014329
120	510	0.000014566
120	510	0.000014454
120	510	0.000024791
120	510	0.000025342
120	510	0.000016291
120	510	0.000016140
120	510	0.000014825
120	510	0.000018484
120	510	0.000015148
120	510	0.000016081
120	510	0.000015031
120	510	0.000013676
120	510	0.000014592
120	510	0.000014517
120	510	0.000016141
120	510	0.000015034
120	510	0.000018672
120	510	0.000014978
120	510	0.000021933
120	510	0.000014499
120	510	0.000014679
120	510	0.000014664
120	510	0.000014771
120	510	0.000014500
120	510	0.000019363
120	510	0.000015915
120	510	0.000014594
120	510	0.000019392
120	510	0.000019717
120	510	0.000021602
120	510	0.000018671
120	510	0.000022184
120	510	0.000017096
120	510	0.000024195
120	510	0.000014409
120	510	0.000014704
120	510	0.000025556
120	510	0.000014604
120	510	0.000020082
120	510	0.000019222
120	510	0.000021213
120	510	0.000016195
120	510	0.000015774
120	510	0.000015102
120	510	0.000015326
120	510	0.000031949
120	510	0.000014716
120	510	0.000014921
120	600	0.000029465
120	600	0.000030728
120	600	0.000020778
120	600	0.000032520
120	600	0.000019627
120	600	0.000040343
120	600	0.000029550
120	600	0.000018591
120	600	0.000018664
120	600	0.000018674
120	600	0.000019082
120	600	0.000025687
120	600	0.000020691
120	600	0.000029752
120	600	0.000023953
120	600	0.000032472
120	600	0.000018828
120	600	0.000019636
120	600	0.000019778
120	600	0.000018834
120	600	0.000018610
120	600	0.000018876
120	600	0.000018759
120	600	0.000018747
120	600	0.000018808
120	600	0.000024376
120	600	0.000019841
120	600	0.000030279
120	600	0.000023903
120	600	0.000033129
120	600	0.000028456
120	600	0.000019240
120	600	0.000034016
120	600	0.000027611
120	600	0.000019254
120	600	0.000029424
120	600	0.000026346
120	600	0.000018373
120	600	0.000020070
120	600	0.000028093
120	600	0.000018543
120	600	0.000025046
120	600	0.000019517
120	600	0.000019403
120	600	0.000018579
120	600	0.000018679
120	600	0.000020571
120	600	0.000024858
120	600	0.000031994
120	600	0.000018633
120	600	0.000018791
120	600	0.000017649
120	600	0.000025383
120	600	0.000028299
120	600	0.000026308
120	600	0.000024129
120	600	0.000020264
120	600	0.000018677
120	600	0.000032182
120	600	0.000018400
120	600	0.000025032
120	600	0.000022907
120	600	0.000026836
120	600	0.000020541
120	600	0.000018556
120	600	0.000019754
120	600	0.000030239
120	600	0.000018558
120	600	0.000021855
120	600	0.000019726
120	600	0.000018640
120	600	0.000026420
120	600	0.000026154
120	600	0.000028251
120	600	0.000022021
120	600	0.000022392
120	600	0.000020004
120	600	0.000018543
120	600	0.000018481
120	600	0.000031855
120	600	0.000019400
120	600	0.000026100
120	600	0.000026468
120	600	0.000026925
120	600	0.000032079
120	600	0.000026245
120	600	0.000020899
120	600	0.000025377
120	600	0.000021366
120	600	0.000018899
120	600	0.000018609
120	600	0.000018503
120	600	0.000023162
120	600	0.000017757
120	600	0.000018938
120	600	0.000026101
120	600	0.000028090
120	600	0.000018542
120	600	0.000025342
120	600	0.000020649
250	128	0.000011125
250	128	0.000010677
250	128	0.000007956
250	128	0.000007338
250	128	0.000007285
250	128	0.000007181
250	128	0.000007156
250	128	0.000009506
250	128	0.000009303
250	128	0.000007747
250	128	0.000007525
250	128	0.000007174
250	128	0.000016614
250	128	0.000007187
250	128	0.000009466
250	128	0.000007337
250	128	0.000007217
250	128	0.000009643
250	128	0.000007820
250	128	0.000007198
250	128	0.000010977
250	128	0.000007961
250	128	0.000008082
250	128	0.000008063
250	128	0.000007949
250	128	0.000007969
250	128	0.000008033
250	128	0.000007978
250	128	0.000008031
250	128	0.000009758
250	128	0.000009594
250	128	0.000009812
250	128	0.000009571
250	128	0.000009759
250	128	0.000009960
250	128	0.000009534
250	128	0.000009442
250	128	0.000010055
250	128	0.000012470
250	128	0.000012376
250	128	0.000012277
250	128	0.000012350
250	128	0.000012325
250	128	0.000012319
250	128	0.000012295
250	128	0.000013999
250	128	0.000014856
250	128	0.000014728
250	128	0.000013994
250	128	0.000007537
250	128	0.000007167
250	128	0.000009474
250	128	0.000007191
250	128	0.000014008
250	128	0.000009670
250	128	0.000009405
250	128	0.000008934
250	128	0.000007193
250	128	0.000011690
250	128	0.000007395
250	128	0.000007823
250	128	0.000008650
250	128	0.000008661
250	128	0.000007195
250	128	0.000012025
250	128	0.000008181
250	128	0.000007198
250	128	0.000007247
250	128	0.000015460
250	128	0.000011869
250	128	0.000007809
250	128	0.000009525
250	128	0.000010970
250	128	0.000007590
250	128	0.000007320
250	128	0.000007202
250	128	0.000007207
250	128	0.000009461
250	128	0.000007961
250	128	0.000007619
250	128	0.000011071
250	128	0.000007562
250	128	0.000008956
250	128	0.000012025
250	128	0.000009476
250	128	0.000012322
250	128	0.000010513
250	128	0.000007390
250	128	0.000007185
250	128	0.000007154
250	128	0.000012407
250	128	0.000007273
250	128	0.000008592
250	128	0.000012170
250	128	0.000008662
250	128	0.000007722
250	128	0.000008910
250	128	0.000011885
250	128	0.000008741
250	128	0.000007738
250	256	0.000020661
250	256	0.000027862
250	256	0.000024330
250	256	0.000035516
250	256	0.000033552
250	256	0.000022605
250	256	0.000022911
250	256	0.000021141
250	256	0.000022699
250	256	0.000020603
250	256	0.000022925
250	256	0.000032546
250	256	0.000029086
250	256	0.000027217
250	256	0.000022505
250	256	0.000020998
250	256	0.000023168
250	256	0.000023246
250	256	0.000022714
250	256	0.000030806
250	256	0.000022928
250	256	0.000022232
250	256	0.000031081
250	256	0.000041008
250	256	0.000027955
250	256	0.000036568
250	256	0.000022782
250	256	0.000029148
250	256	0.000023050
250	256	0.000022580
250	256	0.000021110
250	256	0.000033507
250	256	0.000022568
250	256	0.000026461
250	256	0.000023639
250	256	0.000021117
250	256	0.000032768
250	256	0.000025694
250	256	0.000022647
250	256	0.000032633
250	256	0.000023345
250	256	0.000023695
250	256	0.000023501
250	256	0.000023071
250	256	0.000023195
250	256	0.000022692
250	256	0.000024622
250	256	0.000027656
250	256	0.000027025
250	256	0.000027364
250	256	0.000027832
250	256	0.000027894
250	256	0.000027214
250	256	0.000027942
250	256	0.000027899
250	256	0.000027834
250	256	0.000025993
250	256	0.000029027
250	256	0.000029196
250	256	0.000028982
250	256	0.000026854
250	256	0.000026649
250	256	0.000029032
250	256	0.000032125
250	256	0.000032589
250	256	0.000028935
250	256	0.000032278
250	256	0.000032078
250	256	0.000031783
250	256	0.000034233
250	256	0.000031656
250	256	0.000034256
250	256	0.000034470
250	256	0.000034401
250	256	0.000023117
250	256	0.000023081
250	256	0.000022618
250	256	0.000029309
250	256	0.000023701
250	256	0.000031065
250	256	0.000021044
250	256	0.000023796
250	256	0.000031930
250	256	0.000025320
250	256	0.000021741
250	256	0.000028112
250	256	0.000022878
250	256	0.000031874
250	256	0.000029249
250	256	0.000036000
250	256	0.000023103
250	256	0.000028840
250	256	0.000023031
250	256	0.000020710
250	256	0.000022087
250	256	0.000029778
250	256	0.000042164
250	256	0.000025528
250	256	0.000023095
250	256	0.000033511
250	380	0.000022111
250	380	0.000034435
250	380	0.000034042
250	380	0.000033298
250	380	0.000025100
250	380	0.000040946
250	380	0.000027832
250	380	0.000026852
250	380	0.000026172
250	380	0.000030419
250	380	0.000041277
250	380	0.000036291
250	380	0.000032320
250	380	0.000027124
250	380	0.000026750
250	380	0.000040764
250	380	0.000025075
250	380	0.000025118
250	380	0.000025197
250	380	0.000025199
250	380	0.000051753
250	380	0.000027600
250	380	0.000022988
250	380	0.000031507
250	380	0.000024996
250	380	0.000022759
250	380	0.000035432
250	380	0.000032194
250	380	0.000037108
250	380	0.000027439
250	380	0.000041604
250	380	0.000025393
250	380	0.000025552
250	380	0.000025528
250	380	0.000035638
250	380	0.000025236
250	380	0.000025072
250	380	0.000033434
250	380	0.000035836
250	380	0.000034958
250	380	0.000035409
250	380	0.000040190
250	380	0.000024953
250	380	0.000038321
250	380	0.000027400
250	380	0.000024842
250	380	0.000025493
250	380	0.000042560
250	380	0.000024878
250	380	0.000081787
250	380	0.000024802
250	380	0.000028422
250	380	0.000027371
250	380	0.000030365
250	380	0.000026770
250	380	0.000035021
250	380	0.000029119
250	380	0.000025414
250	380	0.000033048
250	380	0.000032984
250	380	0.000024793
250	380	0.000037738
250	380	0.000033616
250	380	0.000038345
250	380	0.000032814
250	380	0.000024823
250	380	0.000038554
250	380	0.000027833
250	380	0.000024505
250	380	0.000034709
250	380	0.000026122
250	380	0.000079643
250	380	0.000035251
250	380	0.000028847
250	380	0.000025927
250	380	0.000027296
250	380	0.000032703
250	380	0.000025023
250	380	0.000035462
250	380	0.000033314
250	380	0.000025878
250	380	0.000029865
250	380	0.000025489
250	380	0.000025985
250	380	0.000025451
250	380	0.000025661
250	380	0.000023347
250	380	0.000034555
250	380	0.000023345
250	380	0.000025163
250	380	0.000031373
250	380	0.000023500
250	380	0.000025639
250	380	0.000025856
250	380	0.000026081
250	380	0.000028866
250	380	0.000036040
250	380	0.000023229
250	380	0.000026106
250	380	0.000033940
250	510	0.000029960
250	510	0.000055845
250	510	0.000037020
250	510	0.000029609
250	510	0.000050281
250	510	0.000056929
250	510	0.000032299
250	510	0.000029579
250	510	0.000027495
250	510	0.000030109
250	510	0.000030040
250	510	0.000033785
250	510	0.000031057
250	510	0.000038455
250	510	0.000037809
250	510	0.000043872
250	510	0.000031878
250	510	0.000030290
250	510	0.000029874
250	510	0.000047318
250	510	0.000038322
250	510	0.000029908
250	510	0.000029544
250	510	0.000053188
250	510	0.000044767
250	510	0.000040535
250	510	0.000033338
250	510	0.000042802
250	510	0.000045486
250	510	0.000030491
250	510	0.000030816
250	510	0.000063751
250	510	0.000032552
250	510	0.000039972
250	510	0.000034069
250	510	0.000034946
250	510	0.000041241
250	510	0.000030306
250	510	0.000036031
250	510	0.000044040
250	510	0.000038300
250	510	0.000031638
250	510	0.000045193
250	510	0.000033368
250	510	0.000029986
250	510	0.000031049
250	510	0.000041045
250	510	0.000040222
250	510	0.000033492
250	510	0.000030022
250	510	0.000036958
250	510	0.000033418
250	510	0.000029380
250	510	0.000040558
250	510	0.000041065
250	510	0.000038436
250	510	0.000030636
250	510	0.000030195
250	510	0.000035410
250	510	0.000039308
250	510	0.000032037
250	510	0.000031010
250	510	0.000032628
250	510	0.000030049
250	510	0.000051861
250	510	0.000038475
250	510	0.000045355
250	510	0.000030771
250	510	0.000030382
250	510	0.000053790
250	510	0.000034940
250	510	0.000030204
250	510	0.000041161
250	510	0.000029449
250	510	0.000030917
250	510	0.000030775
250	510	0.000054431
250	510	0.000042104
250	510	0.000036448
250	510	0.000030468
250	510	0.000030387
250	510	0.000028109
250	510	0.000049057
250	510	0.000041203
250	510	0.000032118
250	510	0.000044499
250	510	0.000032289
250	510	0.000050307
250	510	0.000031775
250	510	0.000032478
250	510	0.000036271
250	510	0.000031519
250	510	0.000029614
250	510	0.000029635
250	510	0.000050523
250	510	0.000043276
250	510	0.000043869
250	510	0.000040472
250	510	0.000030403
250	510	0.000030215
250	600	0.000058271
250	600	0.000065025
250	600	0.000064968
250	600	0.000048788
250	600	0.000060501
250	600	0.000040588
250	600	0.000034650
250	600	0.000036537
250	600	0.000089593
250	600	0.000046944
250	600	0.000044955
250	600	0.000038318
250	600	0.000038481
250	600	0.000038926
250	600	0.000043266
250	600	0.000038705
250	600	0.000040429
250	600	0.000040321
250	600	0.000040291
250	600	0.000041024
250	600	0.000040441
250	600	0.000040954
250	600	0.000052091
250	600	0.000040948
250	600	0.000040290
250	600	0.000051322
250	600	0.000051522
250	600	0.000050911
250	600	0.000051990
250	600	0.000050777
250	600	0.000051527
250	600	0.000061217
250	600	0.000060870
250	600	0.000060365
250	600	0.000038854
250	600	0.000038814
250	600	0.000036436
250	600	0.000068191
250	600	0.000052950
250	600	0.000044185
250	600	0.000040589
250	600	0.000049912
250	600	0.000041588
250	600	0.000045783
250	600	0.000039832
250	600	0.000038890
250	600	0.000049517
250	600	0.000050302
250	600	0.000058014
250	600	0.000038353
250	600	0.000038795
250	600	0.000038511
250	600	0.000056542
250	600	0.000038376
250	600	0.000039350
250	600	0.000039562
250	600	0.000036919
250	600	0.000053176
250	600	0.000042214
250	600	0.000060501
250	600	0.000040496
250	600	0.000038698
250	600	0.000038424
250	600	0.000038273
250	600	0.000060461
250	600	0.000054100
250	600	0.000038889
250	600	0.000036292
250	600	0.000049445
250	600	0.000038493
250	600	0.000044940
250	600	0.000049961
250	600	0.000039339
250	600	0.000070293
250	600	0.000037474
250	600	0.000046730
250	600	0.000038448
250	600	0.000052871
250	600	0.000056267
250	600	0.000038522
250	600	0.000041137
250	600	0.000052605
250	600	0.000038349
250	600	0.000039572
250	600	0.000039848
250	600	0.000038678
250	600	0.000038492
250	600	0.000060475
250	600	0.000061408
250	600	0.000045404
250	600	0.000038706
250	600	0.000038797
250	600	0.000061208
250	600	0.000046536
250	600	0.000046346
250	600	0.000051421
250	600	0.000043133
250	600	0.000047468
250	600	0.000038429
250	600	0.000039530
380	128	0.000010820
380	128	0.000020265
380	128	0.000014433
380	128	0.000011429
380	128	0.000016895
380	128	0.000014184
380	128	0.000010333
380	128	0.000034650
380	128	0.000013435
380	128	0.000012711
380	128	0.000012669
380	128	0.000010849
380	128	0.000011023
380	128	0.000014875
380	128	0.000011670
380	128	0.000011490
380	128	0.000010964
380	128	0.000010971
380	128	0.000010844
380	128	0.000015141
380	128	0.000014683
380	128	0.000017994
380	128	0.000014253
380	128	0.000010947
380	128	0.000011066
380	128	0.000010837
380	128	0.000017769
380	128	0.000010857
380	128	0.000013912
380	128	0.000011267
380	128	0.000011116
380	128	0.000019571
380	128	0.000012475
380	128	0.000010908
380	128	0.000016005
380	128	0.000011091
380	128	0.000011051
380	128	0.000024647
380	128	0.000012314
380	128	0.000010792
380	128	0.000015887
380	128	0.000015234
380	128	0.000016465
380	128	0.000010975
380	128	0.000019328
380	128	0.000014319
380	128	0.000011745
380	128	0.000011376
380	128	0.000011492
380	128	0.000015474
380	128	0.000011009
380	128	0.000011515
380	128	0.000015486
380	128	0.000014387
380	128	0.000011172
380	128	0.000015396
380	128	0.000011402
380	128	0.000015920
380	128	0.000013676
380	128	0.000016539
380	128	0.000010808
380	128	0.000012672
380	128	0.000011221
380	128	0.000010861
380	128	0.000015523
380	128	0.000010833
380	128	0.000011043
380	128	0.000012334
380	128	0.000014858
380	128	0.000014314
380	128	0.000011167
380	128	0.000014178
380	128	0.000011084
380	128	0.000014845
380	128	0.000015500
380	128	0.000015020
380	128	0.000014741
380	128	0.000014866
380	128	0.000014873
380	128	0.000014749
380	128	0.000014812
380	128	0.000015863
380	128	0.000010806
380	128	0.000010837
380	128	0.000015155
380	128	0.000014833
380	128	0.000016767
380	128	0.000013868
380	128	0.000015918
380	128	0.000011274
380	128	0.000014556
380	128	0.000010954
380	128	0.000011135
380	128	0.000014439
380	128	0.000010879
380	128	0.000011738
380	128	0.000015301
380	128	0.000015642
380	128	0.000011407
380	128	0.000017198
380	256	0.000059514
380	256	0.000043522
380	256	0.000045002
380	256	0.000050878
380	256	0.000036100
380	256	0.000031811
380	256	0.000034214
380	256	0.000055769
380	256	0.000047965
380	256	0.000046712
380	256	0.000034208
380	256	0.000034177
380	256	0.000041381
380	256	0.000044937
380	256	0.000045669
380	256	0.000034353
380	256	0.000037548
380	256	0.000033562
380	256	0.000054877
380	256	0.000034203
380	256	0.000031901
380	256	0.000041766
380	256	0.000040861
380	256	0.000033293
380	256	0.000034239
380	256	0.000062242
380	256	0.000034312
380	256	0.000034147
380	256	0.000051161
380	256	0.000035186
380	256	0.000031224
380	256	0.000034202
380	256	0.000034822
380	256	0.000034423
380	256	0.000047022
380	256	0.000036227
380	256	0.000035270
380	256	0.000035924
380	256	0.000034715
380	256	0.000031689
380	256	0.000042670
380	256	0.000048193
380	256	0.000046673
380	256	0.000042168
380	256	0.000042303
380	256	0.000041248
380	256	0.000041133
380	256	0.000037732
380	256	0.000041270
380	256	0.000041284
380	256	0.000044120
380	256	0.000040073
380	256	0.000044094
380	256	0.000044713
380	256	0.000043893
380	256	0.000043921
380	256	0.000034241
380	256	0.000034114
380	256	0.000042834
380	256	0.000043620
380	256	0.000046985
380	256	0.000083599
380	256	0.000058468
380	256	0.000050419
380	256	0.000037617
380	256	0.000042510
380	256	0.000041565
380	256	0.000048576
380	256	0.000036901
380	256	0.000034421
380	256	0.000045298
380	256	0.000038072
380	256	0.000034966
380	256	0.000031414
380	256	0.000059357
380	256	0.000037971
380	256	0.000042057
380	256	0.000034493
380	256	0.000034529
380	256	0.000045675
380	256	0.000035485
380	256	0.000035379
380	256	0.000046109
380	256	0.000034414
380	256	0.000034247
380	256	0.000036247
380	256	0.000035099
380	256	0.000035870
380	256	0.000036701
380	256	0.000034954
380	256	0.000034969
380	256	0.000044111
380	256	0.000046820
380	256	0.000041238
380	256	0.000034332
380	256	0.000052046
380	256	0.000036109
380	256	0.000050169
380	256	0.000049748
380	256	0.000041364
380	380	0.000052427
380	380	0.000048599
380	380	0.000045384
380	380	0.000057288
380	380	0.000037566
380	380	0.000037633
380	380	0.000037602
380	380	0.000037512
380	380	0.000038240
380	380	0.000045726
380	380	0.000045749
380	380	0.000055686
380	380	0.000037531
380	380	0.000037749
380	380	0.000037614
380	380	0.000041964
380	380	0.000061449
380	380	0.000048402
380	380	0.000048654
380	380	0.000048375
380	380	0.000044694
380	380	0.000037573
380	380	0.000036876
380	380	0.000052111
380	380	0.000052761
380	380	0.000042218
380	380	0.000044532
380	380	0.000037648
380	380	0.000069678
380	380	0.000049109
380	380	0.000037728
380	380	0.000039258
380	380	0.000039849
380	380	0.000045571
380	380	0.000040696
380	380	0.000038245
380	380	0.000037122
380	380	0.000039613
380	380	0.000050032
380	380	0.000039651
380	380	0.000037606
380	380	0.000037641
380	380	0.000059566
380	380	0.000072585
380	380	0.000037566
380	380	0.000039238
380	380	0.000038272
380	380	0.000037588
380	380	0.000037588
380	380	0.000038052
380	380	0.000038032
380	380	0.000038547
380	380	0.000068851
380	380	0.000050834
380	380	0.000053525
380	380	0.000055573
380	380	0.000048904
380	380	0.000037649
380	380	0.000041781
380	380	0.000059776
380	380	0.000059139
380	380	0.000047308
380	380	0.000062577
380	380	0.000037648
380	380	0.000038345
380	380	0.000066638
380	380	0.000049527
380	380	0.000039519
380	380	0.000049887
380	380	0.000048704
380	380	0.000046004
380	380	0.000038587
380	380	0.000070069
380	380	0.000050743
380	380	0.000038775
380	380	0.000161321
380	380	0.000056423
380	380	0.000061625
380	380	0.000054448
380	380	0.000047153
380	380	0.000038490
380	380	0.000038224
380	380	0.000038251
380	380	0.000048704
380	380	0.000036851
380	380	0.000037811
380	380	0.000045625
380	380	0.000038744
380	380	0.000070319
380	380	0.000047301
380	380	0.000039244
380	380	0.000053216
380	380	0.000037665
380	380	0.000057520
380	380	0.000037473
380	380	0.000035068
380	380	0.000038224
380	380	0.000065664
380	380	0.000038279
380	380	0.000048923
380	510	0.000053627
380	510	0.000052787
380	510	0.000058289
380	510	0.000075745
380	510	0.000050271
380	510	0.000045425
380	510	0.000044856
380	510	0.000044869
380	510	0.000039994
380	510	0.000045008
380	510	0.000044813
380	510	0.000058219
380	510	0.000161343
380	510	0.000057368
380	510	0.000047102
380	510	0.000047888
380	510	0.000046024
380	510	0.000042290
380	510	0.000042394
380	510	0.000044591
380	510	0.000048864
380	510	0.000047405
380	510	0.000070797
380	510	0.000047124
380	510	0.000055310
380	510	0.000049701
380	510	0.000047104
380	510	0.000047687
380	510	0.000045370
380	510	0.000059686
380	510	0.000065709
380	510	0.000063215
380	510	0.000046842
380	510	0.000045961
380	510	0.000070344
380	510	0.000089817
380	510	0.000053839
380	510	0.000044926
380	510	0.000050421
380	510	0.000063742
380	510	0.000053882
380	510	0.000056922
380	510	0.000045396
380	510	0.000067677
380	510	0.000048063
380	510	0.000041951
380	510	0.000065083
380	510	0.000050938
380	510	0.000046020
380	510	0.000056629
380	510	0.000051657
380	510	0.000073305
380	510	0.000064559
380	510	0.000047261
380	510	0.000064478
380	510	0.000049725
380	510	0.000068957
380	510	0.000046047
380	510	0.000057203
380	510	0.000051619
380	510	0.000045498
380	510	0.000061937
380	510	0.000061897
380	510	0.000069450
380	510	0.000044919
380	510	0.000055967
380	510	0.000044761
380	510	0.000060633
380	510	0.000045025
380	510	0.000045362
380	510	0.000053978
380	510	0.000058420
380	510	0.000045725
380	510	0.000045516
380	510	0.000045067
380	510	0.000049099
380	510	0.000044881
380	510	0.000052236
380	510	0.000081320
380	510	0.000054308
380	510	0.000054235
380	510	0.000047734
380	510	0.000067696
380	510	0.000067248
380	510	0.000044073
380	510	0.000062196
380	510	0.000069397
380	510	0.000052592
380	510	0.000057574
380	510	0.000081318
380	510	0.000060721
380	510	0.000044608
380	510	0.000043800
380	510	0.000056960
380	510	0.000066948
380	510	0.000058341
380	510	0.000075247
380	510	0.000045495
380	510	0.000058819
380	510	0.000047387
380	600	0.000084594
380	600	0.000069699
380	600	0.000094638
380	600	0.000070183
380	600	0.000080013
380	600	0.000055277
380	600	0.000079528
380	600	0.000072478
380	600	0.000080467
380	600	0.000066375
380	600	0.000072147
380	600	0.000069496
380	600	0.000058928
380	600	0.000072946
380	600	0.000058732
380	600	0.000084143
380	600	0.000064484
380	600	0.000075945
380	600	0.000077830
380	600	0.000062894
380	600	0.000071427
380	600	0.000071699
380	600	0.000064604
380	600	0.000073261
380	600	0.000059710
380	600	0.000079824
380	600	0.000075227
380	600	0.000055724
380	600	0.000055861
380	600	0.000075584
380	600	0.000061235
380	600	0.000070864
380	600	0.000084194
380	600	0.000085212
380	600	0.000060367
380	600	0.000059741
380	600	0.000056705
380	600	0.000076355
380	600	0.000061215
380	600	0.000058096
380	600	0.000064921
380	600	0.000069123
380	600	0.000137826
380	600	0.000081091
380	600	0.000058725
380	600	0.000078321
380	600	0.000064353
380	600	0.000058244
380	600	0.000076543
380	600	0.000074340
380	600	0.000082954
380	600	0.000058232
380	600	0.000058890
380	600	0.000094314
380	600	0.000070305
380	600	0.000093370
380	600	0.000082604
380	600	0.000090628
380	600	0.000068113
380	600	0.000069978
380	600	0.000070699
380	600	0.000064753
380	600	0.000071220
380	600	0.000060387
380	600	0.000075710
380	600	0.000080473
380	600	0.000088695
380	600	0.000069616
380	600	0.000089525
380	600	0.000065703
380	600	0.000089531
380	600	0.000061317
380	600	0.000062872
380	600	0.000059697
380	600	0.000058894
380	600	0.000058242
380	600	0.000071742
380	600	0.000070298
380	600	0.000061266
380	600	0.000079157
380	600	0.000066256
380	600	0.000058852
380	600	0.000055040
380	600	0.000058898
380	600	0.000058149
380	600	0.000097763
380	600	0.000061442
380	600	0.000093052
380	600	0.000069618
380	600	0.000057692
380	600	0.000072701
380	600	0.000058335
380	600	0.000061273
380	600	0.000069859
380	600	0.000089619
380	600	0.000071533
380	600	0.000058181
380	600	0.000072248
380	600	0.000073069
380	600	0.000079611
510	128	0.000021702
510	128	0.000028423
510	128	0.000017116
510	128	0.000027067
510	128	0.000017997
510	128	0.000024527
510	128	0.000016526
510	128	0.000013870
510	128	0.000015126
510	128	0.000015287
510	128	0.000021317
510	128	0.000021517
510	128	0.000019086
510	128	0.000014604
510	128	0.000014514
510	128	0.000020569
510	128	0.000020480
510	128	0.000017012
510	128	0.000015232
510	128	0.000015399
510	128	0.000014589
510	128	0.000014526
510	128	0.000014768
510	128	0.000026721
510	128	0.000031855
510	128	0.000028681
510	128	0.000016568
510	128	0.000015718
510	128	0.000023816
510	128	0.000015687
510	128	0.000015264
510	128	0.000014540
510	128	0.000014558
510	128	0.000019438
510	128	0.000016196
510	128	0.000016132
510	128	0.000016107
510	128	0.000016021
510	128	0.000016286
510	128	0.000016322
510	128	0.000016417
510	128	0.000016087
510	128	0.000016906
510	128	0.000017150
510	128	0.000018495
510	128	0.000017773
510	128	0.000017758
510	128	0.000017982
510	128	0.000017556
510	128	0.000017460
510	128	0.000017562
510	128	0.000018547
510	128	0.000017487
510	128	0.000019201
510	128	0.000019510
510	128	0.000019479
510	128	0.000019237
510	128	0.000020274
510	128	0.000020278
510	128	0.000023782
510	128	0.000023813
510	128	0.000023900
510	128	0.000023739
510	128	0.000023858
510	128	0.000015303
510	128	0.000019834
510	128	0.000018629
510	128	0.000024768
510	128	0.000014545
510	128	0.000025709
510	128	0.000015985
510	128	0.000015556
510	128	0.000014575
510	128	0.000015287
510	128	0.000014492
510	128	0.000014589
510	128	0.000019198
510	128	0.000014580
510	128	0.000015132
510	128	0.000019456
510	128	0.000015107
510	128	0.000014614
510	128	0.000020929
510	128	0.000015644
510	128	0.000014568
510	128	0.000028110
510	128	0.000014974
510	128	0.000014917
510	128	0.000018357
510	128	0.000015654
510	128	0.000014906
510	128	0.000014943
510	128	0.000031090
510	128	0.000017511
510	128	0.000019188
510	128	0.000022093
510	128	0.000016243
510	128	0.000014862
510	128	0.000015083
510	128	0.000023535
510	256	0.000058074
510	256	0.000061921
510	256	0.000078229
510	256	0.000074929
510	256	0.000045796
510	256	0.000062190
510	256	0.000073818
510	256	0.000045902
510	256	0.000042529
510	256	0.000049952
510	256	0.000045755
510	256	0.000049358
510	256	0.000048539
510	256	0.000053220
510	256	0.000063314
510	256	0.000075817
510	256	0.000047902
510	256	0.000046998
510	256	0.000073697
510	256	0.000071176
510	256	0.000056215
510	256	0.000054619
510	256	0.000049149
510	256	0.000054627
510	256	0.000063727
510	256	0.000063894
510	256	0.000062772
510	256	0.000047082
510	256	0.000051395
510	256	0.000060115
510	256	0.000041843
510	256	0.000054970
510	256	0.000047053
510	256	0.000041778
510	256	0.000042856
510	256	0.000057538
510	256	0.000050665
510	256	0.000042905
510	256	0.000046183
510	256	0.000045768
510	256	0.000067729
510	256	0.000046741
510	256	0.000051833
510	256	0.000049047
510	256	0.000060228
510	256	0.000046106
510	256	0.000053549
510	256	0.000077290
510	256	0.000063560
510	256	0.000048149
510	256	0.000047939
510	256	0.000045610
510	256	0.000049505
510	256	0.000065431
510	256	0.000053490
510	256	0.000051128
510	256	0.000047902
510	256	0.000047139
510	256	0.000058836
510	256	0.000046851
510	256	0.000047947
510	256	0.000057616
510	256	0.000048058
510	256	0.000077124
510	256	0.000053744
510	256	0.000045850
510	256	0.000076295
510	256	0.000077836
510	256	0.000045849
510	256	0.000046055
510	256	0.000055534
510	256	0.000058739
510	256	0.000066631
510	256	0.000063362
510	256	0.000061461
510	256	0.000069254
510	256	0.000045943
510	256	0.000042823
510	256	0.000062416
510	256	0.000082880
510	256	0.000061587
510	256	0.000045867
510	256	0.000056855
510	256	0.000073238
510	256	0.000056870
510	256	0.000047012
510	256	0.000070698
510	256	0.000055492
510	256	0.000050764
510	256	0.000045980
510	256	0.000085442
510	256	0.000048984
510	256	0.000047847
510	256	0.000046620
510	256	0.000065041
510	256	0.000056115
510	256	0.000059221
510	256	0.000046942
510	256	0.000063926
510	256	0.000047659
510	380	0.000067721
510	380	0.000053377
510	380	0.000063951
510	380	0.000058031
510	380	0.000051642
510	380	0.000062399
510	380	0.000052483
510	380	0.000051885
510	380	0.000055785
510	380	0.000084305
510	380	0.000069557
510	380	0.000060073
510	380	0.000051227
510	380	0.000050458
510	380	0.000056737
510	380	0.000053532
510	380	0.000050459
510	380	0.000061360
510	380	0.000051140
510	380	0.000061026
510	380	0.000068667
510	380	0.000050276
510	380	0.000061132
510	380	0.000067026
510	380	0.000069896
510	380	0.000079260
510	380	0.000068840
510	380	0.000051259
510	380	0.000079521
510	380	0.000067135
510	380	0.000052966
510	380	0.000049452
510	380	0.000052802
510	380	0.000056452
510	380	0.000052831
510	380	0.000061219
510	380	0.000070187
510	380	0.000059689
510	380	0.000060656
510	380	0.000060925
510	380	0.000066174
510	380	0.000060938
510	380	0.000061651
510	380	0.000060825
510	380	0.000063503
510	380	0.000065636
510	380	0.000065625
510	380	0.000065612
510	380	0.000064361
510	380	0.000065013
510	380	0.000064638
510	380	0.000064489
510	380	0.000064499
510	380	0.000064367
510	380	0.000060608
510	380	0.000064257
510	380	0.000063802
510	380	0.000065630
510	380	0.000064467
510	380	0.000082645
510	380	0.000071283
510	380	0.000059557
510	380	0.000054742
510	380	0.000051112
510	380	0.000080706
510	380	0.000051900
510	380	0.000054608
510	380	0.000050644
510	380	0.000068736
510	380	0.000051268
510	380	0.000071197
510	380	0.000074470
510	380	0.000060910
510	380	0.000057640
510	380	0.000058985
510	380	0.000053111
510	380	0.000062334
510	380	0.000051848
510	380	0.000051491
510	380	0.000050319
510	380	0.000050480
510	380	0.000051785
510	380	0.000069166
510	380	0.000050372
510	380	0.000072890
510	380	0.000060042
510	380	0.000050212
510	380	0.000062746
510	380	0.000051238
510	380	0.000051769
510	380	0.000069393
510	380	0.000072553
510	380	0.000058894
510	380	0.000058070
510	380	0.000072055
510	380	0.000063965
510	380	0.000054801
510	380	0.000073272
510	380	0.000056076
510	380	0.000057346
510	510	0.000064126
510	510	0.000083181
510	510	0.000069679
510	510	0.000078230
510	510	0.000078364
510	510	0.000089210
510	510	0.000069389
510	510	0.000060993
510	510	0.000055993
510	510	0.000099765
510	510	0.000061014
510	510	0.000060914
510	510	0.000059978
510	510	0.000060094
510	510	0.000077444
510	510	0.000075306
510	510	0.000066298
510	510	0.000084902
510	510	0.000064819
510	510	0.000064830
510	510	0.000059281
510	510	0.000073839
510	510	0.000063956
510	510	0.000063916
510	510	0.000095273
510	510	0.000084887
510	510	0.000085331
510	510	0.000084952
510	510	0.000084824
510	510	0.000085010
510	510	0.000085320
510	510	0.000089481
510	510	0.000108419
510	510	0.000107101
510	510	0.000108571
510	510	0.000106915
510	510	0.000114761
510	510	0.000124964
510	510	0.000123061
510	510	0.000123399
510	510	0.000147200
510	510	0.000152413
510	510	0.000202559
510	510	0.000164455
510	510	0.000160298
510	510	0.000161926
510	510	0.000162804
510	510	0.000154037
510	510	0.000154220
510	510	0.000154226
510	510	0.000154052
510	510	0.000154269
510	510	0.000151596
510	510	0.000154453
510	510	0.000154689
510	510	0.000155954
510	510	0.000154162
510	510	0.000143551
510	510	0.000143413
510	510	0.000154075
510	510	0.000154267
510	510	0.000154427
510	510	0.000156317
510	510	0.000154145
510	510	0.000266295
510	510	0.000162488
510	510	0.000160778
510	510	0.000160299
510	510	0.000156544
510	510	0.000159992
510	510	0.000191645
510	510	0.000160045
510	510	0.000161737
510	510	0.000164859
510	510	0.000163763
510	510	0.000153838
510	510	0.000154034
510	510	0.000154144
510	510	0.000143823
510	510	0.000145962
510	510	0.000153942
510	510	0.000154372
510	510	0.000154178
510	510	0.000180873
510	510	0.000154027
510	510	0.000153935
510	510	0.000154188
510	510	0.000153694
510	510	0.000145906
510	510	0.000143359
510	510	0.000153883
510	510	0.000144099
510	510	0.000153933
510	510	0.000166663
510	510	0.000166310
510	510	0.000179354
510	510	0.000165551
510	510	0.000164439
510	510	0.000166490
510	510	0.000163011
510	600	0.000089236
510	600	0.000077269
510	600	0.000083779
510	600	0.000099850
510	600	0.000081965
510	600	0.000077989
510	600	0.000099625
510	600	0.000077976
510	600	0.000091624
510	600	0.000091928
510	600	0.000102941
510	600	0.000107761
510	600	0.000079342
510	600	0.000082482
510	600	0.000083106
510	600	0.000106973
510	600	0.000086405
510	600	0.000098076
510	600	0.000078235
510	600	0.000094829
510	600	0.000078942
510	600	0.000110513
510	600	0.000078997
510	600	0.000077922
510	600	0.000088609
510	600	0.000081430
510	600	0.000103968
510	600	0.000092843
510	600	0.000078214
510	600	0.000078195
510	600	0.000077982
510	600	0.000160044
510	600	0.000078851
510	600	0.000078818
510	600	0.000096578
510	600	0.000078000
510	600	0.000130751
510	600	0.000112780
510	600	0.000117908
510	600	0.000099759
510	600	0.000091370
510	600	0.000106510
510	600	0.000087520
510	600	0.000096154
510	600	0.000089058
510	600	0.000092364
510	600	0.000112537
510	600	0.000098139
510	600	0.000093141
510	600	0.000080824
510	600	0.000078918
510	600	0.000096329
510	600	0.000092041
510	600	0.000078775
510	600	0.000096246
510	600	0.000104049
510	600	0.000090943
510	600	0.000096293
510	600	0.000078012
510	600	0.000080701
510	600	0.000131694
510	600	0.000094881
510	600	0.000077485
510	600	0.000101222
510	600	0.000085891
510	600	0.000098101
510	600	0.000117876
510	600	0.000078203
510	600	0.000078954
510	600	0.000089562
510	600	0.000078887
510	600	0.000094608
510	600	0.000099693
510	600	0.000103432
510	600	0.000110641
510	600	0.000087965
510	600	0.000077950
510	600	0.000117316
510	600	0.000096220
510	600	0.000098988
510	600	0.000078781
510	600	0.000074074
510	600	0.000089888
510	600	0.000082498
510	600	0.000098280
510	600	0.000077059
510	600	0.000110905
510	600	0.000091958
510	600	0.000101218
510	600	0.000091669
510	600	0.000078016
510	600	0.000092379
510	600	0.000080660
510	600	0.000127084
510	600	0.000097667
510	600	0.000119635
510	600	0.000144588
510	600	0.000091357
510	600	0.000102202
510	600	0.000079046
600	128	0.000022301
600	128	0.000020791
600	128	0.000018016
600	128	0.000025578
600	128	0.000025416
600	128	0.000017921
600	128	0.000018351
600	128	0.000018212
600	128	0.000018530
600	128	0.000023750
600	128	0.000025849
600	128	0.000026356
600	128	0.000017095
600	128	0.000017070
600	128	0.000017291
600	128	0.000017193
600	128	0.000017150
600	128	0.000017059
600	128	0.000018031
600	128	0.000017685
600	128	0.000017056
600	128	0.000023047
600	128	0.000024976
600	128	0.000032523
600	128	0.000017941
600	128	0.000017031
600	128	0.000030826
600	128	0.000017543
600	128	0.000017836
600	128	0.000019957
600	128	0.000022754
600	128	0.000024911
600	128	0.000018456
600	128	0.000018825
600	128	0.000018028
600	128	0.000042433
600	128	0.000017758
600	128	0.000018110
600	128	0.000018239
600	128	0.000017077
600	128	0.000017284
600	128	0.000022256
600	128	0.000017583
600	128	0.000017556
600	128	0.000024524
600	128	0.000018035
600	128	0.000028068
600	128	0.000027287
600	128	0.000017131
600	128	0.000020799
600	128	0.000019963
600	128	0.000017124
600	128	0.000020047
600	128	0.000020640
600	128	0.000017130
600	128	0.000022849
600	128	0.000029757
600	128	0.000025973
600	128	0.000021225
600	128	0.000027847
600	128	0.000018013
600	128	0.000017331
600	128	0.000017063
600	128	0.000024770
600	128	0.000019337
600	128	0.000017865
600	128	0.000024588
600	128	0.000023241
600	128	0.000017946
600	128	0.000023322
600	128	0.000017729
600	128	0.000021687
600	128	0.000017069
600	128	0.000017558
600	128	0.000021589
600	128	0.000033433
600	128	0.000026590
600	128	0.000025853
600	128	0.000027989
600	128	0.000018722
600	128	0.000021448
600	128	0.000018371
600	128	0.000037715
600	128	0.000021786
600	128	0.000017134
600	128	0.000019291
600	128	0.000021948
600	128	0.000017049
600	128	0.000016986
600	128	0.000017987
600	128	0.000017132
600	128	0.000033151
600	128	0.000017078
600	128	0.000017048
600	128	0.000032154
600	128	0.000025778
600	128	0.000031824
600	128	0.000021891
600	128	0.000018758
600	128	0.000021661
600	256	0.000057239
600	256	0.000060871
600	256	0.000092188
600	256	0.000053836
600	256	0.000080044
600	256	0.000066274
600	256	0.000075374
600	256	0.000057750
600	256	0.000054944
600	256	0.000066721
600	256	0.000058252
600	256	0.000049984
600	256	0.000054133
600	256	0.000054076
600	256	0.000054932
600	256	0.000064241
600	256	0.000051373
600	256	0.000055227
600	256	0.000056880
600	256	0.000068063
600	256	0.000055910
600	256	0.000057674
600	256	0.000055488
600	256	0.000079125
600	256	0.000071168
600	256	0.000057608
600	256	0.000066437
600	256	0.000067319
600	256	0.000066691
600	256	0.000059686
600	256	0.000063239
600	256	0.000066090
600	256	0.000064468
600	256	0.000063239
600	256	0.000064376
600	256	0.000063344
600	256	0.000063195
600	256	0.000054908
600	256	0.000055891
600	256	0.000061461
600	256	0.000058990
600	256	0.000061884
600	256	0.000069228
600	256	0.000061671
600	256	0.000071608
600	256	0.000055020
600	256	0.000105061
600	256	0.000050189
600	256	0.000051499
600	256	0.000050670
600	256	0.000051329
600	256	0.000050277
600	256	0.000071906
600	256	0.000085930
600	256	0.000055236
600	256	0.000070941
600	256	0.000055872
600	256	0.000051658
600	256	0.000061313
600	256	0.000054096
600	256	0.000055108
600	256	0.000093091
600	256	0.000085791
600	256	0.000054814
600	256	0.000065235
600	256	0.000075971
600	256	0.000053939
600	256	0.000054965
600	256	0.000054083
600	256	0.000054045
600	256	0.000063463
600	256	0.000098011
600	256	0.000054940
600	256	0.000067352
600	256	0.000054117
600	256	0.000058233
600	256	0.000068962
600	256	0.000053890
600	256	0.000065171
600	256	0.000060387
600	256	0.000053097
600	256	0.000054914
600	256	0.000074902
600	256	0.000073863
600	256	0.000070321
600	256	0.000076984
600	256	0.000066802
600	256	0.000054266
600	256	0.000053754
600	256	0.000068553
600	256	0.000053850
600	256	0.000053845
600	256	0.000061320
600	256	0.000055197
600	256	0.000054058
600	256	0.000054024
600	256	0.000094681
600	256	0.000065001
600	256	0.000054230
600	256	0.000053923
600	380	0.000090866
600	380	0.000059211
600	380	0.000069683
600	380	0.000075721
600	380	0.000060183
600	380	0.000060225
600	380	0.000059186
600	380	0.000071752
600	380	0.000059184
600	380	0.000079395
600	380	0.000071907
600	380	0.000082199
600	380	0.000060281
600	380	0.000067019
600	380	0.000066699
600	380	0.000065425
600	380	0.000074828
600	380	0.000064913
600	380	0.000060210
600	380	0.000076357
600	380	0.000060744
600	380	0.000090854
600	380	0.000074859
600	380	0.000055568
600	380	0.000059161
600	380	0.000059315
600	380	0.000060302
600	380	0.000062334
600	380	0.000094734
600	380	0.000095790
600	380	0.000079157
600	380	0.000076698
600	380	0.000069146
600	380	0.000081812
600	380	0.000074171
600	380	0.000063795
600	380	0.000070922
600	380	0.000059205
600	380	0.000074920
600	380	0.000076177
600	380	0.000059466
600	380	0.000065479
600	380	0.000088946
600	380	0.000070936
600	380	0.000067545
600	380	0.000071301
600	380	0.000072082
600	380	0.000084932
600	380	0.000069315
600	380	0.000068545
600	380	0.000098807
600	380	0.000102283
600	380	0.000138557
600	380	0.000080577
600	380	0.000073445
600	380	0.000076921
600	380	0.000059678
600	380	0.000062224
600	380	0.000073070
600	380	0.000078587
600	380	0.000073504
600	380	0.000090630
600	380	0.000058506
600	380	0.000061955
600	380	0.000060752
600	380	0.000075813
600	380	0.000071414
600	380	0.000067071
600	380	0.000070587
600	380	0.000074296
600	380	0.000061694
600	380	0.000081760
600	380	0.000082723
600	380	0.000071119
600	380	0.000060648
600	380	0.000060476
600	380	0.000070155
600	380	0.000055047
600	380	0.000106191
600	380	0.000059224
600	380	0.000095163
600	380	0.000059362
600	380	0.000059986
600	380	0.000059393
600	380	0.000059464
600	380	0.000059221
600	380	0.000069933
600	380	0.000060941
600	380	0.000059279
600	380	0.000055557
600	380	0.000059139
600	380	0.000077256
600	380	0.000071049
600	380	0.000069367
600	380	0.000073273
600	380	0.000080155
600	380	0.000072500
600	380	0.000070166
600	380	0.000073408
600	380	0.000081286
600	510	0.000071772
600	510	0.000070850
600	510	0.000080533
600	510	0.000078535
600	510	0.000091493
600	510	0.000100541
600	510	0.000093362
600	510	0.000126520
600	510	0.000083986
600	510	0.000065801
600	510	0.000071688
600	510	0.000070847
600	510	0.000117249
600	510	0.000071554
600	510	0.000115996
600	510	0.000085496
600	510	0.000079569
600	510	0.000082951
600	510	0.000103968
600	510	0.000085356
600	510	0.000085350
600	510	0.000079592
600	510	0.000113168
600	510	0.000086807
600	510	0.000070629
600	510	0.000072403
600	510	0.000100751
600	510	0.000071555
600	510	0.000070591
600	510	0.000085206
600	510	0.000094919
600	510	0.000072569
600	510	0.000152017
600	510	0.000086961
600	510	0.000074820
600	510	0.000075359
600	510	0.000070564
600	510	0.000070758
600	510	0.000085127
600	510	0.000071986
600	510	0.000070852
600	510	0.000081711
600	510	0.000070741
600	510	0.000081512
600	510	0.000072579
600	510	0.000073480
600	510	0.000071511
600	510	0.000070687
600	510	0.000070652
600	510	0.000077348
600	510	0.000097165
600	510	0.000085899
600	510	0.000100322
600	510	0.000090822
600	510	0.000085236
600	510	0.000093337
600	510	0.000083971
600	510	0.000071635
600	510	0.000066183
600	510	0.000085470
600	510	0.000079781
600	510	0.000106751
600	510	0.000095609
600	510	0.000090274
600	510	0.000087271
600	510	0.000113498
600	510	0.000072044
600	510	0.000071677
600	510	0.000084751
600	510	0.000075371
600	510	0.000078240
600	510	0.000070657
600	510	0.000070613
600	510	0.000086057
600	510	0.000091225
600	510	0.000079205
600	510	0.000074140
600	510	0.000071719
600	510	0.000070814
600	510	0.000070677
600	510	0.000095196
600	510	0.000081454
600	510	0.000066108
600	510	0.000094370
600	510	0.000127608
600	510	0.000092502
600	510	0.000078945
600	510	0.000070650
600	510	0.000126334
600	510	0.000086478
600	510	0.000092448
600	510	0.000085741
600	510	0.000098314
600	510	0.000090394
600	510	0.000089327
600	510	0.000072061
600	510	0.000070714
600	510	0.000155755
600	510	0.000075312
600	510	0.000090002
600	600	0.000114335
600	600	0.000103725
600	600	0.000100370
600	600	0.000096528
600	600	0.000162887
600	600	0.000102722
600	600	0.000110009
600	600	0.000100252
600	600	0.000094986
600	600	0.000087977
600	600	0.000101415
600	600	0.000165459
600	600	0.000114214
600	600	0.000112785
600	600	0.000115165
600	600	0.000092104
600	600	0.000103623
600	600	0.000094289
600	600	0.000106073
600	600	0.000103699
600	600	0.000124322
600	600	0.000096493
600	600	0.000085900
600	600	0.000101744
600	600	0.000094787
600	600	0.000095431
600	600	0.000111229
600	600	0.000133555
600	600	0.000092810
600	600	0.000091074
600	600	0.000088221
600	600	0.000103438
600	600	0.000104709
600	600	0.000102224
600	600	0.000118055
600	600	0.000106787
600	600	0.000097399
600	600	0.000097609
600	600	0.000139788
600	600	0.000093042
600	600	0.000139761
600	600	0.000105994
600	600	0.000118273
600	600	0.000120097
600	600	0.000099400
600	600	0.000128772
600	600	0.000091761
600	600	0.000110656
600	600	0.000107486
600	600	0.000129810
600	600	0.000108762
600	600	0.000087977
600	600	0.000091750
600	600	0.000106399
600	600	0.000108040
600	600	0.000118705
600	600	0.000125608
600	600	0.000089200
600	600	0.000091789
600	600	0.000091641
600	600	0.000097536
600	600	0.000092789
600	600	0.000144950
600	600	0.000114303
600	600	0.000105232
600	600	0.000130840
600	600	0.000099739
600	600	0.000119629
600	600	0.000114110
600	600	0.000100821
600	600	0.000110699
600	600	0.000092643
600	600	0.000115894
600	600	0.000091674
600	600	0.000108858
600	600	0.000091909
600	600	0.000091716
600	600	0.000091997
600	600	0.000148139
600	600	0.000115544
600	600	0.000110799
600	600	0.000091699
600	600	0.000091736
600	600	0.000113067
600	600	0.000098802
600	600	0.000112051
600	600	0.000101434
600	600	0.000096435
600	600	0.000107147
600	600	0.000152174
600	600	0.000115681
600	600	0.000096829
600	600	0.000122045
600	600	0.000121283
600	600	0.000096395
600	600	0.000119546
600	600	0.000120925
600	600	0.000143904
600	600	0.000112472
600	600	0.000142085
