120	128	0.000165912
120	128	0.000145864
120	128	0.000117809
120	128	0.000119452
120	128	0.000133340
120	128	0.000151973
120	128	0.000142490
120	128	0.000139722
120	128	0.000117606
120	128	0.000165122
120	128	0.000125549
120	128	0.000118059
120	128	0.000135146
120	128	0.000147177
120	128	0.000117667
120	128	0.000117767
120	128	0.000134445
120	128	0.000121845
120	128	0.000133478
120	128	0.000127515
120	128	0.000124979
120	128	0.000132693
120	128	0.000123907
120	128	0.000123873
120	128	0.000149235
120	128	0.000134241
120	128	0.000132366
120	128	0.000123631
120	128	0.000121558
120	128	0.000123555
120	128	0.000155174
120	128	0.000145965
120	128	0.000123477
120	128	0.000144377
120	128	0.000152818
120	128	0.000126501
120	128	0.000180633
120	128	0.000118057
120	128	0.000121060
120	128	0.000139997
120	128	0.000117107
120	128	0.000140677
120	128	0.000140087
120	128	0.000153432
120	128	0.000154531
120	128	0.000170203
120	128	0.000183852
120	128	0.000151594
120	128	0.000120852
120	128	0.000175775
120	128	0.000185760
120	128	0.000156417
120	128	0.000118024
120	128	0.000141770
120	128	0.000117607
120	128	0.000162750
120	128	0.000181359
120	128	0.000152362
120	128	0.000138523
120	128	0.000167290
120	128	0.000171295
120	128	0.000151330
120	128	0.000166467
120	128	0.000146446
120	128	0.000187487
120	128	0.000122790
120	128	0.000163536
120	128	0.000137173
120	128	0.000164325
120	128	0.000156034
120	128	0.000163481
120	128	0.000118003
120	128	0.000122093
120	128	0.000140387
120	128	0.000169613
120	128	0.000135957
120	128	0.000171863
120	128	0.000147047
120	128	0.000156911
120	128	0.000188072
120	128	0.000173304
120	128	0.000152472
120	128	0.000149494
120	128	0.000127769
120	128	0.000165662
120	128	0.000172729
120	128	0.000152538
120	128	0.000120940
120	128	0.000183703
120	128	0.000175707
120	128	0.000184479
120	128	0.000146187
120	128	0.000141346
120	128	0.000128737
120	128	0.000141407
120	128	0.000123977
120	128	0.000134659
120	128	0.000147895
120	128	0.000155715
120	128	0.000117579
120	256	0.000237187
120	256	0.000240717
120	256	0.000226283
120	256	0.000283240
120	256	0.000295339
120	256	0.000272588
120	256	0.000281959
120	256	0.000250370
120	256	0.000247092
120	256	0.000267120
120	256	0.000224595
120	256	0.000275208
120	256	0.000238906
120	256	0.000232742
120	256	0.000236878
120	256	0.000237740
120	256	0.000221597
120	256	0.000245656
120	256	0.000253296
120	256	0.000220986
120	256	0.000265177
120	256	0.000307151
120	256	0.000242248
120	256	0.000274861
120	256	0.000226726
120	256	0.000255393
120	256	0.000237589
120	256	0.000267906
120	256	0.000277537
120	256	0.000274441
120	256	0.000277493
120	256	0.000277790
120	256	0.000281920
120	256	0.000276970
120	256	0.000276466
120	256	0.000289997
120	256	0.000290647
120	256	0.000286435
120	256	0.000284694
120	256	0.000285096
120	256	0.000375408
120	256	0.000388352
120	256	0.000378340
120	256	0.000345440
120	256	0.000340947
120	256	0.000342874
120	256	0.000372979
120	256	0.000383632
120	256	0.000383601
120	256	0.000417096
120	256	0.000421421
120	256	0.000423994
120	256	0.000530136
120	256	0.000527469
120	256	0.000538654
120	256	0.000530825
120	256	0.000523082
120	256	0.000540385
120	256	0.000538341
120	256	0.000540791
120	256	0.000538722
120	256	0.000528395
120	256	0.000560142
120	256	0.000561465
120	256	0.000552894
120	256	0.000538019
120	256	0.000579117
120	256	0.000520325
120	256	0.000519115
120	256	0.000499035
120	256	0.000517495
120	256	0.000478307
120	256	0.000467481
120	256	0.000489494
120	256	0.000559997
120	256	0.000520925
120	256	0.000538833
120	256	0.000553187
120	256	0.000536013
120	256	0.000546689
120	256	0.000568374
120	256	0.000572187
120	256	0.000554778
120	256	0.000528142
120	256	0.000580751
120	256	0.000528663
120	256	0.000560895
120	256	0.000553650
120	256	0.000577346
120	256	0.000565724
120	256	0.000530665
120	256	0.000601700
120	256	0.000518551
120	256	0.000555938
120	256	0.000574623
120	256	0.000572568
120	256	0.000566123
120	256	0.000583614
120	256	0.000546317
120	256	0.000553240
120	380	0.000312438
120	380	0.000313695
120	380	0.000307161
120	380	0.000371649
120	380	0.000386056
120	380	0.000352691
120	380	0.000346226
120	380	0.000343453
120	380	0.000316446
120	380	0.000360216
120	380	0.000309272
120	380	0.000341993
120	380	0.000333236
120	380	0.000338514
120	380	0.000332351
120	380	0.000338076
120	380	0.000334139
120	380	0.000333206
120	380	0.000336547
120	380	0.000332699
120	380	0.000456401
120	380	0.000451640
120	380	0.000460079
120	380	0.000460222
120	380	0.000499779
120	380	0.000491154
120	380	0.000547698
120	380	0.000603184
120	380	0.000609645
120	380	0.000639225
120	380	0.000637506
120	380	0.000713593
120	380	0.000737320
120	380	0.000746787
120	380	0.000772257
120	380	0.000768700
120	380	0.000798597
120	380	0.000783267
120	380	0.000780713
120	380	0.000802549
120	380	0.000811615
120	380	0.000749919
120	380	0.000797885
120	380	0.000791099
120	380	0.000798393
120	380	0.000809904
120	380	0.000788616
120	380	0.000791817
120	380	0.000814553
120	380	0.000790188
120	380	0.000763252
120	380	0.000802580
120	380	0.000768160
120	380	0.000748062
120	380	0.000799316
120	380	0.000778799
120	380	0.000743933
120	380	0.000809492
120	380	0.000792472
120	380	0.000775615
120	380	0.000799560
120	380	0.000789840
120	380	0.000790906
120	380	0.000805631
120	380	0.000821063
120	380	0.000793234
120	380	0.000800894
120	380	0.000783708
120	380	0.000802646
120	380	0.000799053
120	380	0.000813800
120	380	0.000793766
120	380	0.000813894
120	380	0.000829671
120	380	0.000751910
120	380	0.000757663
120	380	0.000753041
120	380	0.000763493
120	380	0.000573566
120	380	0.000591255
120	380	0.000587006
120	380	0.000612768
120	380	0.000603149
120	380	0.000680322
120	380	0.000666023
120	380	0.000800987
120	380	0.000794101
120	380	0.000775161
120	380	0.000796792
120	380	0.000797725
120	380	0.000777795
120	380	0.000795568
120	380	0.000784290
120	380	0.000764638
120	380	0.000816186
120	380	0.000788470
120	380	0.000789291
120	380	0.000755892
120	380	0.000786788
120	380	0.000779601
120	510	0.000426978
120	510	0.000493303
120	510	0.000440738
120	510	0.000444023
120	510	0.000454082
120	510	0.000415303
120	510	0.000460539
120	510	0.000460948
120	510	0.000449967
120	510	0.000463982
120	510	0.000488246
120	510	0.000451395
120	510	0.000466856
120	510	0.000408418
120	510	0.000460523
120	510	0.000454480
120	510	0.000458100
120	510	0.000443621
120	510	0.000413074
120	510	0.000522938
120	510	0.000507478
120	510	0.000507701
120	510	0.000558295
120	510	0.000558536
120	510	0.000565364
120	510	0.000539442
120	510	0.000546111
120	510	0.000551917
120	510	0.000603168
120	510	0.000610506
120	510	0.000622352
120	510	0.000697590
120	510	0.000732689
120	510	0.000806241
120	510	0.000812040
120	510	0.000766817
120	510	0.000767058
120	510	0.000889999
120	510	0.000912683
120	510	0.000837281
120	510	0.000775943
120	510	0.000735188
120	510	0.000735467
120	510	0.000736794
120	510	0.000783206
120	510	0.000851771
120	510	0.000847578
120	510	0.000934373
120	510	0.000976724
120	510	0.000996680
120	510	0.001047032
120	510	0.001056919
120	510	0.001039473
120	510	0.001041001
120	510	0.001054151
120	510	0.001026457
120	510	0.000991837
120	510	0.001004129
120	510	0.001049689
120	510	0.001008980
120	510	0.000995997
120	510	0.001037365
120	510	0.001045400
120	510	0.001034768
120	510	0.001004216
120	510	0.001042192
120	510	0.001040544
120	510	0.001041246
120	510	0.001034608
120	510	0.001056832
120	510	0.001034046
120	510	0.000995715
120	510	0.000996288
120	510	0.001005294
120	510	0.001038822
120	510	0.001054821
120	510	0.001009462
120	510	0.001033411
120	510	0.000970185
120	510	0.000944146
120	510	0.001035177
120	510	0.001032993
120	510	0.001031877
120	510	0.001005983
120	510	0.000991280
120	510	0.001020346
120	510	0.001026947
120	510	0.001026115
120	510	0.001053674
120	510	0.001016070
120	510	0.001006343
120	510	0.000996484
120	510	0.001007276
120	510	0.001035264
120	510	0.001024840
120	510	0.001033999
120	510	0.001052104
120	510	0.000998252
120	510	0.000938827
120	510	0.000892996
120	600	0.000505227
120	600	0.000483330
120	600	0.000518175
120	600	0.000549772
120	600	0.000510816
120	600	0.000523834
120	600	0.000503154
120	600	0.000479481
120	600	0.000512804
120	600	0.000509980
120	600	0.000549956
120	600	0.000483296
120	600	0.000520165
120	600	0.000479389
120	600	0.000565324
120	600	0.000515782
120	600	0.000540540
120	600	0.000478566
120	600	0.000608077
120	600	0.000635876
120	600	0.000604578
120	600	0.000643833
120	600	0.000636960
120	600	0.000653872
120	600	0.000663783
120	600	0.000659429
120	600	0.000868179
120	600	0.000869696
120	600	0.000909754
120	600	0.000914268
120	600	0.000910041
120	600	0.000953202
120	600	0.001040430
120	600	0.001103189
120	600	0.001058397
120	600	0.001012097
120	600	0.000965527
120	600	0.000942391
120	600	0.000948475
120	600	0.000942881
120	600	0.000957421
120	600	0.000936242
120	600	0.000944275
120	600	0.000993542
120	600	0.001107168
120	600	0.001000282
120	600	0.001000890
120	600	0.001041498
120	600	0.001117201
120	600	0.001218017
120	600	0.001221514
120	600	0.001236113
120	600	0.001203846
120	600	0.001159789
120	600	0.001195468
120	600	0.001225661
120	600	0.001237188
120	600	0.001233698
120	600	0.001227786
120	600	0.001178634
120	600	0.001236727
120	600	0.001197256
120	600	0.001180937
120	600	0.001165473
120	600	0.001057063
120	600	0.001037539
120	600	0.001038797
120	600	0.000964807
120	600	0.000479420
120	600	0.000481941
120	600	0.000524273
120	600	0.000534681
120	600	0.000555151
120	600	0.001002863
120	600	0.000860435
120	600	0.000863693
120	600	0.000824464
120	600	0.000796475
120	600	0.000667077
120	600	0.000673113
120	600	0.000662896
120	600	0.000659355
120	600	0.000653410
120	600	0.000703456
120	600	0.000704646
120	600	0.000709566
120	600	0.000616538
120	600	0.000622285
120	600	0.000634359
120	600	0.000653103
120	600	0.000653487
120	600	0.000639605
120	600	0.000647952
120	600	0.000646539
120	600	0.000624934
120	600	0.000631534
120	600	0.000635331
120	600	0.000653507
120	600	0.000657167
120	600	0.000713334
250	128	0.000249298
250	128	0.000298114
250	128	0.000242769
250	128	0.000242726
250	128	0.000246959
250	128	0.000281441
250	128	0.000295664
250	128	0.000299226
250	128	0.000341351
250	128	0.000242292
250	128	0.000311972
250	128	0.000264054
250	128	0.000432636
250	128	0.000267905
250	128	0.000269880
250	128	0.000323028
250	128	0.000334597
250	128	0.000326657
250	128	0.000333410
250	128	0.000399652
250	128	0.000400651
250	128	0.000402020
250	128	0.000466114
250	128	0.000475072
250	128	0.000473879
250	128	0.000485089
250	128	0.000583845
250	128	0.000551944
250	128	0.000666953
250	128	0.000598186
250	128	0.000606924
250	128	0.000583841
250	128	0.000621730
250	128	0.000621663
250	128	0.000614446
250	128	0.000621312
250	128	0.000634800
250	128	0.000622547
250	128	0.000634788
250	128	0.000599255
250	128	0.000642064
250	128	0.000631002
250	128	0.000632030
250	128	0.000595849
250	128	0.000641075
250	128	0.000611124
250	128	0.000634491
250	128	0.000605577
250	128	0.000630717
250	128	0.000600368
250	128	0.000666507
250	128	0.000628477
250	128	0.000656013
250	128	0.000610339
250	128	0.000658337
250	128	0.000629991
250	128	0.000637012
250	128	0.000611914
250	128	0.000638715
250	128	0.000596868
250	128	0.000658137
250	128	0.000596453
250	128	0.000634794
250	128	0.000620933
250	128	0.000641273
250	128	0.000632165
250	128	0.000660143
250	128	0.000585759
250	128	0.000645855
250	128	0.000609910
250	128	0.000646857
250	128	0.000643031
250	128	0.000631496
250	128	0.000640914
250	128	0.000646807
250	128	0.000618627
250	128	0.000634860
250	128	0.000600796
250	128	0.000658418
250	128	0.000620855
250	128	0.000661114
250	128	0.000619437
250	128	0.000636514
250	128	0.000595769
250	128	0.000635545
250	128	0.000585225
250	128	0.000638440
250	128	0.000592206
250	128	0.000637898
250	128	0.000593816
250	128	0.000636920
250	128	0.000585220
250	128	0.000636944
250	128	0.000608261
250	128	0.000640103
250	128	0.000627003
250	128	0.000637174
250	128	0.000604829
250	128	0.000636827
250	128	0.000612110
250	256	0.000501582
250	256	0.000447580
250	256	0.000498668
250	256	0.000464720
250	256	0.000501866
250	256	0.000593111
250	256	0.000535074
250	256	0.000509719
250	256	0.000440182
250	256	0.000526204
250	256	0.000498027
250	256	0.000508839
250	256	0.000484578
250	256	0.000465870
250	256	0.000472362
250	256	0.000517308
250	256	0.000505741
250	256	0.000548075
250	256	0.000440033
250	256	0.000493956
250	256	0.000501478
250	256	0.000451932
250	256	0.000475928
250	256	0.000507258
250	256	0.000509254
250	256	0.000496543
250	256	0.000457523
250	256	0.000459753
250	256	0.000481539
250	256	0.000485929
250	256	0.000513162
250	256	0.000452213
250	256	0.000504906
250	256	0.000477438
250	256	0.000488896
250	256	0.000556338
250	256	0.000576620
250	256	0.000554985
250	256	0.000688887
250	256	0.000701644
250	256	0.000719377
250	256	0.000702843
250	256	0.000712442
250	256	0.000738681
250	256	0.000711906
250	256	0.000750738
250	256	0.000753013
250	256	0.000777544
250	256	0.000879206
250	256	0.000799875
250	256	0.000805057
250	256	0.000829208
250	256	0.000808984
250	256	0.000844775
250	256	0.000918557
250	256	0.000884004
250	256	0.000914930
250	256	0.000885708
250	256	0.000875532
250	256	0.000916798
250	256	0.000957669
250	256	0.000978850
250	256	0.000971546
250	256	0.000970695
250	256	0.000961593
250	256	0.000926300
250	256	0.000913928
250	256	0.001042219
250	256	0.001123976
250	256	0.001037510
250	256	0.000986036
250	256	0.000974712
250	256	0.000982174
250	256	0.001000058
250	256	0.000974501
250	256	0.001096176
250	256	0.001162240
250	256	0.001121197
250	256	0.001166351
250	256	0.001152184
250	256	0.001175837
250	256	0.001128125
250	256	0.001114774
250	256	0.001181186
250	256	0.001159483
250	256	0.001167264
250	256	0.001113112
250	256	0.001138559
250	256	0.001164419
250	256	0.001192790
250	256	0.001166078
250	256	0.001179217
250	256	0.001211782
250	256	0.001160265
250	256	0.001150420
250	256	0.001121240
250	256	0.001088912
250	256	0.001115565
250	256	0.001137651
250	256	0.001175359
250	380	0.000631295
250	380	0.000684152
250	380	0.000724735
250	380	0.000612781
250	380	0.000707924
250	380	0.000685640
250	380	0.000703126
250	380	0.000691474
250	380	0.000623170
250	380	0.000666711
250	380	0.000665101
250	380	0.000718966
250	380	0.000671820
250	380	0.000695317
250	380	0.000693230
250	380	0.000751634
250	380	0.000652148
250	380	0.000728717
250	380	0.000719746
250	380	0.000708393
250	380	0.000653464
250	380	0.000641172
250	380	0.000787633
250	380	0.000679546
250	380	0.000689685
250	380	0.000689905
250	380	0.000714026
250	380	0.000709307
250	380	0.000790300
250	380	0.000782323
250	380	0.000774828
250	380	0.000765615
250	380	0.000765478
250	380	0.000814477
250	380	0.000801526
250	380	0.000898063
250	380	0.001036883
250	380	0.001032557
250	380	0.001034798
250	380	0.001019445
250	380	0.001014701
250	380	0.000980173
250	380	0.000982485
250	380	0.000998333
250	380	0.001031158
250	380	0.001102103
250	380	0.001183377
250	380	0.001229138
250	380	0.001236415
250	380	0.001299629
250	380	0.001336747
250	380	0.001262333
250	380	0.001193754
250	380	0.001164456
250	380	0.001103278
250	380	0.001107716
250	380	0.001152090
250	380	0.001188167
250	380	0.001224408
250	380	0.001242670
250	380	0.001157508
250	380	0.001122920
250	380	0.001361697
250	380	0.001350854
250	380	0.001332041
250	380	0.001361445
250	380	0.001366507
250	380	0.001379827
250	380	0.001322317
250	380	0.001208890
250	380	0.001250872
250	380	0.001333708
250	380	0.001419519
250	380	0.001216977
250	380	0.001204535
250	380	0.001205318
250	380	0.001146316
250	380	0.001059477
250	380	0.001043545
250	380	0.000988692
250	380	0.000993425
250	380	0.000983277
250	380	0.001018807
250	380	0.001032734
250	380	0.000981664
250	380	0.001000434
250	380	0.001019054
250	380	0.001028992
250	380	0.001058029
250	380	0.001125496
250	380	0.001201590
250	380	0.001106207
250	380	0.001127454
250	380	0.001473859
250	380	0.001436056
250	380	0.001513754
250	380	0.001545805
250	380	0.001488521
250	380	0.001644893
250	380	0.001431373
250	510	0.000890073
250	510	0.000890596
250	510	0.000833001
250	510	0.000852985
250	510	0.000899239
250	510	0.000844429
250	510	0.000893409
250	510	0.000936261
250	510	0.000892555
250	510	0.001040409
250	510	0.001140110
250	510	0.001297692
250	510	0.001580870
250	510	0.001793916
250	510	0.002100046
250	510	0.002138437
250	510	0.002125853
250	510	0.002223628
250	510	0.002082742
250	510	0.002093293
250	510	0.002013988
250	510	0.002114073
250	510	0.001916383
250	510	0.002015272
250	510	0.002035602
250	510	0.002018500
250	510	0.001883330
250	510	0.002008214
250	510	0.001921479
250	510	0.002016592
250	510	0.002138537
250	510	0.002159784
250	510	0.002134009
250	510	0.002048794
250	510	0.002055268
250	510	0.001984198
250	510	0.002075781
250	510	0.002138928
250	510	0.002118242
250	510	0.002116975
250	510	0.002109106
250	510	0.002092556
250	510	0.002067446
250	510	0.002088114
250	510	0.002145242
250	510	0.002132378
250	510	0.002103047
250	510	0.001754156
250	510	0.002077675
250	510	0.001594558
250	510	0.002048858
250	510	0.002117999
250	510	0.002080872
250	510	0.002104978
250	510	0.002153462
250	510	0.002082193
250	510	0.002075542
250	510	0.002006004
250	510	0.001741464
250	510	0.001890472
250	510	0.002148489
250	510	0.002104761
250	510	0.002093702
250	510	0.002033946
250	510	0.002111859
250	510	0.001955820
250	510	0.002021996
250	510	0.001968310
250	510	0.001984573
250	510	0.002009364
250	510	0.002038922
250	510	0.002133792
250	510	0.002130052
250	510	0.002120371
250	510	0.001925581
250	510	0.002092120
250	510	0.001805423
250	510	0.001952098
250	510	0.001916116
250	510	0.001988155
250	510	0.002136505
250	510	0.002134230
250	510	0.002072901
250	510	0.002074788
250	510	0.002085745
250	510	0.001834011
250	510	0.002068635
250	510	0.002115944
250	510	0.002132206
250	510	0.002075121
250	510	0.001950616
250	510	0.001683600
250	510	0.001684291
250	510	0.001754755
250	510	0.001758151
250	510	0.001597272
250	510	0.001813596
250	510	0.002065118
250	510	0.001879353
250	510	0.002019243
250	600	0.001036745
250	600	0.001068085
250	600	0.000987050
250	600	0.001035910
250	600	0.001053212
250	600	0.000952185
250	600	0.001049884
250	600	0.000997539
250	600	0.001054250
250	600	0.000976333
250	600	0.001025775
250	600	0.001025593
250	600	0.001042450
250	600	0.001042120
250	600	0.001041793
250	600	0.001010623
250	600	0.001099934
250	600	0.001050218
250	600	0.001039957
250	600	0.001024809
250	600	0.001022339
250	600	0.001050744
250	600	0.001201808
250	600	0.001235554
250	600	0.001251817
250	600	0.001251325
250	600	0.001269590
250	600	0.001389644
250	600	0.001431322
250	600	0.001440612
250	600	0.001399814
250	600	0.001267647
250	600	0.001242481
250	600	0.001250121
250	600	0.001244840
250	600	0.001159272
250	600	0.001211193
250	600	0.001363968
250	600	0.001405734
250	600	0.001490374
250	600	0.001588411
250	600	0.001604776
250	600	0.001428800
250	600	0.001322566
250	600	0.001342629
250	600	0.001318838
250	600	0.001262463
250	600	0.001590784
250	600	0.001555647
250	600	0.001419766
250	600	0.001412189
250	600	0.001602861
250	600	0.001673314
250	600	0.001707012
250	600	0.001791453
250	600	0.002269318
250	600	0.001802059
250	600	0.002070932
250	600	0.001888642
250	600	0.002009225
250	600	0.001981338
250	600	0.001929661
250	600	0.001962051
250	600	0.001951609
250	600	0.002300527
250	600	0.002292092
250	600	0.002405100
250	600	0.002505349
250	600	0.002448416
250	600	0.002426733
250	600	0.001959279
250	600	0.001530299
250	600	0.001735992
250	600	0.001784548
250	600	0.001717053
250	600	0.001706426
250	600	0.001876062
250	600	0.001589004
250	600	0.001628952
250	600	0.001711950
250	600	0.001800804
250	600	0.002307037
250	600	0.002509751
250	600	0.002298970
250	600	0.002442571
250	600	0.002405864
250	600	0.002458601
250	600	0.002169461
250	600	0.002313969
250	600	0.002079841
250	600	0.002159143
250	600	0.001960471
250	600	0.002068707
250	600	0.001878817
250	600	0.002178700
250	600	0.001808532
250	600	0.002175207
250	600	0.001872282
250	600	0.002167599
250	600	0.002446084
380	128	0.000420414
380	128	0.000407815
380	128	0.000384844
380	128	0.000367629
380	128	0.000395552
380	128	0.000409047
380	128	0.000414053
380	128	0.000369199
380	128	0.000361977
380	128	0.000432092
380	128	0.000438189
380	128	0.000388195
380	128	0.000367838
380	128	0.000371643
380	128	0.000359206
380	128	0.000376603
380	128	0.000401816
380	128	0.000457003
380	128	0.000477591
380	128	0.000457126
380	128	0.000542933
380	128	0.000564540
380	128	0.000564541
380	128	0.000722018
380	128	0.000693684
380	128	0.000714923
380	128	0.000730658
380	128	0.000717483
380	128	0.000727191
380	128	0.000758134
380	128	0.000807926
380	128	0.000883914
380	128	0.000902038
380	128	0.000766993
380	128	0.000757992
380	128	0.000750866
380	128	0.000727674
380	128	0.000764320
380	128	0.000773333
380	128	0.000690917
380	128	0.000696639
380	128	0.000716377
380	128	0.000696436
380	128	0.000791450
380	128	0.000926297
380	128	0.000869140
380	128	0.000852093
380	128	0.000906069
380	128	0.000930022
380	128	0.000923535
380	128	0.000943256
380	128	0.001015896
380	128	0.000951999
380	128	0.000946406
380	128	0.000966060
380	128	0.000920027
380	128	0.000921091
380	128	0.000977778
380	128	0.000958774
380	128	0.000944413
380	128	0.000845113
380	128	0.000848525
380	128	0.000846877
380	128	0.000851931
380	128	0.000666514
380	128	0.000672175
380	128	0.000662334
380	128	0.000659622
380	128	0.000676800
380	128	0.000835674
380	128	0.000904733
380	128	0.000841109
380	128	0.000718184
380	128	0.000716916
380	128	0.000719029
380	128	0.000639576
380	128	0.000637203
380	128	0.000602697
380	128	0.000610884
380	128	0.000717332
380	128	0.000787890
380	128	0.000753776
380	128	0.000716015
380	128	0.000770508
380	128	0.000718387
380	128	0.000731519
380	128	0.000836439
380	128	0.000837670
380	128	0.000804975
380	128	0.000897114
380	128	0.000984918
380	128	0.000957338
380	128	0.000951480
380	128	0.000964589
380	128	0.000889204
380	128	0.000852246
380	128	0.000855595
380	128	0.000900223
380	128	0.000867867
380	128	0.000831410
380	256	0.000807016
380	256	0.000706016
380	256	0.000706920
380	256	0.000705704
380	256	0.000714566
380	256	0.000724228
380	256	0.000746730
380	256	0.000905747
380	256	0.001000082
380	256	0.001072365
380	256	0.001255286
380	256	0.001512248
380	256	0.001710698
380	256	0.001642646
380	256	0.001727597
380	256	0.001516274
380	256	0.001432395
380	256	0.001345151
380	256	0.001740365
380	256	0.001724603
380	256	0.001718127
380	256	0.001709693
380	256	0.001522959
380	256	0.001400272
380	256	0.001405381
380	256	0.001313751
380	256	0.001274826
380	256	0.001344312
380	256	0.001424791
380	256	0.001453693
380	256	0.001454239
380	256	0.001764711
380	256	0.001647029
380	256	0.001679372
380	256	0.001626719
380	256	0.001604985
380	256	0.001498518
380	256	0.001676704
380	256	0.001359079
380	256	0.001406659
380	256	0.001533894
380	256	0.001628049
380	256	0.001444608
380	256	0.001653979
380	256	0.001718900
380	256	0.001640508
380	256	0.001695082
380	256	0.001634475
380	256	0.001327354
380	256	0.001614611
380	256	0.001711513
380	256	0.001694802
380	256	0.001644110
380	256	0.001674320
380	256	0.001687282
380	256	0.001591046
380	256	0.001761122
380	256	0.001723343
380	256	0.001682405
380	256	0.001754512
380	256	0.001712329
380	256	0.001716033
380	256	0.001753511
380	256	0.001738294
380	256	0.001767251
380	256	0.001699643
380	256	0.001559018
380	256	0.001674986
380	256	0.001525885
380	256	0.001334913
380	256	0.001019729
380	256	0.001001270
380	256	0.001342729
380	256	0.001276604
380	256	0.001166788
380	256	0.001195510
380	256	0.001225503
380	256	0.001321262
380	256	0.001337653
380	256	0.001324838
380	256	0.001239560
380	256	0.001163590
380	256	0.001133306
380	256	0.001272680
380	256	0.001362237
380	256	0.001331003
380	256	0.001213154
380	256	0.001184051
380	256	0.001161249
380	256	0.001166976
380	256	0.001315067
380	256	0.001428331
380	256	0.001365752
380	256	0.001367791
380	256	0.001367920
380	256	0.001085914
380	256	0.001162724
380	256	0.001350639
380	256	0.001175992
380	256	0.001252791
380	380	0.000967140
380	380	0.001024810
380	380	0.000997371
380	380	0.000992389
380	380	0.000962209
380	380	0.001057917
380	380	0.001040070
380	380	0.001273495
380	380	0.001238785
380	380	0.001180488
380	380	0.001409163
380	380	0.001627112
380	380	0.001927906
380	380	0.002268556
380	380	0.002193773
380	380	0.002288426
380	380	0.002437530
380	380	0.002511467
380	380	0.002441893
380	380	0.002122679
380	380	0.002449936
380	380	0.002238771
380	380	0.002474563
380	380	0.002257220
380	380	0.002313636
380	380	0.002406172
380	380	0.002308221
380	380	0.002357259
380	380	0.002175163
380	380	0.002391668
380	380	0.001932674
380	380	0.001577884
380	380	0.001377603
380	380	0.001292691
380	380	0.001249486
380	380	0.001230538
380	380	0.001671922
380	380	0.001538984
380	380	0.001439570
380	380	0.001519548
380	380	0.001646631
380	380	0.001546813
380	380	0.001430871
380	380	0.001394644
380	380	0.001426580
380	380	0.001494747
380	380	0.001564846
380	380	0.001363255
380	380	0.001307408
380	380	0.001335055
380	380	0.001306620
380	380	0.001174863
380	380	0.001103730
380	380	0.001028875
380	380	0.001031156
380	380	0.001029304
380	380	0.001046658
380	380	0.001021009
380	380	0.001065214
380	380	0.001180684
380	380	0.001438674
380	380	0.001568981
380	380	0.001937596
380	380	0.001678975
380	380	0.001899373
380	380	0.002226825
380	380	0.002369193
380	380	0.002034248
380	380	0.002359959
380	380	0.002445690
380	380	0.002383884
380	380	0.001852137
380	380	0.002124713
380	380	0.001836645
380	380	0.002144957
380	380	0.001619694
380	380	0.001987698
380	380	0.002106428
380	380	0.002192620
380	380	0.002096415
380	380	0.002274870
380	380	0.002447249
380	380	0.002433099
380	380	0.002499949
380	380	0.002446393
380	380	0.002434608
380	380	0.002392502
380	380	0.002376813
380	380	0.002278791
380	380	0.002245351
380	380	0.002261213
380	380	0.002439961
380	380	0.002415122
380	380	0.002258980
380	380	0.002443487
380	380	0.002273544
380	380	0.002378099
380	380	0.002315530
380	380	0.002302960
380	380	0.002209136
380	510	0.001474901
380	510	0.001311320
380	510	0.001281447
380	510	0.001354968
380	510	0.001313335
380	510	0.001426639
380	510	0.001575979
380	510	0.001900502
380	510	0.002450277
380	510	0.002894546
380	510	0.002588595
380	510	0.002858637
380	510	0.003218468
380	510	0.002874741
380	510	0.003184474
380	510	0.003232277
380	510	0.003207716
380	510	0.003206206
380	510	0.003177234
380	510	0.003403200
380	510	0.002603682
380	510	0.001973300
380	510	0.002247083
380	510	0.001615673
380	510	0.001456325
380	510	0.001414011
380	510	0.001371261
380	510	0.001371554
380	510	0.001454274
380	510	0.001483187
380	510	0.001516920
380	510	0.001462315
380	510	0.001359916
380	510	0.001294937
380	510	0.001271185
380	510	0.001285798
380	510	0.001336072
380	510	0.001299438
380	510	0.001178599
380	510	0.001321550
380	510	0.001304250
380	510	0.001339462
380	510	0.001280944
380	510	0.001332105
380	510	0.001522329
380	510	0.001458052
380	510	0.001361778
380	510	0.001323527
380	510	0.001313281
380	510	0.001303022
380	510	0.001317066
380	510	0.001382782
380	510	0.001384338
380	510	0.001398534
380	510	0.001413478
380	510	0.001410431
380	510	0.001526556
380	510	0.001572447
380	510	0.001523695
380	510	0.001433516
380	510	0.001369116
380	510	0.001440431
380	510	0.001524672
380	510	0.001488567
380	510	0.001395807
380	510	0.001313539
380	510	0.001337058
380	510	0.001317494
380	510	0.001281011
380	510	0.001299063
380	510	0.001440893
380	510	0.001322885
380	510	0.001370304
380	510	0.001304428
380	510	0.001304274
380	510	0.001534694
380	510	0.001431952
380	510	0.001376426
380	510	0.001441213
380	510	0.001353851
380	510	0.001438316
380	510	0.001421722
380	510	0.001401375
380	510	0.001415546
380	510	0.001352214
380	510	0.001308163
380	510	0.001312266
380	510	0.001247471
380	510	0.001337866
380	510	0.001314092
380	510	0.001403721
380	510	0.001461600
380	510	0.001428502
380	510	0.001324685
380	510	0.001287312
380	510	0.001286898
380	510	0.001308803
380	510	0.001249004
380	510	0.001307638
380	510	0.001308429
380	600	0.001677940
380	600	0.001582361
380	600	0.001497471
380	600	0.001514866
380	600	0.001538750
380	600	0.001548133
380	600	0.001729477
380	600	0.002006873
380	600	0.002631261
380	600	0.003059472
380	600	0.003319560
380	600	0.002941831
380	600	0.003223361
380	600	0.002549172
380	600	0.002962754
380	600	0.002732178
380	600	0.002877541
380	600	0.002473228
380	600	0.003119266
380	600	0.002404429
380	600	0.002646753
380	600	0.002460911
380	600	0.002518290
380	600	0.002404754
380	600	0.002601667
380	600	0.002180724
380	600	0.002592260
380	600	0.002097147
380	600	0.002653448
380	600	0.001973969
380	600	0.001515784
380	600	0.001556487
380	600	0.001419163
380	600	0.001930814
380	600	0.001552408
380	600	0.001545375
380	600	0.001444694
380	600	0.001913915
380	600	0.001724796
380	600	0.001615616
380	600	0.001516137
380	600	0.001575717
380	600	0.001591442
380	600	0.001765402
380	600	0.001538268
380	600	0.001597931
380	600	0.001651435
380	600	0.001699114
380	600	0.002039312
380	600	0.002392231
380	600	0.002353102
380	600	0.002628042
380	600	0.003374479
380	600	0.002698227
380	600	0.002990839
380	600	0.002472859
380	600	0.002856067
380	600	0.002250635
380	600	0.002708879
380	600	0.002011874
380	600	0.002493319
380	600	0.001944919
380	600	0.002368754
380	600	0.001833038
380	600	0.002197249
380	600	0.001961366
380	600	0.001970343
380	600	0.002047725
380	600	0.002039934
380	600	0.001951725
380	600	0.002078381
380	600	0.001740720
380	600	0.002014902
380	600	0.002268052
380	600	0.002244342
380	600	0.002338306
380	600	0.002175969
380	600	0.002397153
380	600	0.002832311
380	600	0.003565567
380	600	0.003275884
380	600	0.003554004
380	600	0.002976337
380	600	0.003485738
380	600	0.003729497
380	600	0.003365890
380	600	0.003689084
380	600	0.002987097
380	600	0.002080456
380	600	0.002574494
380	600	0.002075320
380	600	0.002608076
380	600	0.003414444
380	600	0.003325877
380	600	0.003657723
380	600	0.003158418
380	600	0.003578189
380	600	0.002994744
380	600	0.003422873
380	600	0.002968762
510	128	0.000550200
510	128	0.000510870
510	128	0.000626886
510	128	0.000508143
510	128	0.000491711
510	128	0.000523785
510	128	0.000539344
510	128	0.000550546
510	128	0.000514923
510	128	0.000490249
510	128	0.000581710
510	128	0.000532195
510	128	0.000499818
510	128	0.000529222
510	128	0.000546828
510	128	0.000659723
510	128	0.000664061
510	128	0.000649707
510	128	0.000682312
510	128	0.000653276
510	128	0.000696111
510	128	0.000745475
510	128	0.000820371
510	128	0.000923086
510	128	0.000845003
510	128	0.000721812
510	128	0.000758187
510	128	0.000692174
510	128	0.000695743
510	128	0.000673790
510	128	0.000630432
510	128	0.000668095
510	128	0.000714954
510	128	0.000699763
510	128	0.000672148
510	128	0.000615462
510	128	0.000597983
510	128	0.000618053
510	128	0.000680861
510	128	0.000672088
510	128	0.000725949
510	128	0.000707231
510	128	0.000695801
510	128	0.000642848
510	128	0.000616727
510	128	0.000671799
510	128	0.000671686
510	128	0.000678964
510	128	0.000739755
510	128	0.000696278
510	128	0.000720208
510	128	0.000735799
510	128	0.000774719
510	128	0.000793298
510	128	0.000783979
510	128	0.000757415
510	128	0.000754296
510	128	0.000765561
510	128	0.000720551
510	128	0.000706318
510	128	0.000704752
510	128	0.000735542
510	128	0.000705026
510	128	0.000695981
510	128	0.000760650
510	128	0.000804801
510	128	0.000813399
510	128	0.000796902
510	128	0.000816408
510	128	0.000783724
510	128	0.000806101
510	128	0.000923707
510	128	0.000927139
510	128	0.000939315
510	128	0.000952781
510	128	0.001017874
510	128	0.000797485
510	128	0.000758013
510	128	0.000768146
510	128	0.000790194
510	128	0.000799539
510	128	0.000916116
510	128	0.000952906
510	128	0.001017473
510	128	0.001041262
510	128	0.000983738
510	128	0.000971882
510	128	0.000969130
510	128	0.000984925
510	128	0.000974663
510	128	0.001023920
510	128	0.001064053
510	128	0.001075076
510	128	0.001034713
510	128	0.001020275
510	128	0.000966099
510	128	0.000942497
510	128	0.000958988
510	128	0.001198900
510	128	0.001168346
510	256	0.000901735
510	256	0.000969810
510	256	0.000967661
510	256	0.000905550
510	256	0.000986231
510	256	0.000856103
510	256	0.000952304
510	256	0.001020188
510	256	0.000968560
510	256	0.000890150
510	256	0.000952868
510	256	0.000974875
510	256	0.001043762
510	256	0.001042883
510	256	0.001109795
510	256	0.001314343
510	256	0.001392537
510	256	0.001658776
510	256	0.001545969
510	256	0.001531662
510	256	0.001523553
510	256	0.001723378
510	256	0.001665449
510	256	0.001543619
510	256	0.001457620
510	256	0.001409496
510	256	0.001297062
510	256	0.001038348
510	256	0.001060239
510	256	0.001108392
510	256	0.000927570
510	256	0.001000558
510	256	0.000954707
510	256	0.000957134
510	256	0.000943181
510	256	0.000962992
510	256	0.000992815
510	256	0.001210778
510	256	0.001176841
510	256	0.001137257
510	256	0.001469260
510	256	0.001369875
510	256	0.001322511
510	256	0.001269639
510	256	0.001208613
510	256	0.001289513
510	256	0.001350308
510	256	0.001466079
510	256	0.001388691
510	256	0.001366023
510	256	0.001340424
510	256	0.001164955
510	256	0.001113795
510	256	0.001169945
510	256	0.001234800
510	256	0.001215520
510	256	0.001208108
510	256	0.001206102
510	256	0.001218948
510	256	0.001219958
510	256	0.001221713
510	256	0.001217675
510	256	0.001133222
510	256	0.001323042
510	256	0.001390710
510	256	0.001341861
510	256	0.001165031
510	256	0.001139570
510	256	0.001175718
510	256	0.001189520
510	256	0.001171583
510	256	0.001238672
510	256	0.001362978
510	256	0.001258524
510	256	0.001206194
510	256	0.001630809
510	256	0.001696056
510	256	0.001825557
510	256	0.002111827
510	256	0.002062185
510	256	0.001864260
510	256	0.001595900
510	256	0.001690929
510	256	0.001460946
510	256	0.001472350
510	256	0.001562000
510	256	0.001650862
510	256	0.001459618
510	256	0.001314048
510	256	0.001249292
510	256	0.001241653
510	256	0.001193040
510	256	0.001166952
510	256	0.001173953
510	256	0.001563332
510	256	0.001402168
510	256	0.001367809
510	256	0.001480898
510	256	0.001551614
510	256	0.001494513
510	380	0.001418414
510	380	0.001400104
510	380	0.001291344
510	380	0.001346605
510	380	0.001288720
510	380	0.001385919
510	380	0.001342612
510	380	0.001332527
510	380	0.001360470
510	380	0.001311301
510	380	0.001308438
510	380	0.001538518
510	380	0.001652280
510	380	0.001630454
510	380	0.001460193
510	380	0.001334631
510	380	0.001360492
510	380	0.001324489
510	380	0.001380018
510	380	0.001475361
510	380	0.001474607
510	380	0.001378069
510	380	0.001308887
510	380	0.001311332
510	380	0.001320107
510	380	0.001357219
510	380	0.001538369
510	380	0.001446663
510	380	0.001418129
510	380	0.001482699
510	380	0.001510738
510	380	0.001549629
510	380	0.001543412
510	380	0.001648881
510	380	0.001725239
510	380	0.001711599
510	380	0.001617235
510	380	0.001634795
510	380	0.001700243
510	380	0.001920985
510	380	0.002101023
510	380	0.001694299
510	380	0.001485310
510	380	0.001416626
510	380	0.001480108
510	380	0.001597308
510	380	0.001747895
510	380	0.001684692
510	380	0.001943437
510	380	0.002234099
510	380	0.002004586
510	380	0.002282635
510	380	0.002916427
510	380	0.003270545
510	380	0.003070561
510	380	0.003272006
510	380	0.002917453
510	380	0.003141505
510	380	0.002506445
510	380	0.003007198
510	380	0.002250497
510	380	0.001969715
510	380	0.001991567
510	380	0.002623221
510	380	0.002290515
510	380	0.002422618
510	380	0.002266400
510	380	0.002279910
510	380	0.002243796
510	380	0.002565313
510	380	0.003192183
510	380	0.002943621
510	380	0.003273117
510	380	0.002652277
510	380	0.001922151
510	380	0.001648133
510	380	0.001620476
510	380	0.001693648
510	380	0.001801143
510	380	0.001590389
510	380	0.001523083
510	380	0.001624690
510	380	0.001739609
510	380	0.001619234
510	380	0.001500028
510	380	0.002067305
510	380	0.002149663
510	380	0.002468722
510	380	0.002646465
510	380	0.002692386
510	380	0.002633653
510	380	0.002514915
510	380	0.002380858
510	380	0.002256306
510	380	0.002202546
510	380	0.002164601
510	380	0.002644396
510	380	0.002492753
510	380	0.003111341
510	380	0.002562792
510	510	0.001704453
510	510	0.001677887
510	510	0.001708025
510	510	0.001929301
510	510	0.002464880
510	510	0.003168096
510	510	0.002812962
510	510	0.002973321
510	510	0.002661864
510	510	0.003185398
510	510	0.002498467
510	510	0.002826255
510	510	0.002576573
510	510	0.002791705
510	510	0.002418769
510	510	0.002985738
510	510	0.002239826
510	510	0.002769455
510	510	0.003446991
510	510	0.002856746
510	510	0.003373551
510	510	0.002811410
510	510	0.002849602
510	510	0.002526676
510	510	0.002882984
510	510	0.002185324
510	510	0.002706447
510	510	0.003224337
510	510	0.002511808
510	510	0.002176600
510	510	0.002120215
510	510	0.002117951
510	510	0.002193541
510	510	0.002787304
510	510	0.002506422
510	510	0.002674316
510	510	0.002366766
510	510	0.002926942
510	510	0.003723868
510	510	0.004135898
510	510	0.003700727
510	510	0.003870123
510	510	0.003398678
510	510	0.003962098
510	510	0.003249955
510	510	0.003845625
510	510	0.003105327
510	510	0.003516824
510	510	0.002921567
510	510	0.003154060
510	510	0.002372396
510	510	0.003072156
510	510	0.002549277
510	510	0.002838979
510	510	0.002597433
510	510	0.002660863
510	510	0.002278178
510	510	0.002971422
510	510	0.003130891
510	510	0.003159631
510	510	0.003023790
510	510	0.002654550
510	510	0.003648743
510	510	0.003433377
510	510	0.003547363
510	510	0.002975823
510	510	0.002160760
510	510	0.001663973
510	510	0.001811441
510	510	0.001892238
510	510	0.001773325
510	510	0.001761160
510	510	0.001934401
510	510	0.002214723
510	510	0.002246007
510	510	0.002368318
510	510	0.002840639
510	510	0.003574050
510	510	0.003256497
510	510	0.003565905
510	510	0.004024402
510	510	0.003098590
510	510	0.003719855
510	510	0.003066253
510	510	0.003532472
510	510	0.002955793
510	510	0.003270240
510	510	0.004084412
510	510	0.003602281
510	510	0.004097955
510	510	0.003502905
510	510	0.003991800
510	510	0.003343975
510	510	0.003595751
510	510	0.003124390
510	510	0.003471870
510	510	0.002781455
510	510	0.003115793
510	510	0.002698619
510	510	0.003140316
510	600	0.001961290
510	600	0.001949347
510	600	0.002149917
510	600	0.002661431
510	600	0.003420379
510	600	0.003513671
510	600	0.004054224
510	600	0.003098030
510	600	0.003638195
510	600	0.002965113
510	600	0.003528625
510	600	0.002701141
510	600	0.002249582
510	600	0.002211815
510	600	0.002270119
510	600	0.002385702
510	600	0.003386671
510	600	0.004130516
510	600	0.003483578
510	600	0.003929465
510	600	0.003141752
510	600	0.003488673
510	600	0.002737986
510	600	0.004055018
510	600	0.004571395
510	600	0.004855022
510	600	0.004265188
510	600	0.004835780
510	600	0.003840174
510	600	0.004069829
510	600	0.004770460
510	600	0.004020805
510	600	0.004667240
510	600	0.003761875
510	600	0.004317916
510	600	0.003523278
510	600	0.003707479
510	600	0.003363774
510	600	0.003477734
510	600	0.003038591
510	600	0.003495754
510	600	0.002539958
510	600	0.002891356
510	600	0.002361562
510	600	0.002423815
510	600	0.002354810
510	600	0.002372801
510	600	0.002340222
510	600	0.002576957
510	600	0.003626478
510	600	0.003363754
510	600	0.004045931
510	600	0.003074080
510	600	0.003732695
510	600	0.002811637
510	600	0.003425777
510	600	0.002915596
510	600	0.003277472
510	600	0.002391383
510	600	0.003134082
510	600	0.002566930
510	600	0.002692200
510	600	0.002389008
510	600	0.002700094
510	600	0.003328113
510	600	0.002557163
510	600	0.003649691
510	600	0.004185643
510	600	0.003687976
510	600	0.003623731
510	600	0.003454198
510	600	0.003165582
510	600	0.002332267
510	600	0.003101100
510	600	0.003753814
510	600	0.003050911
510	600	0.003555403
510	600	0.003005101
510	600	0.004072299
510	600	0.004695162
510	600	0.003933682
510	600	0.004561336
510	600	0.003037851
510	600	0.002514164
510	600	0.003030859
510	600	0.003438923
510	600	0.002940491
510	600	0.003268817
510	600	0.002850759
510	600	0.003465991
510	600	0.002845236
510	600	0.002999306
510	600	0.002741192
510	600	0.003122168
510	600	0.002378093
510	600	0.003129921
510	600	0.003846246
510	600	0.003038453
510	600	0.003655446
510	600	0.002973659
600	128	0.000645967
600	128	0.000638030
600	128	0.000650840
600	128	0.000606954
600	128	0.000647588
600	128	0.000673162
600	128	0.000625313
600	128	0.000617718
600	128	0.000612694
600	128	0.000636374
600	128	0.000619528
600	128	0.000560398
600	128	0.000606103
600	128	0.000624471
600	128	0.000644032
600	128	0.000632689
600	128	0.000711074
600	128	0.000605353
600	128	0.000658470
600	128	0.000598190
600	128	0.000635242
600	128	0.000624775
600	128	0.000657305
600	128	0.000727537
600	128	0.000642100
600	128	0.000692926
600	128	0.000667883
600	128	0.000665796
600	128	0.000921252
600	128	0.000942845
600	128	0.000916834
600	128	0.000928577
600	128	0.001006408
600	128	0.001039437
600	128	0.000836388
600	128	0.000828086
600	128	0.000839114
600	128	0.000809755
600	128	0.000813034
600	128	0.000796960
600	128	0.000795622
600	128	0.000892800
600	128	0.000883651
600	128	0.000882872
600	128	0.000855687
600	128	0.000922536
600	128	0.000923131
600	128	0.000907436
600	128	0.000924277
600	128	0.000931933
600	128	0.000888600
600	128	0.001010567
600	128	0.001006098
600	128	0.000998528
600	128	0.001004566
600	128	0.001018507
600	128	0.001025539
600	128	0.000954529
600	128	0.000954921
600	128	0.000915430
600	128	0.001012451
600	128	0.001140909
600	128	0.001140025
600	128	0.001142362
600	128	0.000936251
600	128	0.000933953
600	128	0.000997387
600	128	0.000994317
600	128	0.001039469
600	128	0.001051404
600	128	0.001006252
600	128	0.001037088
600	128	0.000994400
600	128	0.001045554
600	128	0.001103573
600	128	0.001224017
600	128	0.001099535
600	128	0.001129443
600	128	0.001193083
600	128	0.001248895
600	128	0.001254787
600	128	0.001138089
600	128	0.001164241
600	128	0.001137647
600	128	0.001138404
600	128	0.001177368
600	128	0.001281866
600	128	0.001193846
600	128	0.001291683
600	128	0.001335863
600	128	0.001343111
600	128	0.001428526
600	128	0.001487193
600	128	0.001482408
600	128	0.001342429
600	128	0.001463559
600	128	0.001442766
600	128	0.001352796
600	128	0.001471979
600	128	0.001471061
600	256	0.001076358
600	256	0.001080918
600	256	0.001061346
600	256	0.001072224
600	256	0.001063332
600	256	0.001051171
600	256	0.001156847
600	256	0.001064219
600	256	0.001084971
600	256	0.001112893
600	256	0.001171484
600	256	0.001102687
600	256	0.001105298
600	256	0.001069555
600	256	0.001078622
600	256	0.001112013
600	256	0.001162184
600	256	0.001288479
600	256	0.001304082
600	256	0.001281480
600	256	0.001199255
600	256	0.001158245
600	256	0.001114016
600	256	0.001123315
600	256	0.001433429
600	256	0.001433902
600	256	0.001302218
600	256	0.001297484
600	256	0.001226563
600	256	0.001242133
600	256	0.001308431
600	256	0.001478980
600	256	0.001361212
600	256	0.001377454
600	256	0.001430056
600	256	0.001544591
600	256	0.001498910
600	256	0.001430986
600	256	0.001324295
600	256	0.001269111
600	256	0.001333745
600	256	0.001388149
600	256	0.001374493
600	256	0.001331107
600	256	0.001306569
600	256	0.001396844
600	256	0.001365048
600	256	0.001378999
600	256	0.001315560
600	256	0.001334163
600	256	0.001466730
600	256	0.001565418
600	256	0.001535370
600	256	0.001449505
600	256	0.001838728
600	256	0.001525489
600	256	0.001572589
600	256	0.001641878
600	256	0.001720501
600	256	0.001765122
600	256	0.001785338
600	256	0.001759264
600	256	0.001838278
600	256	0.001683025
600	256	0.001417361
600	256	0.001293118
600	256	0.001300294
600	256	0.001355959
600	256	0.001426189
600	256	0.001461073
600	256	0.001490010
600	256	0.001389643
600	256	0.001255602
600	256	0.001270951
600	256	0.001281279
600	256	0.001344006
600	256	0.001420602
600	256	0.001377124
600	256	0.001466780
600	256	0.001517784
600	256	0.001544825
600	256	0.001365596
600	256	0.001321259
600	256	0.001294150
600	256	0.001366300
600	256	0.001498369
600	256	0.001601921
600	256	0.001474562
600	256	0.001416934
600	256	0.001334197
600	256	0.001410075
600	256	0.001500699
600	256	0.001466110
600	256	0.001421973
600	256	0.001329165
600	256	0.001252623
600	256	0.001221572
600	256	0.001191736
600	256	0.001245953
600	256	0.001222118
600	380	0.001484240
600	380	0.001582759
600	380	0.001619615
600	380	0.001805195
600	380	0.001658448
600	380	0.001565658
600	380	0.002068451
600	380	0.002575287
600	380	0.003077134
600	380	0.002885771
600	380	0.003408347
600	380	0.003758346
600	380	0.003859856
600	380	0.003220870
600	380	0.002407665
600	380	0.003107175
600	380	0.002549393
600	380	0.002739861
600	380	0.002455123
600	380	0.002593890
600	380	0.002289708
600	380	0.002652201
600	380	0.002187818
600	380	0.002591537
600	380	0.002081193
600	380	0.002503310
600	380	0.003197907
600	380	0.002688872
600	380	0.003341909
600	380	0.003764620
600	380	0.003269066
600	380	0.003776581
600	380	0.003739629
600	380	0.003758404
600	380	0.003750024
600	380	0.003583280
600	380	0.003796350
600	380	0.003154041
600	380	0.003633444
600	380	0.002810477
600	380	0.003270836
600	380	0.002931811
600	380	0.002996884
600	380	0.002477795
600	380	0.002739250
600	380	0.002632226
600	380	0.002780783
600	380	0.003076645
600	380	0.002432349
600	380	0.002943432
600	380	0.002570216
600	380	0.003100280
600	380	0.003828222
600	380	0.003868159
600	380	0.003457561
600	380	0.002705592
600	380	0.003602100
600	380	0.003701050
600	380	0.003261325
600	380	0.003757515
600	380	0.003016209
600	380	0.003711068
600	380	0.002749021
600	380	0.003540609
600	380	0.003977413
600	380	0.003761630
600	380	0.002985122
600	380	0.003629005
600	380	0.002672585
600	380	0.003629981
600	380	0.003821729
600	380	0.003732431
600	380	0.003741578
600	380	0.003426797
600	380	0.003678666
600	380	0.003219484
600	380	0.003365083
600	380	0.003224813
600	380	0.002994833
600	380	0.002984259
600	380	0.002915189
600	380	0.002693129
600	380	0.002459756
600	380	0.003220350
600	380	0.003370559
600	380	0.003638193
600	380	0.003218427
600	380	0.003607588
600	380	0.003038901
600	380	0.003404826
600	380	0.002521572
600	380	0.001917955
600	380	0.002306564
600	380	0.003188722
600	380	0.003789091
600	380	0.003574623
600	380	0.003755696
600	380	0.003505658
600	380	0.003501475
600	380	0.003337713
600	510	0.002098059
600	510	0.002133502
600	510	0.002096882
600	510	0.001930516
600	510	0.002105545
600	510	0.002038949
600	510	0.002485830
600	510	0.003147638
600	510	0.003470259
600	510	0.003575593
600	510	0.003229905
600	510	0.003474748
600	510	0.002839213
600	510	0.003130251
600	510	0.002949591
600	510	0.003220095
600	510	0.002535483
600	510	0.003095194
600	510	0.002668929
600	510	0.002706178
600	510	0.002650556
600	510	0.002836498
600	510	0.002244304
600	510	0.002634185
600	510	0.002214208
600	510	0.002497538
600	510	0.002174991
600	510	0.002056619
600	510	0.001992765
600	510	0.002059818
600	510	0.001968713
600	510	0.001974555
600	510	0.002040018
600	510	0.001984087
600	510	0.002149090
600	510	0.002217950
600	510	0.002232606
600	510	0.002435767
600	510	0.002730735
600	510	0.002641171
600	510	0.003138073
600	510	0.002824891
600	510	0.003287671
600	510	0.003617082
600	510	0.002856320
600	510	0.003901636
600	510	0.004600995
600	510	0.003895584
600	510	0.004719421
600	510	0.003180512
600	510	0.002607812
600	510	0.002871506
600	510	0.002344881
600	510	0.003055387
600	510	0.002269008
600	510	0.002706711
600	510	0.002234372
600	510	0.002381799
600	510	0.002090290
600	510	0.002426988
600	510	0.002076304
600	510	0.002279808
600	510	0.002120150
600	510	0.002392309
600	510	0.002951829
600	510	0.002535972
600	510	0.002752053
600	510	0.002347640
600	510	0.002719409
600	510	0.002423441
600	510	0.002462380
600	510	0.002056603
600	510	0.002332503
600	510	0.001966767
600	510	0.001865072
600	510	0.002120364
600	510	0.001921307
600	510	0.002078285
600	510	0.001985579
600	510	0.001953945
600	510	0.001968749
600	510	0.001958642
600	510	0.002070139
600	510	0.002003661
600	510	0.002042443
600	510	0.002001122
600	510	0.001998706
600	510	0.001996119
600	510	0.002052227
600	510	0.002273358
600	510	0.002734244
600	510	0.003065086
600	510	0.003516244
600	510	0.003039135
600	510	0.003230787
600	510	0.002821423
600	510	0.003018661
600	510	0.002744281
600	510	0.002933798
600	510	0.002710203
600	600	0.002438954
600	600	0.002304655
600	600	0.002377399
600	600	0.002411915
600	600	0.002331334
600	600	0.002311786
600	600	0.002675073
600	600	0.002951844
600	600	0.003123889
600	600	0.002856062
600	600	0.002702840
600	600	0.002837945
600	600	0.002568304
600	600	0.002404646
600	600	0.002415386
600	600	0.002874463
600	600	0.002666087
600	600	0.002738488
600	600	0.002472960
600	600	0.002595912
600	600	0.002293049
600	600	0.002389790
600	600	0.002285257
600	600	0.002358848
600	600	0.002253615
600	600	0.002152031
600	600	0.002448464
600	600	0.002342609
600	600	0.002395594
600	600	0.002158023
600	600	0.002289468
600	600	0.002364409
600	600	0.002918096
600	600	0.003764742
600	600	0.003095430
600	600	0.003546233
600	600	0.002910922
600	600	0.003205057
600	600	0.002928112
600	600	0.003250648
600	600	0.004372170
600	600	0.004780957
600	600	0.003557002
600	600	0.002452627
600	600	0.003143933
600	600	0.002656419
600	600	0.003321099
600	600	0.004114262
600	600	0.003340250
600	600	0.003816927
600	600	0.003088792
600	600	0.003882836
600	600	0.004699110
600	600	0.003676559
600	600	0.004049207
600	600	0.003092706
600	600	0.003701209
600	600	0.002921806
600	600	0.003844718
600	600	0.004598930
600	600	0.003955409
600	600	0.004613555
600	600	0.003225981
600	600	0.004071689
600	600	0.003105577
600	600	0.003681704
600	600	0.003047687
600	600	0.004022337
600	600	0.004050215
600	600	0.002716936
600	600	0.002404262
600	600	0.002556731
600	600	0.003897329
600	600	0.003995688
600	600	0.003823152
600	600	0.004493803
600	600	0.003201081
600	600	0.004034090
600	600	0.003035262
600	600	0.004409435
600	600	0.005234736
600	600	0.005596474
600	600	0.005457463
600	600	0.005003119
600	600	0.004585288
600	600	0.004540458
600	600	0.004297432
600	600	0.003882444
600	600	0.003746664
600	600	0.003711449
600	600	0.003477417
600	600	0.003425924
600	600	0.003525298
600	600	0.002854119
600	600	0.003066712
600	600	0.003118265
600	600	0.002941530
600	600	0.002700463
600	600	0.002518889
600	600	0.002546675
