120	128	0.000015981
120	128	0.000034272
120	128	0.000016381
120	128	0.000023897
120	128	0.000018816
120	128	0.000017050
120	128	0.000022359
120	128	0.000017877
120	128	0.000016098
120	128	0.000016019
120	128	0.000016249
120	128	0.000016283
120	128	0.000016375
120	128	0.000023954
120	128	0.000017966
120	128	0.000022215
120	128	0.000018026
120	128	0.000024026
120	128	0.000016571
120	128	0.000017630
120	128	0.000015862
120	128	0.000015904
120	128	0.000030190
120	128	0.000019340
120	128	0.000016468
120	128	0.000025392
120	128	0.000037274
120	128	0.000024325
120	128	0.000021273
120	128	0.000017901
120	128	0.000017194
120	128	0.000023072
120	128	0.000024160
120	128	0.000025206
120	128	0.000018798
120	128	0.000016206
120	128	0.000025998
120	128	0.000016655
120	128	0.000017431
120	128	0.000016473
120	128	0.000028542
120	128	0.000016903
120	128	0.000032833
120	128	0.000018388
120	128	0.000016608
120	128	0.000027820
120	128	0.000032532
120	128	0.000022463
120	128	0.000017059
120	128	0.000016399
120	128	0.000030071
120	128	0.000021907
120	128	0.000019902
120	128	0.000030379
120	128	0.000016100
120	128	0.000016198
120	128	0.000023143
120	128	0.000019258
120	128	0.000018382
120	128	0.000015680
120	128	0.000024524
120	128	0.000019927
120	128	0.000022317
120	128	0.000026668
120	128	0.000027461
120	128	0.000016375
120	128	0.000016940
120	128	0.000019630
120	128	0.000018994
120	128	0.000016409
120	128	0.000015975
120	128	0.000017143
120	128	0.000023422
120	128	0.000026973
120	128	0.000017186
120	128	0.000022667
120	128	0.000016531
120	128	0.000017497
120	128	0.000021931
120	128	0.000020326
120	128	0.000015905
120	128	0.000021277
120	128	0.000017500
120	128	0.000016049
120	128	0.000019135
120	128	0.000035375
120	128	0.000019479
120	128	0.000016390
120	128	0.000020016
120	128	0.000024932
120	128	0.000024517
120	128	0.000016269
120	128	0.000029158
120	128	0.000017895
120	128	0.000017485
120	128	0.000016202
120	128	0.000021548
120	128	0.000018012
120	128	0.000018944
120	128	0.000025464
120	256	0.000058385
120	256	0.000064911
120	256	0.000069411
120	256	0.000055286
120	256	0.000063672
120	256	0.000050782
120	256	0.000077238
120	256	0.000054572
120	256	0.000051551
120	256	0.000068070
120	256	0.000082481
120	256	0.000047020
120	256	0.000058424
120	256	0.000061104
120	256	0.000046088
120	256	0.000076627
120	256	0.000059798
120	256	0.000052089
120	256	0.000046306
120	256	0.000046411
120	256	0.000046355
120	256	0.000057230
120	256	0.000059237
120	256	0.000056755
120	256	0.000064094
120	256	0.000057853
120	256	0.000057768
120	256	0.000089459
120	256	0.000071319
120	256	0.000073484
120	256	0.000070446
120	256	0.000071504
120	256	0.000073362
120	256	0.000094896
120	256	0.000096785
120	256	0.000067180
120	256	0.000084421
120	256	0.000100392
120	256	0.000106574
120	256	0.000098393
120	256	0.000112788
120	256	0.000112902
120	256	0.000114735
120	256	0.000110662
120	256	0.000124040
120	256	0.000113368
120	256	0.000110247
120	256	0.000112803
120	256	0.000123913
120	256	0.000124071
120	256	0.000114821
120	256	0.000109099
120	256	0.000131163
120	256	0.000110117
120	256	0.000119395
120	256	0.000132013
120	256	0.000113444
120	256	0.000110566
120	256	0.000124593
120	256	0.000126911
120	256	0.000110954
120	256	0.000105502
120	256	0.000124102
120	256	0.000126395
120	256	0.000105299
120	256	0.000110371
120	256	0.000128990
120	256	0.000109962
120	256	0.000110235
120	256	0.000111025
120	256	0.000147395
120	256	0.000121425
120	256	0.000110436
120	256	0.000110301
120	256	0.000124976
120	256	0.000124073
120	256	0.000124085
120	256	0.000124431
120	256	0.000111227
120	256	0.000110118
120	256	0.000114921
120	256	0.000115593
120	256	0.000110576
120	256	0.000113057
120	256	0.000132096
120	256	0.000119973
120	256	0.000123649
120	256	0.000120350
120	256	0.000124076
120	256	0.000123916
120	256	0.000113159
120	256	0.000127065
120	256	0.000123819
120	256	0.000112754
120	256	0.000120570
120	256	0.000113363
120	256	0.000123724
120	256	0.000113542
120	256	0.000123731
120	256	0.000110522
120	380	0.000066626
120	380	0.000056382
120	380	0.000057542
120	380	0.000067455
120	380	0.000088827
120	380	0.000070918
120	380	0.000063758
120	380	0.000051337
120	380	0.000047795
120	380	0.000071867
120	380	0.000048926
120	380	0.000069340
120	380	0.000069523
120	380	0.000048654
120	380	0.000052845
120	380	0.000098235
120	380	0.000063742
120	380	0.000052750
120	380	0.000059793
120	380	0.000055767
120	380	0.000053069
120	380	0.000063820
120	380	0.000052772
120	380	0.000059530
120	380	0.000052989
120	380	0.000062115
120	380	0.000048338
120	380	0.000092780
120	380	0.000056925
120	380	0.000071338
120	380	0.000059767
120	380	0.000050524
120	380	0.000050152
120	380	0.000061282
120	380	0.000050306
120	380	0.000066268
120	380	0.000061309
120	380	0.000060151
120	380	0.000059488
120	380	0.000060631
120	380	0.000060066
120	380	0.000065767
120	380	0.000077555
120	380	0.000053038
120	380	0.000048886
120	380	0.000063405
120	380	0.000048187
120	380	0.000060205
120	380	0.000059030
120	380	0.000047679
120	380	0.000062023
120	380	0.000041547
120	380	0.000049732
120	380	0.000070471
120	380	0.000055905
120	380	0.000076595
120	380	0.000048022
120	380	0.000089522
120	380	0.000062365
120	380	0.000055162
120	380	0.000072932
120	380	0.000055181
120	380	0.000058083
120	380	0.000055946
120	380	0.000048309
120	380	0.000049293
120	380	0.000053088
120	380	0.000053140
120	380	0.000057470
120	380	0.000071683
120	380	0.000067600
120	380	0.000048825
120	380	0.000040038
120	380	0.000060614
120	380	0.000048451
120	380	0.000055841
120	380	0.000068330
120	380	0.000054024
120	380	0.000073753
120	380	0.000056919
120	380	0.000071312
120	380	0.000063756
120	380	0.000049080
120	380	0.000060283
120	380	0.000039071
120	380	0.000047389
120	380	0.000067518
120	380	0.000044777
120	380	0.000052865
120	380	0.000051363
120	380	0.000055241
120	380	0.000049911
120	380	0.000048817
120	380	0.000077361
120	380	0.000062466
120	380	0.000042806
120	380	0.000070696
120	380	0.000053561
120	380	0.000054121
120	380	0.000052442
120	510	0.000061065
120	510	0.000086122
120	510	0.000061376
120	510	0.000064544
120	510	0.000058964
120	510	0.000065482
120	510	0.000053715
120	510	0.000059157
120	510	0.000094342
120	510	0.000069688
120	510	0.000058968
120	510	0.000057621
120	510	0.000064115
120	510	0.000071567
120	510	0.000087306
120	510	0.000059163
120	510	0.000085057
120	510	0.000073846
120	510	0.000074077
120	510	0.000062960
120	510	0.000058870
120	510	0.000071849
120	510	0.000076398
120	510	0.000077813
120	510	0.000087579
120	510	0.000083818
120	510	0.000060633
120	510	0.000082829
120	510	0.000073932
120	510	0.000066887
120	510	0.000067636
120	510	0.000065590
120	510	0.000071668
120	510	0.000072029
120	510	0.000065850
120	510	0.000065893
120	510	0.000090170
120	510	0.000082445
120	510	0.000099906
120	510	0.000079457
120	510	0.000110202
120	510	0.000081900
120	510	0.000093599
120	510	0.000069881
120	510	0.000061343
120	510	0.000086462
120	510	0.000074126
120	510	0.000079326
120	510	0.000066432
120	510	0.000060750
120	510	0.000083239
120	510	0.000066584
120	510	0.000063110
120	510	0.000059762
120	510	0.000095173
120	510	0.000060466
120	510	0.000079276
120	510	0.000089387
120	510	0.000081797
120	510	0.000066160
120	510	0.000062180
120	510	0.000072843
120	510	0.000058875
120	510	0.000057698
120	510	0.000081198
120	510	0.000059282
120	510	0.000064473
120	510	0.000078048
120	510	0.000075869
120	510	0.000088719
120	510	0.000067362
120	510	0.000075775
120	510	0.000073086
120	510	0.000066696
120	510	0.000063040
120	510	0.000090194
120	510	0.000071741
120	510	0.000079314
120	510	0.000057491
120	510	0.000079679
120	510	0.000083875
120	510	0.000086607
120	510	0.000058651
120	510	0.000059174
120	510	0.000057685
120	510	0.000069271
120	510	0.000094854
120	510	0.000093956
120	510	0.000061279
120	510	0.000081934
120	510	0.000079019
120	510	0.000057410
120	510	0.000063089
120	510	0.000095203
120	510	0.000071318
120	510	0.000059171
120	510	0.000058675
120	510	0.000058782
120	510	0.000109287
120	510	0.000081223
120	600	0.000104494
120	600	0.000082375
120	600	0.000076976
120	600	0.000083207
120	600	0.000091663
120	600	0.000085413
120	600	0.000087446
120	600	0.000123661
120	600	0.000075893
120	600	0.000075875
120	600	0.000075739
120	600	0.000081224
120	600	0.000108389
120	600	0.000089324
120	600	0.000076675
120	600	0.000149793
120	600	0.000081095
120	600	0.000185664
120	600	0.000094797
120	600	0.000080968
120	600	0.000076186
120	600	0.000133416
120	600	0.000098483
120	600	0.000076636
120	600	0.000078698
120	600	0.000085224
120	600	0.000100174
120	600	0.000076894
120	600	0.000127687
120	600	0.000119553
120	600	0.000081294
120	600	0.000086499
120	600	0.000092427
120	600	0.000078784
120	600	0.000078053
120	600	0.000091173
120	600	0.000102160
120	600	0.000100898
120	600	0.000099170
120	600	0.000094687
120	600	0.000121975
120	600	0.000099404
120	600	0.000095446
120	600	0.000100353
120	600	0.000076919
120	600	0.000076929
120	600	0.000107403
120	600	0.000121854
120	600	0.000092102
120	600	0.000082270
120	600	0.000097527
120	600	0.000089823
120	600	0.000131074
120	600	0.000083515
120	600	0.000076014
120	600	0.000081781
120	600	0.000079751
120	600	0.000099228
120	600	0.000101554
120	600	0.000114567
120	600	0.000083353
120	600	0.000079706
120	600	0.000091196
120	600	0.000089995
120	600	0.000076252
120	600	0.000120047
120	600	0.000085397
120	600	0.000084225
120	600	0.000098365
120	600	0.000110078
120	600	0.000118189
120	600	0.000102452
120	600	0.000079155
120	600	0.000099795
120	600	0.000089360
120	600	0.000085419
120	600	0.000094409
120	600	0.000103631
120	600	0.000083077
120	600	0.000079074
120	600	0.000081342
120	600	0.000081340
120	600	0.000093897
120	600	0.000081462
120	600	0.000113956
120	600	0.000126819
120	600	0.000106809
120	600	0.000075974
120	600	0.000081503
120	600	0.000100510
120	600	0.000120203
120	600	0.000088346
120	600	0.000084555
120	600	0.000080417
120	600	0.000102700
120	600	0.000077402
120	600	0.000094651
120	600	0.000083740
120	600	0.000127688
120	600	0.000076147
250	128	0.000045000
250	128	0.000040487
250	128	0.000044397
250	128	0.000042122
250	128	0.000041318
250	128	0.000044845
250	128	0.000039836
250	128	0.000034677
250	128	0.000035412
250	128	0.000034148
250	128	0.000033332
250	128	0.000039085
250	128	0.000033869
250	128	0.000040640
250	128	0.000033770
250	128	0.000033671
250	128	0.000052168
250	128	0.000045872
250	128	0.000051488
250	128	0.000035634
250	128	0.000036619
250	128	0.000042582
250	128	0.000042508
250	128	0.000036375
250	128	0.000036552
250	128	0.000035051
250	128	0.000042033
250	128	0.000050720
250	128	0.000033741
250	128	0.000037373
250	128	0.000043778
250	128	0.000032805
250	128	0.000038709
250	128	0.000039870
250	128	0.000032953
250	128	0.000051461
250	128	0.000043464
250	128	0.000037478
250	128	0.000033998
250	128	0.000037215
250	128	0.000034694
250	128	0.000044454
250	128	0.000036534
250	128	0.000043728
250	128	0.000062701
250	128	0.000033757
250	128	0.000033344
250	128	0.000034836
250	128	0.000043500
250	128	0.000035629
250	128	0.000040439
250	128	0.000043322
250	128	0.000035558
250	128	0.000052497
250	128	0.000046415
250	128	0.000046139
250	128	0.000052191
250	128	0.000035139
250	128	0.000035333
250	128	0.000035850
250	128	0.000050295
250	128	0.000033696
250	128	0.000032637
250	128	0.000038140
250	128	0.000033683
250	128	0.000045569
250	128	0.000046105
250	128	0.000046549
250	128	0.000044587
250	128	0.000048276
250	128	0.000046078
250	128	0.000040408
250	128	0.000035664
250	128	0.000034871
250	128	0.000047692
250	128	0.000045531
250	128	0.000041687
250	128	0.000041088
250	128	0.000036517
250	128	0.000049733
250	128	0.000047166
250	128	0.000035970
250	128	0.000032984
250	128	0.000033032
250	128	0.000038403
250	128	0.000046230
250	128	0.000052705
250	128	0.000048127
250	128	0.000036293
250	128	0.000055679
250	128	0.000044832
250	128	0.000046230
250	128	0.000043773
250	128	0.000035471
250	128	0.000034726
250	128	0.000057662
250	128	0.000047318
250	128	0.000039108
250	128	0.000036354
250	128	0.000049949
250	256	0.000125212
250	256	0.000089371
250	256	0.000090694
250	256	0.000099904
250	256	0.000110232
250	256	0.000108010
250	256	0.000089695
250	256	0.000089638
250	256	0.000091876
250	256	0.000118229
250	256	0.000094730
250	256	0.000104103
250	256	0.000118878
250	256	0.000127170
250	256	0.000122432
250	256	0.000091607
250	256	0.000089322
250	256	0.000119793
250	256	0.000091160
250	256	0.000089761
250	256	0.000115130
250	256	0.000145242
250	256	0.000130805
250	256	0.000114100
250	256	0.000118736
250	256	0.000101486
250	256	0.000119257
250	256	0.000075146
250	256	0.000090447
250	256	0.000122825
250	256	0.000091440
250	256	0.000105227
250	256	0.000092656
250	256	0.000091903
250	256	0.000109085
250	256	0.000128312
250	256	0.000089039
250	256	0.000104608
250	256	0.000110162
250	256	0.000142092
250	256	0.000120382
250	256	0.000110990
250	256	0.000105651
250	256	0.000091509
250	256	0.000117106
250	256	0.000115621
250	256	0.000076385
250	256	0.000118164
250	256	0.000090488
250	256	0.000102886
250	256	0.000097951
250	256	0.000103070
250	256	0.000094130
250	256	0.000104840
250	256	0.000100253
250	256	0.000090679
250	256	0.000114102
250	256	0.000109407
250	256	0.000092576
250	256	0.000092930
250	256	0.000089348
250	256	0.000081444
250	256	0.000103036
250	256	0.000098550
250	256	0.000101537
250	256	0.000096113
250	256	0.000094258
250	256	0.000088338
250	256	0.000089172
250	256	0.000141335
250	256	0.000103055
250	256	0.000113580
250	256	0.000115739
250	256	0.000103827
250	256	0.000111621
250	256	0.000108587
250	256	0.000110598
250	256	0.000105746
250	256	0.000111493
250	256	0.000083811
250	256	0.000128350
250	256	0.000139398
250	256	0.000107748
250	256	0.000092749
250	256	0.000091771
250	256	0.000136449
250	256	0.000091712
250	256	0.000131584
250	256	0.000072077
250	256	0.000122009
250	256	0.000105102
250	256	0.000129966
250	256	0.000133835
250	256	0.000143145
250	256	0.000085128
250	256	0.000099926
250	256	0.000118267
250	256	0.000163028
250	256	0.000100745
250	256	0.000119937
250	380	0.000115500
250	380	0.000243775
250	380	0.000128081
250	380	0.000109805
250	380	0.000106205
250	380	0.000136723
250	380	0.000142034
250	380	0.000109977
250	380	0.000109709
250	380	0.000153796
250	380	0.000132723
250	380	0.000118281
250	380	0.000177506
250	380	0.000101302
250	380	0.000106843
250	380	0.000100994
250	380	0.000101102
250	380	0.000157387
250	380	0.000120350
250	380	0.000121332
250	380	0.000126864
250	380	0.000132502
250	380	0.000096913
250	380	0.000138654
250	380	0.000151706
250	380	0.000145731
250	380	0.000161059
250	380	0.000161335
250	380	0.000196205
250	380	0.000196201
250	380	0.000179967
250	380	0.000179879
250	380	0.000231488
250	380	0.000213631
250	380	0.000222276
250	380	0.000235862
250	380	0.000247375
250	380	0.000243555
250	380	0.000240898
250	380	0.000289802
250	380	0.000252973
250	380	0.000254536
250	380	0.000280884
250	380	0.000300112
250	380	0.000263662
250	380	0.000267084
250	380	0.000252996
250	380	0.000281387
250	380	0.000258733
250	380	0.000296879
250	380	0.000258963
250	380	0.000253283
250	380	0.000306981
250	380	0.000266697
250	380	0.000262633
250	380	0.000288538
250	380	0.000258739
250	380	0.000258014
250	380	0.000288553
250	380	0.000252924
250	380	0.000281567
250	380	0.000252890
250	380	0.000258409
250	380	0.000252678
250	380	0.000290544
250	380	0.000281747
250	380	0.000282086
250	380	0.000283345
250	380	0.000266936
250	380	0.000264897
250	380	0.000258138
250	380	0.000252750
250	380	0.000258652
250	380	0.000288042
250	380	0.000287654
250	380	0.000291739
250	380	0.000279643
250	380	0.000295332
250	380	0.000281845
250	380	0.000253412
250	380	0.000281378
250	380	0.000256947
250	380	0.000282579
250	380	0.000288410
250	380	0.000253000
250	380	0.000281702
250	380	0.000256663
250	380	0.000254159
250	380	0.000252575
250	380	0.000261694
250	380	0.000253638
250	380	0.000265214
250	380	0.000281286
250	380	0.000253238
250	380	0.000281467
250	380	0.000274158
250	380	0.000287575
250	380	0.000258248
250	380	0.000258830
250	380	0.000252812
250	510	0.000197749
250	510	0.000153566
250	510	0.000121647
250	510	0.000144435
250	510	0.000140757
250	510	0.000148370
250	510	0.000120773
250	510	0.000169560
250	510	0.000135038
250	510	0.000130601
250	510	0.000127707
250	510	0.000121564
250	510	0.000120044
250	510	0.000138502
250	510	0.000171638
250	510	0.000130852
250	510	0.000152548
250	510	0.000126357
250	510	0.000148325
250	510	0.000148080
250	510	0.000135025
250	510	0.000142201
250	510	0.000141317
250	510	0.000119827
250	510	0.000140004
250	510	0.000153153
250	510	0.000129206
250	510	0.000144068
250	510	0.000141338
250	510	0.000129024
250	510	0.000161016
250	510	0.000158537
250	510	0.000160768
250	510	0.000158520
250	510	0.000159559
250	510	0.000196038
250	510	0.000213835
250	510	0.000214397
250	510	0.000198227
250	510	0.000207180
250	510	0.000247823
250	510	0.000244254
250	510	0.000273990
250	510	0.000297408
250	510	0.000281407
250	510	0.000287668
250	510	0.000307119
250	510	0.000311855
250	510	0.000298690
250	510	0.000319927
250	510	0.000323965
250	510	0.000340912
250	510	0.000311660
250	510	0.000341209
250	510	0.000346810
250	510	0.000288252
250	510	0.000311287
250	510	0.000306432
250	510	0.000334972
250	510	0.000319129
250	510	0.000346317
250	510	0.000340996
250	510	0.000316591
250	510	0.000334530
250	510	0.000314732
250	510	0.000334366
250	510	0.000293115
250	510	0.000315439
250	510	0.000320493
250	510	0.000321548
250	510	0.000360874
250	510	0.000311749
250	510	0.000289872
250	510	0.000306362
250	510	0.000334781
250	510	0.000334728
250	510	0.000318724
250	510	0.000306922
250	510	0.000293239
250	510	0.000317554
250	510	0.000364667
250	510	0.000321033
250	510	0.000341555
250	510	0.000334107
250	510	0.000307117
250	510	0.000300242
250	510	0.000306378
250	510	0.000385018
250	510	0.000334552
250	510	0.000288309
250	510	0.000312039
250	510	0.000306211
250	510	0.000334854
250	510	0.000320881
250	510	0.000308512
250	510	0.000287813
250	510	0.000306972
250	510	0.000334597
250	510	0.000320572
250	510	0.000320099
250	600	0.000172910
250	600	0.000168629
250	600	0.000157569
250	600	0.000281901
250	600	0.000189966
250	600	0.000205577
250	600	0.000198112
250	600	0.000226116
250	600	0.000191517
250	600	0.000157480
250	600	0.000156128
250	600	0.000171423
250	600	0.000199862
250	600	0.000175498
250	600	0.000150341
250	600	0.000158251
250	600	0.000212328
250	600	0.000158790
250	600	0.000165879
250	600	0.000196781
250	600	0.000259487
250	600	0.000186284
250	600	0.000195403
250	600	0.000195444
250	600	0.000168878
250	600	0.000175553
250	600	0.000164552
250	600	0.000187213
250	600	0.000189713
250	600	0.000206804
250	600	0.000183144
250	600	0.000198268
250	600	0.000176103
250	600	0.000190214
250	600	0.000167686
250	600	0.000166173
250	600	0.000165573
250	600	0.000165977
250	600	0.000165805
250	600	0.000180372
250	600	0.000180061
250	600	0.000177469
250	600	0.000165377
250	600	0.000165572
250	600	0.000233827
250	600	0.000222761
250	600	0.000223067
250	600	0.000231473
250	600	0.000239884
250	600	0.000244429
250	600	0.000239691
250	600	0.000260172
250	600	0.000223843
250	600	0.000246488
250	600	0.000238833
250	600	0.000223405
250	600	0.000242455
250	600	0.000239912
250	600	0.000239657
250	600	0.000246355
250	600	0.000260457
250	600	0.000330138
250	600	0.000307309
250	600	0.000329504
250	600	0.000332474
250	600	0.000339972
250	600	0.000364210
250	600	0.000346136
250	600	0.000346104
250	600	0.000352483
250	600	0.000404591
250	600	0.000424937
250	600	0.000432572
250	600	0.000420925
250	600	0.000448811
250	600	0.000418105
250	600	0.000432855
250	600	0.000414591
250	600	0.000419462
250	600	0.000438580
250	600	0.000403814
250	600	0.000434473
250	600	0.000403548
250	600	0.000383952
250	600	0.000438974
250	600	0.000403271
250	600	0.000406861
250	600	0.000379947
250	600	0.000410688
250	600	0.000447195
250	600	0.000380342
250	600	0.000404017
250	600	0.000420053
250	600	0.000413444
250	600	0.000437954
250	600	0.000433553
250	600	0.000403422
250	600	0.000407421
250	600	0.000410008
250	600	0.000404953
380	128	0.000061556
380	128	0.000067516
380	128	0.000066192
380	128	0.000062446
380	128	0.000053657
380	128	0.000077632
380	128	0.000065143
380	128	0.000069425
380	128	0.000057683
380	128	0.000066430
380	128	0.000051578
380	128	0.000063282
380	128	0.000058954
380	128	0.000059412
380	128	0.000052261
380	128	0.000099455
380	128	0.000073699
380	128	0.000052497
380	128	0.000057847
380	128	0.000052063
380	128	0.000048878
380	128	0.000046880
380	128	0.000067160
380	128	0.000067395
380	128	0.000092535
380	128	0.000076498
380	128	0.000049926
380	128	0.000064239
380	128	0.000064738
380	128	0.000075498
380	128	0.000073450
380	128	0.000069065
380	128	0.000059284
380	128	0.000064593
380	128	0.000092395
380	128	0.000073515
380	128	0.000053481
380	128	0.000073234
380	128	0.000064403
380	128	0.000053235
380	128	0.000076678
380	128	0.000068655
380	128	0.000064396
380	128	0.000065445
380	128	0.000063438
380	128	0.000064597
380	128	0.000065334
380	128	0.000066468
380	128	0.000072134
380	128	0.000072157
380	128	0.000084693
380	128	0.000072604
380	128	0.000072155
380	128	0.000073198
380	128	0.000084791
380	128	0.000094821
380	128	0.000085434
380	128	0.000098351
380	128	0.000086008
380	128	0.000096553
380	128	0.000051129
380	128	0.000051596
380	128	0.000051055
380	128	0.000061960
380	128	0.000065553
380	128	0.000058341
380	128	0.000068935
380	128	0.000066800
380	128	0.000053688
380	128	0.000066044
380	128	0.000080822
380	128	0.000060855
380	128	0.000051504
380	128	0.000054981
380	128	0.000066667
380	128	0.000051603
380	128	0.000078943
380	128	0.000062561
380	128	0.000059553
380	128	0.000075993
380	128	0.000055338
380	128	0.000051411
380	128	0.000053782
380	128	0.000051521
380	128	0.000050098
380	128	0.000062613
380	128	0.000058239
380	128	0.000051192
380	128	0.000061608
380	128	0.000051347
380	128	0.000072496
380	128	0.000075524
380	128	0.000069471
380	128	0.000052540
380	128	0.000053114
380	128	0.000069717
380	128	0.000058005
380	128	0.000051034
380	128	0.000075294
380	128	0.000051459
380	256	0.000162637
380	256	0.000164942
380	256	0.000138947
380	256	0.000160492
380	256	0.000141264
380	256	0.000160667
380	256	0.000177587
380	256	0.000138299
380	256	0.000156571
380	256	0.000151978
380	256	0.000171960
380	256	0.000167122
380	256	0.000192370
380	256	0.000202239
380	256	0.000181759
380	256	0.000138722
380	256	0.000141879
380	256	0.000162728
380	256	0.000146630
380	256	0.000158578
380	256	0.000142386
380	256	0.000138851
380	256	0.000135566
380	256	0.000156371
380	256	0.000169176
380	256	0.000179343
380	256	0.000185258
380	256	0.000179221
380	256	0.000171054
380	256	0.000144295
380	256	0.000181182
380	256	0.000138231
380	256	0.000173070
380	256	0.000163567
380	256	0.000167698
380	256	0.000189860
380	256	0.000209868
380	256	0.000155412
380	256	0.000111284
380	256	0.000153365
380	256	0.000115500
380	256	0.000151983
380	256	0.000152614
380	256	0.000172644
380	256	0.000207478
380	256	0.000195455
380	256	0.000197131
380	256	0.000194940
380	256	0.000201468
380	256	0.000162233
380	256	0.000205532
380	256	0.000211543
380	256	0.000205328
380	256	0.000204666
380	256	0.000239432
380	256	0.000215487
380	256	0.000214007
380	256	0.000240481
380	256	0.000234818
380	256	0.000218592
380	256	0.000240709
380	256	0.000266044
380	256	0.000265562
380	256	0.000297137
380	256	0.000327947
380	256	0.000329027
380	256	0.000328040
380	256	0.000347341
380	256	0.000317622
380	256	0.000355787
380	256	0.000257801
380	256	0.000258143
380	256	0.000259083
380	256	0.000269102
380	256	0.000266612
380	256	0.000265643
380	256	0.000294158
380	256	0.000298320
380	256	0.000292280
380	256	0.000285148
380	256	0.000278946
380	256	0.000312579
380	256	0.000304231
380	256	0.000237594
380	256	0.000347164
380	256	0.000334777
380	256	0.000326116
380	256	0.000352393
380	256	0.000365089
380	256	0.000367589
380	256	0.000346882
380	256	0.000347316
380	256	0.000359081
380	256	0.000348196
380	256	0.000334369
380	256	0.000390034
380	256	0.000367395
380	256	0.000367946
380	256	0.000354454
380	256	0.000326263
380	380	0.000211875
380	380	0.000156443
380	380	0.000192920
380	380	0.000181869
380	380	0.000184035
380	380	0.000171516
380	380	0.000193041
380	380	0.000174314
380	380	0.000172459
380	380	0.000153023
380	380	0.000122864
380	380	0.000166843
380	380	0.000216916
380	380	0.000181795
380	380	0.000181192
380	380	0.000205763
380	380	0.000201536
380	380	0.000180890
380	380	0.000199252
380	380	0.000224267
380	380	0.000181748
380	380	0.000223244
380	380	0.000244285
380	380	0.000256070
380	380	0.000260806
380	380	0.000287108
380	380	0.000293254
380	380	0.000341919
380	380	0.000307736
380	380	0.000308202
380	380	0.000405067
380	380	0.000398236
380	380	0.000401405
380	380	0.000385873
380	380	0.000385864
380	380	0.000398895
380	380	0.000401034
380	380	0.000391478
380	380	0.000366872
380	380	0.000391456
380	380	0.000402614
380	380	0.000433773
380	380	0.000361483
380	380	0.000372198
380	380	0.000418687
380	380	0.000437008
380	380	0.000427308
380	380	0.000422524
380	380	0.000428932
380	380	0.000387243
380	380	0.000391535
380	380	0.000442419
380	380	0.000422491
380	380	0.000383718
380	380	0.000383813
380	380	0.000428366
380	380	0.000425573
380	380	0.000367254
380	380	0.000387031
380	380	0.000391986
380	380	0.000423751
380	380	0.000368962
380	380	0.000392844
380	380	0.000400939
380	380	0.000475162
380	380	0.000427718
380	380	0.000403508
380	380	0.000392307
380	380	0.000427690
380	380	0.000384904
380	380	0.000396121
380	380	0.000385185
380	380	0.000428411
380	380	0.000402452
380	380	0.000394949
380	380	0.000392327
380	380	0.000387925
380	380	0.000401791
380	380	0.000400454
380	380	0.000384639
380	380	0.000388622
380	380	0.000400045
380	380	0.000393386
380	380	0.000369586
380	380	0.000386962
380	380	0.000439113
380	380	0.000426785
380	380	0.000368347
380	380	0.000387036
380	380	0.000413998
380	380	0.000394024
380	380	0.000402629
380	380	0.000427991
380	380	0.000457281
380	380	0.000361410
380	380	0.000361240
380	380	0.000409702
380	380	0.000420776
380	380	0.000391538
380	380	0.000369015
380	510	0.000207617
380	510	0.000203909
380	510	0.000216012
380	510	0.000200427
380	510	0.000203856
380	510	0.000221301
380	510	0.000181152
380	510	0.000187467
380	510	0.000206623
380	510	0.000243964
380	510	0.000219748
380	510	0.000213756
380	510	0.000198267
380	510	0.000212214
380	510	0.000181997
380	510	0.000230362
380	510	0.000221478
380	510	0.000230127
380	510	0.000241748
380	510	0.000210874
380	510	0.000205287
380	510	0.000201457
380	510	0.000223008
380	510	0.000210424
380	510	0.000246515
380	510	0.000221234
380	510	0.000212599
380	510	0.000212437
380	510	0.000220527
380	510	0.000222544
380	510	0.000262911
380	510	0.000239350
380	510	0.000209166
380	510	0.000201596
380	510	0.000206770
380	510	0.000192347
380	510	0.000256678
380	510	0.000222821
380	510	0.000254783
380	510	0.000270163
380	510	0.000280447
380	510	0.000281195
380	510	0.000277345
380	510	0.000281515
380	510	0.000256747
380	510	0.000285354
380	510	0.000259899
380	510	0.000269896
380	510	0.000267176
380	510	0.000265453
380	510	0.000274078
380	510	0.000347259
380	510	0.000350459
380	510	0.000353048
380	510	0.000309601
380	510	0.000345442
380	510	0.000314777
380	510	0.000377333
380	510	0.000339554
380	510	0.000343933
380	510	0.000372331
380	510	0.000378191
380	510	0.000407110
380	510	0.000391712
380	510	0.000402048
380	510	0.000432340
380	510	0.000452870
380	510	0.000414473
380	510	0.000510817
380	510	0.000480985
380	510	0.000474098
380	510	0.000491279
380	510	0.000535004
380	510	0.000438187
380	510	0.000485922
380	510	0.000478264
380	510	0.000464208
380	510	0.000457510
380	510	0.000497436
380	510	0.000444826
380	510	0.000453539
380	510	0.000502873
380	510	0.000444125
380	510	0.000517823
380	510	0.000472201
380	510	0.000438789
380	510	0.000437040
380	510	0.000474472
380	510	0.000480419
380	510	0.000441562
380	510	0.000481760
380	510	0.000465638
380	510	0.000448947
380	510	0.000538631
380	510	0.000437473
380	510	0.000444979
380	510	0.000519845
380	510	0.000482554
380	510	0.000448128
380	510	0.000506367
380	600	0.000355462
380	600	0.000266802
380	600	0.000322613
380	600	0.000261328
380	600	0.000297612
380	600	0.000263489
380	600	0.000285428
380	600	0.000266883
380	600	0.000275010
380	600	0.000289312
380	600	0.000281012
380	600	0.000298127
380	600	0.000266751
380	600	0.000247994
380	600	0.000301339
380	600	0.000256622
380	600	0.000263234
380	600	0.000282058
380	600	0.000265556
380	600	0.000286148
380	600	0.000297981
380	600	0.000300107
380	600	0.000321575
380	600	0.000297629
380	600	0.000389265
380	600	0.000368594
380	600	0.000388452
380	600	0.000406950
380	600	0.000448030
380	600	0.000477939
380	600	0.000558906
380	600	0.000555015
380	600	0.000604698
380	600	0.000656548
380	600	0.000589857
380	600	0.000655537
380	600	0.000618432
380	600	0.000589688
380	600	0.000578771
380	600	0.000548252
380	600	0.000545562
380	600	0.000527328
380	600	0.000562461
380	600	0.000516824
380	600	0.000543426
380	600	0.000563217
380	600	0.000533106
380	600	0.000552991
380	600	0.000599473
380	600	0.000546141
380	600	0.000621327
380	600	0.000578872
380	600	0.000445569
380	600	0.000477476
380	600	0.000477467
380	600	0.000456970
380	600	0.000442062
380	600	0.000456646
380	600	0.000455742
380	600	0.000452480
380	600	0.000490213
380	600	0.000480287
380	600	0.000500260
380	600	0.000426902
380	600	0.000463642
380	600	0.000457188
380	600	0.000528340
380	600	0.000503853
380	600	0.000543271
380	600	0.000585155
380	600	0.000619072
380	600	0.000577808
380	600	0.000607969
380	600	0.000579182
380	600	0.000640161
380	600	0.000666008
380	600	0.000643763
380	600	0.000634771
380	600	0.000652204
380	600	0.000666609
380	600	0.000642654
380	600	0.000584783
380	600	0.000656263
380	600	0.000593208
380	600	0.000598044
380	600	0.000562950
380	600	0.000546394
380	600	0.000589801
380	600	0.000579983
380	600	0.000553316
380	600	0.000553241
380	600	0.000542049
380	600	0.000516795
380	600	0.000560640
380	600	0.000573360
380	600	0.000545195
380	600	0.000585365
380	600	0.000589830
380	600	0.000585436
380	600	0.000604276
510	128	0.000101999
510	128	0.000079846
510	128	0.000092368
510	128	0.000087259
510	128	0.000074289
510	128	0.000076590
510	128	0.000088998
510	128	0.000072004
510	128	0.000068639
510	128	0.000081548
510	128	0.000066803
510	128	0.000089073
510	128	0.000087211
510	128	0.000091934
510	128	0.000085642
510	128	0.000079197
510	128	0.000068481
510	128	0.000083742
510	128	0.000080873
510	128	0.000082358
510	128	0.000068950
510	128	0.000089053
510	128	0.000072329
510	128	0.000087741
510	128	0.000207786
510	128	0.000086363
510	128	0.000089430
510	128	0.000076342
510	128	0.000083892
510	128	0.000091537
510	128	0.000075779
510	128	0.000113400
510	128	0.000100016
510	128	0.000068947
510	128	0.000096500
510	128	0.000096474
510	128	0.000083633
510	128	0.000083602
510	128	0.000082116
510	128	0.000104643
510	128	0.000100387
510	128	0.000108839
510	128	0.000104030
510	128	0.000201454
510	128	0.000073619
510	128	0.000072719
510	128	0.000063854
510	128	0.000064911
510	128	0.000066110
510	128	0.000089681
510	128	0.000090511
510	128	0.000092310
510	128	0.000101646
510	128	0.000089352
510	128	0.000078059
510	128	0.000070582
510	128	0.000096376
510	128	0.000084597
510	128	0.000085314
510	128	0.000097441
510	128	0.000095803
510	128	0.000071770
510	128	0.000086770
510	128	0.000080094
510	128	0.000072262
510	128	0.000083186
510	128	0.000071845
510	128	0.000085158
510	128	0.000085774
510	128	0.000070152
510	128	0.000099414
510	128	0.000089879
510	128	0.000107072
510	128	0.000105380
510	128	0.000069131
510	128	0.000139526
510	128	0.000066300
510	128	0.000082314
510	128	0.000071565
510	128	0.000087510
510	128	0.000084449
510	128	0.000070332
510	128	0.000073310
510	128	0.000072303
510	128	0.000069177
510	128	0.000085976
510	128	0.000071978
510	128	0.000071875
510	128	0.000105436
510	128	0.000077653
510	128	0.000067765
510	128	0.000089791
510	128	0.000089986
510	128	0.000070822
510	128	0.000068474
510	128	0.000068581
510	128	0.000102345
510	128	0.000075659
510	128	0.000068742
510	128	0.000069307
510	256	0.000241517
510	256	0.000213235
510	256	0.000195795
510	256	0.000200020
510	256	0.000208972
510	256	0.000225649
510	256	0.000208823
510	256	0.000223339
510	256	0.000249878
510	256	0.000209829
510	256	0.000185913
510	256	0.000200668
510	256	0.000205387
510	256	0.000271077
510	256	0.000195210
510	256	0.000213322
510	256	0.000195534
510	256	0.000220405
510	256	0.000195416
510	256	0.000214721
510	256	0.000190081
510	256	0.000257515
510	256	0.000257285
510	256	0.000267790
510	256	0.000263526
510	256	0.000296112
510	256	0.000269072
510	256	0.000262347
510	256	0.000256562
510	256	0.000266564
510	256	0.000277394
510	256	0.000282843
510	256	0.000272339
510	256	0.000364261
510	256	0.000323334
510	256	0.000248515
510	256	0.000362720
510	256	0.000362234
510	256	0.000355233
510	256	0.000373807
510	256	0.000372387
510	256	0.000381138
510	256	0.000393572
510	256	0.000400298
510	256	0.000408425
510	256	0.000423474
510	256	0.000422717
510	256	0.000448129
510	256	0.000471670
510	256	0.000463966
510	256	0.000509595
510	256	0.000536638
510	256	0.000475781
510	256	0.000487618
510	256	0.000540029
510	256	0.000445644
510	256	0.000483859
510	256	0.000476066
510	256	0.000458108
510	256	0.000488657
510	256	0.000485847
510	256	0.000456506
510	256	0.000530988
510	256	0.000477667
510	256	0.000465010
510	256	0.000499874
510	256	0.000499822
510	256	0.000540510
510	256	0.000477629
510	256	0.000453867
510	256	0.000529134
510	256	0.000484167
510	256	0.000449078
510	256	0.000526530
510	256	0.000527193
510	256	0.000493494
510	256	0.000470677
510	256	0.000465547
510	256	0.000455642
510	256	0.000535734
510	256	0.000476080
510	256	0.000477840
510	256	0.000504315
510	256	0.000447815
510	256	0.000461551
510	256	0.000498374
510	256	0.000473523
510	256	0.000449637
510	256	0.000544727
510	256	0.000472290
510	256	0.000449666
510	256	0.000475874
510	256	0.000512487
510	256	0.000523119
510	256	0.000518897
510	256	0.000517432
510	256	0.000493127
510	256	0.000468060
510	256	0.000491138
510	256	0.000448215
510	380	0.000223620
510	380	0.000227412
510	380	0.000268336
510	380	0.000261099
510	380	0.000230031
510	380	0.000232110
510	380	0.000322389
510	380	0.000228527
510	380	0.000228735
510	380	0.000262825
510	380	0.000239051
510	380	0.000251525
510	380	0.000201878
510	380	0.000223893
510	380	0.000217479
510	380	0.000247924
510	380	0.000245786
510	380	0.000224523
510	380	0.000246912
510	380	0.000201496
510	380	0.000214178
510	380	0.000222908
510	380	0.000219129
510	380	0.000271326
510	380	0.000230974
510	380	0.000254433
510	380	0.000254752
510	380	0.000241375
510	380	0.000234691
510	380	0.000236593
510	380	0.000238497
510	380	0.000262026
510	380	0.000192866
510	380	0.000235783
510	380	0.000340763
510	380	0.000312488
510	380	0.000306008
510	380	0.000324998
510	380	0.000417661
510	380	0.000362110
510	380	0.000392312
510	380	0.000368402
510	380	0.000357788
510	380	0.000358534
510	380	0.000418470
510	380	0.000403900
510	380	0.000407496
510	380	0.000428066
510	380	0.000449716
510	380	0.000399576
510	380	0.000473985
510	380	0.000483497
510	380	0.000328356
510	380	0.000413221
510	380	0.000420821
510	380	0.000415838
510	380	0.000458720
510	380	0.000420329
510	380	0.000455217
510	380	0.000480878
510	380	0.000447693
510	380	0.000443304
510	380	0.000500026
510	380	0.000478056
510	380	0.000461610
510	380	0.000508092
510	380	0.000540705
510	380	0.000484794
510	380	0.000526246
510	380	0.000485092
510	380	0.000485743
510	380	0.000494834
510	380	0.000539314
510	380	0.000539893
510	380	0.000537422
510	380	0.000525345
510	380	0.000571297
510	380	0.000525628
510	380	0.000524250
510	380	0.000521898
510	380	0.000577442
510	380	0.000551156
510	380	0.000539740
510	380	0.000485448
510	380	0.000496793
510	380	0.000516251
510	380	0.000515667
510	380	0.000550466
510	380	0.000497630
510	380	0.000467619
510	380	0.000482060
510	380	0.000468184
510	380	0.000466814
510	380	0.000460014
510	380	0.000551393
510	380	0.000502474
510	380	0.000515790
510	380	0.000542294
510	380	0.000544820
510	380	0.000515157
510	510	0.000266883
510	510	0.000287333
510	510	0.000282747
510	510	0.000267313
510	510	0.000243639
510	510	0.000256796
510	510	0.000296485
510	510	0.000310427
510	510	0.000377962
510	510	0.000247877
510	510	0.000277520
510	510	0.000274475
510	510	0.000275138
510	510	0.000277071
510	510	0.000304908
510	510	0.000270549
510	510	0.000288189
510	510	0.000297328
510	510	0.000266246
510	510	0.000289667
510	510	0.000284841
510	510	0.000248242
510	510	0.000257684
510	510	0.000324727
510	510	0.000284225
510	510	0.000357213
510	510	0.000280790
510	510	0.000286930
510	510	0.000301194
510	510	0.000308978
510	510	0.000319372
510	510	0.000505511
510	510	0.000354905
510	510	0.000312850
510	510	0.000329982
510	510	0.000295273
510	510	0.000290902
510	510	0.000300902
510	510	0.000283289
510	510	0.000280776
510	510	0.000305053
510	510	0.000252678
510	510	0.000308427
510	510	0.000272879
510	510	0.000270466
510	510	0.000292602
510	510	0.000247120
510	510	0.000291445
510	510	0.000274180
510	510	0.000277018
510	510	0.000254048
510	510	0.000300466
510	510	0.000269779
510	510	0.000275723
510	510	0.000272162
510	510	0.000267336
510	510	0.000279428
510	510	0.000283568
510	510	0.000259092
510	510	0.000298410
510	510	0.000302738
510	510	0.000302880
510	510	0.000303064
510	510	0.000363384
510	510	0.000336806
510	510	0.000358066
510	510	0.000388059
510	510	0.000370731
510	510	0.000364371
510	510	0.000333293
510	510	0.000366771
510	510	0.000413176
510	510	0.000432121
510	510	0.000387397
510	510	0.000399101
510	510	0.000398753
510	510	0.000399030
510	510	0.000459846
510	510	0.000461027
510	510	0.000507610
510	510	0.000484303
510	510	0.000467344
510	510	0.000424272
510	510	0.000453839
510	510	0.000422672
510	510	0.000442697
510	510	0.000496655
510	510	0.000498167
510	510	0.000519871
510	510	0.000491704
510	510	0.000593961
510	510	0.000524259
510	510	0.000535231
510	510	0.000505179
510	510	0.000499198
510	510	0.000563535
510	510	0.000564047
510	510	0.000536339
510	510	0.000476826
510	510	0.000482513
510	600	0.000440729
510	600	0.000361588
510	600	0.000401036
510	600	0.000330193
510	600	0.000346522
510	600	0.000341154
510	600	0.000334669
510	600	0.000343982
510	600	0.000450380
510	600	0.000329398
510	600	0.000355084
510	600	0.000416425
510	600	0.000418009
510	600	0.000447137
510	600	0.000546684
510	600	0.000544014
510	600	0.000552451
510	600	0.000648385
510	600	0.000647401
510	600	0.000722234
510	600	0.000851887
510	600	0.000796091
510	600	0.000885426
510	600	0.000901916
510	600	0.000834333
510	600	0.000883183
510	600	0.000885375
510	600	0.000898430
510	600	0.000833448
510	600	0.000895935
510	600	0.000821969
510	600	0.000872357
510	600	0.000845239
510	600	0.000869789
510	600	0.000888387
510	600	0.000853601
510	600	0.000858243
510	600	0.000775335
510	600	0.000748705
510	600	0.000733625
510	600	0.000778487
510	600	0.000789471
510	600	0.000798111
510	600	0.000883244
510	600	0.000826337
510	600	0.000874727
510	600	0.000873181
510	600	0.000831655
510	600	0.000790067
510	600	0.000854187
510	600	0.000876019
510	600	0.000887048
510	600	0.000861377
510	600	0.000863938
510	600	0.000834227
510	600	0.000845512
510	600	0.000814196
510	600	0.000837319
510	600	0.000868452
510	600	0.000823252
510	600	0.000841501
510	600	0.000789088
510	600	0.000869492
510	600	0.000844083
510	600	0.000901402
510	600	0.000885673
510	600	0.000823451
510	600	0.000830642
510	600	0.000844959
510	600	0.000814612
510	600	0.000801336
510	600	0.000851681
510	600	0.000823097
510	600	0.000848660
510	600	0.000846591
510	600	0.000831187
510	600	0.000835485
510	600	0.000829240
510	600	0.000837792
510	600	0.000812472
510	600	0.000804567
510	600	0.000878673
510	600	0.000859083
510	600	0.000823706
510	600	0.000825576
510	600	0.000840816
510	600	0.000824510
510	600	0.000866949
510	600	0.000870839
510	600	0.000888916
510	600	0.000857949
510	600	0.000811513
510	600	0.000883283
510	600	0.000842689
510	600	0.000868748
510	600	0.000829553
510	600	0.000839550
510	600	0.000826292
510	600	0.000828135
510	600	0.000885510
600	128	0.000104948
600	128	0.000113585
600	128	0.000097834
600	128	0.000098292
600	128	0.000082654
600	128	0.000083205
600	128	0.000082560
600	128	0.000080573
600	128	0.000081048
600	128	0.000098448
600	128	0.000099311
600	128	0.000105668
600	128	0.000111781
600	128	0.000094358
600	128	0.000084511
600	128	0.000080651
600	128	0.000097531
600	128	0.000080670
600	128	0.000102747
600	128	0.000090165
600	128	0.000086524
600	128	0.000087923
600	128	0.000089955
600	128	0.000089157
600	128	0.000090107
600	128	0.000110607
600	128	0.000098637
600	128	0.000106926
600	128	0.000099018
600	128	0.000094986
600	128	0.000094331
600	128	0.000106085
600	128	0.000114386
600	128	0.000124146
600	128	0.000113876
600	128	0.000110065
600	128	0.000108537
600	128	0.000121019
600	128	0.000122932
600	128	0.000122883
600	128	0.000120109
600	128	0.000078338
600	128	0.000097580
600	128	0.000108912
600	128	0.000083451
600	128	0.000081645
600	128	0.000100275
600	128	0.000092706
600	128	0.000091239
600	128	0.000098623
600	128	0.000081123
600	128	0.000102758
600	128	0.000084869
600	128	0.000108734
600	128	0.000093326
600	128	0.000084588
600	128	0.000083258
600	128	0.000081291
600	128	0.000080769
600	128	0.000106561
600	128	0.000131824
600	128	0.000086781
600	128	0.000125647
600	128	0.000097832
600	128	0.000077642
600	128	0.000081085
600	128	0.000098994
600	128	0.000104562
600	128	0.000081342
600	128	0.000097453
600	128	0.000108195
600	128	0.000114328
600	128	0.000102014
600	128	0.000098573
600	128	0.000108400
600	128	0.000091871
600	128	0.000101261
600	128	0.000094306
600	128	0.000083005
600	128	0.000135656
600	128	0.000097383
600	128	0.000111369
600	128	0.000109791
600	128	0.000123967
600	128	0.000085782
600	128	0.000134617
600	128	0.000080826
600	128	0.000081593
600	128	0.000098898
600	128	0.000097992
600	128	0.000082645
600	128	0.000077788
600	128	0.000095971
600	128	0.000102702
600	128	0.000089423
600	128	0.000109348
600	128	0.000096974
600	128	0.000095144
600	128	0.000096119
600	128	0.000081295
600	256	0.000261258
600	256	0.000348856
600	256	0.000232903
600	256	0.000242019
600	256	0.000213341
600	256	0.000219942
600	256	0.000276853
600	256	0.000232498
600	256	0.000214646
600	256	0.000275051
600	256	0.000281953
600	256	0.000275229
600	256	0.000309481
600	256	0.000225566
600	256	0.000252299
600	256	0.000239667
600	256	0.000253305
600	256	0.000253172
600	256	0.000274570
600	256	0.000238645
600	256	0.000229623
600	256	0.000265057
600	256	0.000302803
600	256	0.000246561
600	256	0.000249620
600	256	0.000245800
600	256	0.000257055
600	256	0.000254418
600	256	0.000213478
600	256	0.000230796
600	256	0.000228742
600	256	0.000248584
600	256	0.000277930
600	256	0.000230691
600	256	0.000183166
600	256	0.000230401
600	256	0.000243035
600	256	0.000248707
600	256	0.000243014
600	256	0.000193148
600	256	0.000243771
600	256	0.000248614
600	256	0.000257464
600	256	0.000257472
600	256	0.000197901
600	256	0.000258043
600	256	0.000242109
600	256	0.000247328
600	256	0.000237482
600	256	0.000273402
600	256	0.000176010
600	256	0.000267530
600	256	0.000279494
600	256	0.000309358
600	256	0.000307636
600	256	0.000280220
600	256	0.000302387
600	256	0.000309246
600	256	0.000339839
600	256	0.000303123
600	256	0.000314757
600	256	0.000338015
600	256	0.000227233
600	256	0.000373099
600	256	0.000264513
600	256	0.000388108
600	256	0.000407227
600	256	0.000337241
600	256	0.000313410
600	256	0.000313157
600	256	0.000325426
600	256	0.000331524
600	256	0.000331464
600	256	0.000358760
600	256	0.000306670
600	256	0.000308790
600	256	0.000308962
600	256	0.000393498
600	256	0.000358169
600	256	0.000358588
600	256	0.000372790
600	256	0.000390293
600	256	0.000386432
600	256	0.000404801
600	256	0.000401738
600	256	0.000410486
600	256	0.000420712
600	256	0.000493009
600	256	0.000449894
600	256	0.000406868
600	256	0.000398983
600	256	0.000399881
600	256	0.000408110
600	256	0.000446075
600	256	0.000412982
600	256	0.000418345
600	256	0.000405049
600	256	0.000467116
600	256	0.000432732
600	256	0.000426001
600	380	0.000241956
600	380	0.000277883
600	380	0.000271903
600	380	0.000260060
600	380	0.000284341
600	380	0.000291610
600	380	0.000294087
600	380	0.000241012
600	380	0.000347203
600	380	0.000260740
600	380	0.000279611
600	380	0.000236395
600	380	0.000281120
600	380	0.000272876
600	380	0.000317324
600	380	0.000312296
600	380	0.000267324
600	380	0.000243004
600	380	0.000263920
600	380	0.000247066
600	380	0.000295910
600	380	0.000304057
600	380	0.000313265
600	380	0.000336997
600	380	0.000303906
600	380	0.000337654
600	380	0.000337561
600	380	0.000379521
600	380	0.000378850
600	380	0.000397768
600	380	0.000370036
600	380	0.000502190
600	380	0.000465744
600	380	0.000518195
600	380	0.000550738
600	380	0.000604956
600	380	0.000637634
600	380	0.000585976
600	380	0.000605676
600	380	0.000601947
600	380	0.000618231
600	380	0.000619251
600	380	0.000626305
600	380	0.000606547
600	380	0.000681472
600	380	0.000585117
600	380	0.000673820
600	380	0.000581757
600	380	0.000629735
600	380	0.000635213
600	380	0.000667075
600	380	0.000605241
600	380	0.000668041
600	380	0.000608265
600	380	0.000607877
600	380	0.000627481
600	380	0.000605584
600	380	0.000640178
600	380	0.000592237
600	380	0.000635532
600	380	0.000582346
600	380	0.000628240
600	380	0.000596257
600	380	0.000620743
600	380	0.000571074
600	380	0.000642102
600	380	0.000569875
600	380	0.000590971
600	380	0.000645155
600	380	0.000579575
600	380	0.000635160
600	380	0.000689482
600	380	0.000677023
600	380	0.000687017
600	380	0.000633359
600	380	0.000660044
600	380	0.000570823
600	380	0.000667616
600	380	0.000604946
600	380	0.000641247
600	380	0.000682798
600	380	0.000622632
600	380	0.000581296
600	380	0.000578274
600	380	0.000630791
600	380	0.000647508
600	380	0.000638885
600	380	0.000606033
600	380	0.000686325
600	380	0.000615453
600	380	0.000520824
600	380	0.000534266
600	380	0.000558618
600	380	0.000582068
600	380	0.000668393
600	380	0.000581434
600	380	0.000627420
600	380	0.000516167
600	380	0.000634661
600	380	0.000677782
600	510	0.000369524
600	510	0.000290214
600	510	0.000317120
600	510	0.000335241
600	510	0.000313033
600	510	0.000317939
600	510	0.000344996
600	510	0.000322159
600	510	0.000326531
600	510	0.000320619
600	510	0.000355200
600	510	0.000360818
600	510	0.000355249
600	510	0.000450372
600	510	0.000483773
600	510	0.000434410
600	510	0.000519216
600	510	0.000510191
600	510	0.000509698
600	510	0.000539474
600	510	0.000547910
600	510	0.000552627
600	510	0.000560153
600	510	0.000557332
600	510	0.000580741
600	510	0.000542864
600	510	0.000603399
600	510	0.000688319
600	510	0.000659752
600	510	0.000653737
600	510	0.000700149
600	510	0.000754408
600	510	0.000758422
600	510	0.000821371
600	510	0.000742665
600	510	0.000733247
600	510	0.000810907
600	510	0.000764818
600	510	0.000709447
600	510	0.000732957
600	510	0.000790556
600	510	0.000723470
600	510	0.000751476
600	510	0.000738941
600	510	0.000691840
600	510	0.000760187
600	510	0.000725425
600	510	0.000821810
600	510	0.000771128
600	510	0.000728190
600	510	0.000768552
600	510	0.000792130
600	510	0.000774553
600	510	0.000772692
600	510	0.000723438
600	510	0.000762700
600	510	0.000819068
600	510	0.000701688
600	510	0.000739949
600	510	0.000713125
600	510	0.000696255
600	510	0.000701264
600	510	0.000690385
600	510	0.000750439
600	510	0.000734830
600	510	0.000692868
600	510	0.000742776
600	510	0.000740278
600	510	0.000745122
600	510	0.000755550
600	510	0.000736511
600	510	0.000751502
600	510	0.000748569
600	510	0.000804111
600	510	0.000755792
600	510	0.000758695
600	510	0.000744617
600	510	0.000803787
600	510	0.000726702
600	510	0.000825462
600	510	0.000741243
600	510	0.000760667
600	510	0.000763118
600	510	0.000693963
600	510	0.000782657
600	510	0.000788687
600	510	0.000747782
600	510	0.000720567
600	510	0.000765277
600	510	0.000734586
600	510	0.000708420
600	510	0.000744894
600	510	0.000777532
600	510	0.000779843
600	510	0.000729751
600	510	0.000805316
600	510	0.000758127
600	510	0.000799525
600	510	0.000744124
600	510	0.000768904
600	600	0.000403563
600	600	0.000409519
600	600	0.000474271
600	600	0.000411054
600	600	0.000437749
600	600	0.000456679
600	600	0.000489379
600	600	0.000408994
600	600	0.000402480
600	600	0.000418198
600	600	0.000475104
600	600	0.000433739
600	600	0.000479714
600	600	0.000471834
600	600	0.000419211
600	600	0.000478788
600	600	0.000492561
600	600	0.000406195
600	600	0.000428443
600	600	0.000449691
600	600	0.000391828
600	600	0.000410311
600	600	0.000404239
600	600	0.000377407
600	600	0.000474613
600	600	0.000438218
600	600	0.000448891
600	600	0.000499583
600	600	0.000414960
600	600	0.000396617
600	600	0.000433849
600	600	0.000387152
600	600	0.000414510
600	600	0.000472293
600	600	0.000517409
600	600	0.000499225
600	600	0.000505603
600	600	0.000532046
600	600	0.000526325
600	600	0.000644822
600	600	0.000647681
600	600	0.000721947
600	600	0.000720404
600	600	0.000734501
600	600	0.000841692
600	600	0.000846177
600	600	0.000784985
600	600	0.000744433
600	600	0.000792926
600	600	0.000789550
600	600	0.000687126
600	600	0.000668178
600	600	0.000623717
600	600	0.000671968
600	600	0.000624581
600	600	0.000622047
600	600	0.000609744
600	600	0.000704670
600	600	0.000731966
600	600	0.000817544
600	600	0.001007445
600	600	0.000867888
600	600	0.000868122
600	600	0.000976536
600	600	0.000998088
600	600	0.001022439
600	600	0.000998679
600	600	0.000971020
600	600	0.000920202
600	600	0.001020366
600	600	0.001044157
600	600	0.000983229
600	600	0.001017070
600	600	0.000965628
600	600	0.000970766
600	600	0.000945714
600	600	0.000987144
600	600	0.000955599
600	600	0.000957388
600	600	0.001013242
600	600	0.000935217
600	600	0.000920642
600	600	0.000932579
600	600	0.000867808
600	600	0.000999825
600	600	0.000981007
600	600	0.001011074
600	600	0.000963619
600	600	0.000963839
600	600	0.000960381
600	600	0.000920395
600	600	0.000962100
600	600	0.001028501
600	600	0.000970523
600	600	0.001041795
600	600	0.000992722
600	600	0.000987733
600	600	0.000939757
600	600	0.000954520
600	600	0.000965318
