120	128	0.000005111
120	128	0.000009823
120	128	0.000004842
120	128	0.000003705
120	128	0.000005165
120	128	0.000005198
120	128	0.000005144
120	128	0.000003519
120	128	0.000003531
120	128	0.000003725
120	128	0.000004902
120	128	0.000003514
120	128	0.000003597
120	128	0.000003589
120	128	0.000003509
120	128	0.000005143
120	128	0.000003763
120	128	0.000004313
120	128	0.000003660
120	128	0.000003445
120	128	0.000003763
120	128	0.000003725
120	128	0.000003688
120	128	0.000003951
120	128	0.000003922
120	128	0.000004155
120	128	0.000003936
120	128	0.000003924
120	128	0.000003940
120	128	0.000003908
120	128	0.000003961
120	128	0.000003955
120	128	0.000004889
120	128	0.000004975
120	128	0.000004599
120	128	0.000004645
120	128	0.000004645
120	128	0.000004650
120	128	0.000004607
120	128	0.000005615
120	128	0.000005582
120	128	0.000005514
120	128	0.000005461
120	128	0.000005490
120	128	0.000005823
120	128	0.000003539
120	128	0.000003509
120	128	0.000003515
120	128	0.000006180
120	128	0.000004244
120	128	0.000003662
120	128	0.000004063
120	128	0.000004096
120	128	0.000003937
120	128	0.000006588
120	128	0.000005646
120	128	0.000004816
120	128	0.000003982
120	128	0.000005147
120	128	0.000003735
120	128	0.000003480
120	128	0.000003578
120	128	0.000003533
120	128	0.000004795
120	128	0.000003634
120	128	0.000004012
120	128	0.000005411
120	128	0.000005739
120	128	0.000003577
120	128	0.000003603
120	128	0.000003552
120	128	0.000007567
120	128	0.000003540
120	128	0.000003551
120	128	0.000003503
120	128	0.000004684
120	128	0.000003626
120	128	0.000003666
120	128	0.000007276
120	128	0.000004439
120	128	0.000003544
120	128	0.000004743
120	128	0.000004193
120	128	0.000003469
120	128	0.000005134
120	128	0.000004902
120	128	0.000003515
120	128	0.000003550
120	128	0.000005029
120	128	0.000004045
120	128	0.000003525
120	128	0.000004784
120	128	0.000004033
120	128	0.000003548
120	128	0.000003530
120	128	0.000003820
120	128	0.000003545
120	128	0.000003516
120	128	0.000003666
120	128	0.000003775
120	256	0.000019112
120	256	0.000011511
120	256	0.000011929
120	256	0.000011560
120	256	0.000015708
120	256	0.000016991
120	256	0.000010610
120	256	0.000009356
120	256	0.000019438
120	256	0.000020024
120	256	0.000014294
120	256	0.000019554
120	256	0.000011721
120	256	0.000010966
120	256	0.000009980
120	256	0.000010939
120	256	0.000014935
120	256	0.000015709
120	256	0.000016111
120	256	0.000016312
120	256	0.000011718
120	256	0.000012177
120	256	0.000012501
120	256	0.000011120
120	256	0.000017174
120	256	0.000018858
120	256	0.000014533
120	256	0.000014378
120	256	0.000010983
120	256	0.000010849
120	256	0.000015369
120	256	0.000010836
120	256	0.000010234
120	256	0.000014267
120	256	0.000014337
120	256	0.000015020
120	256	0.000013523
120	256	0.000010626
120	256	0.000011282
120	256	0.000011253
120	256	0.000011276
120	256	0.000011091
120	256	0.000010105
120	256	0.000019822
120	256	0.000011189
120	256	0.000011043
120	256	0.000011287
120	256	0.000014487
120	256	0.000010712
120	256	0.000011362
120	256	0.000013367
120	256	0.000009998
120	256	0.000011862
120	256	0.000020177
120	256	0.000011106
120	256	0.000010820
120	256	0.000014562
120	256	0.000011405
120	256	0.000011446
120	256	0.000013373
120	256	0.000012536
120	256	0.000011533
120	256	0.000015897
120	256	0.000011153
120	256	0.000011660
120	256	0.000014773
120	256	0.000011226
120	256	0.000015549
120	256	0.000014910
120	256	0.000017226
120	256	0.000013201
120	256	0.000013314
120	256	0.000013125
120	256	0.000021828
120	256	0.000025041
120	256	0.000013811
120	256	0.000013516
120	256	0.000027104
120	256	0.000014298
120	256	0.000012633
120	256	0.000011271
120	256	0.000010127
120	256	0.000011253
120	256	0.000010955
120	256	0.000011271
120	256	0.000010263
120	256	0.000009952
120	256	0.000031206
120	256	0.000014841
120	256	0.000015084
120	256	0.000017380
120	256	0.000010348
120	256	0.000011559
120	256	0.000011250
120	256	0.000011561
120	256	0.000010982
120	256	0.000015511
120	256	0.000012330
120	256	0.000011492
120	256	0.000015456
120	380	0.000013856
120	380	0.000016635
120	380	0.000015361
120	380	0.000021384
120	380	0.000011500
120	380	0.000011023
120	380	0.000012156
120	380	0.000016016
120	380	0.000012926
120	380	0.000012442
120	380	0.000015631
120	380	0.000012658
120	380	0.000012026
120	380	0.000015750
120	380	0.000015281
120	380	0.000018994
120	380	0.000012679
120	380	0.000012760
120	380	0.000017229
120	380	0.000012228
120	380	0.000017005
120	380	0.000017057
120	380	0.000012610
120	380	0.000018311
120	380	0.000014569
120	380	0.000019072
120	380	0.000016169
120	380	0.000015908
120	380	0.000012341
120	380	0.000012551
120	380	0.000013685
120	380	0.000013952
120	380	0.000013993
120	380	0.000013663
120	380	0.000012149
120	380	0.000016958
120	380	0.000013766
120	380	0.000013748
120	380	0.000011411
120	380	0.000014421
120	380	0.000012551
120	380	0.000012991
120	380	0.000012628
120	380	0.000012091
120	380	0.000015568
120	380	0.000012817
120	380	0.000015040
120	380	0.000017181
120	380	0.000013316
120	380	0.000018538
120	380	0.000012707
120	380	0.000019035
120	380	0.000014046
120	380	0.000012310
120	380	0.000012135
120	380	0.000016362
120	380	0.000013833
120	380	0.000012112
120	380	0.000012045
120	380	0.000016881
120	380	0.000012161
120	380	0.000011273
120	380	0.000016586
120	380	0.000013448
120	380	0.000019784
120	380	0.000011953
120	380	0.000012172
120	380	0.000016142
120	380	0.000025047
120	380	0.000012966
120	380	0.000013632
120	380	0.000016834
120	380	0.000017886
120	380	0.000013874
120	380	0.000016835
120	380	0.000013113
120	380	0.000013632
120	380	0.000015747
120	380	0.000013781
120	380	0.000012261
120	380	0.000012139
120	380	0.000019514
120	380	0.000012024
120	380	0.000012825
120	380	0.000012597
120	380	0.000016554
120	380	0.000016097
120	380	0.000019324
120	380	0.000018998
120	380	0.000016002
120	380	0.000011536
120	380	0.000012722
120	380	0.000012198
120	380	0.000011974
120	380	0.000012371
120	380	0.000012140
120	380	0.000012367
120	380	0.000012293
120	380	0.000012017
120	380	0.000016456
120	510	0.000014719
120	510	0.000014423
120	510	0.000014434
120	510	0.000022291
120	510	0.000016961
120	510	0.000013562
120	510	0.000015963
120	510	0.000013889
120	510	0.000015076
120	510	0.000018554
120	510	0.000025079
120	510	0.000022951
120	510	0.000017956
120	510	0.000015120
120	510	0.000018345
120	510	0.000015479
120	510	0.000020059
120	510	0.000016379
120	510	0.000015027
120	510	0.000017635
120	510	0.000014787
120	510	0.000018859
120	510	0.000015885
120	510	0.000015115
120	510	0.000015344
120	510	0.000014547
120	510	0.000019538
120	510	0.000019938
120	510	0.000019133
120	510	0.000016253
120	510	0.000017637
120	510	0.000014439
120	510	0.000014748
120	510	0.000017731
120	510	0.000015001
120	510	0.000014656
120	510	0.000014340
120	510	0.000014495
120	510	0.000013714
120	510	0.000014723
120	510	0.000014492
120	510	0.000019592
120	510	0.000018484
120	510	0.000014793
120	510	0.000014690
120	510	0.000014779
120	510	0.000020273
120	510	0.000014866
120	510	0.000014253
120	510	0.000014333
120	510	0.000015146
120	510	0.000014163
120	510	0.000014462
120	510	0.000019054
120	510	0.000016205
120	510	0.000014339
120	510	0.000014659
120	510	0.000014552
120	510	0.000023746
120	510	0.000018957
120	510	0.000013494
120	510	0.000014365
120	510	0.000016687
120	510	0.000015050
120	510	0.000014308
120	510	0.000014201
120	510	0.000019676
120	510	0.000018424
120	510	0.000014997
120	510	0.000013894
120	510	0.000019175
120	510	0.000023810
120	510	0.000014323
120	510	0.000015362
120	510	0.000015413
120	510	0.000015260
120	510	0.000014311
120	510	0.000013413
120	510	0.000026748
120	510	0.000014702
120	510	0.000014775
120	510	0.000029751
120	510	0.000022026
120	510	0.000019320
120	510	0.000016400
120	510	0.000017565
120	510	0.000014477
120	510	0.000014342
120	510	0.000014400
120	510	0.000017613
120	510	0.000013484
120	510	0.000024745
120	510	0.000014537
120	510	0.000028233
120	510	0.000015065
120	510	0.000021081
120	510	0.000015054
120	510	0.000021935
120	510	0.000021925
120	510	0.000016595
120	600	0.000017240
120	600	0.000042880
120	600	0.000041880
120	600	0.000029064
120	600	0.000018887
120	600	0.000018990
120	600	0.000019173
120	600	0.000023508
120	600	0.000024127
120	600	0.000019270
120	600	0.000018694
120	600	0.000028056
120	600	0.000018589
120	600	0.000018877
120	600	0.000022543
120	600	0.000017925
120	600	0.000024471
120	600	0.000020469
120	600	0.000035586
120	600	0.000018514
120	600	0.000018928
120	600	0.000019784
120	600	0.000018176
120	600	0.000029617
120	600	0.000019088
120	600	0.000018425
120	600	0.000017857
120	600	0.000027069
120	600	0.000020174
120	600	0.000019141
120	600	0.000020047
120	600	0.000023381
120	600	0.000019058
120	600	0.000018608
120	600	0.000018459
120	600	0.000018752
120	600	0.000026279
120	600	0.000018678
120	600	0.000018515
120	600	0.000019060
120	600	0.000017623
120	600	0.000018608
120	600	0.000025401
120	600	0.000022664
120	600	0.000020105
120	600	0.000025629
120	600	0.000020763
120	600	0.000018843
120	600	0.000019539
120	600	0.000019582
120	600	0.000018514
120	600	0.000017679
120	600	0.000018723
120	600	0.000018518
120	600	0.000018674
120	600	0.000018645
120	600	0.000025524
120	600	0.000025196
120	600	0.000023628
120	600	0.000020004
120	600	0.000018603
120	600	0.000024734
120	600	0.000020115
120	600	0.000024514
120	600	0.000028543
120	600	0.000026749
120	600	0.000027324
120	600	0.000020352
120	600	0.000019274
120	600	0.000018541
120	600	0.000050404
120	600	0.000029705
120	600	0.000032952
120	600	0.000050882
120	600	0.000045437
120	600	0.000029311
120	600	0.000036208
120	600	0.000024027
120	600	0.000020169
120	600	0.000023542
120	600	0.000022298
120	600	0.000019457
120	600	0.000019443
120	600	0.000019605
120	600	0.000031821
120	600	0.000018635
120	600	0.000031951
120	600	0.000018637
120	600	0.000019897
120	600	0.000024143
120	600	0.000026514
120	600	0.000019829
120	600	0.000018617
120	600	0.000023004
120	600	0.000021003
120	600	0.000022559
120	600	0.000026660
120	600	0.000023489
120	600	0.000021272
120	600	0.000029542
250	128	0.000007937
250	128	0.000007751
250	128	0.000007753
250	128	0.000007957
250	128	0.000007734
250	128	0.000008245
250	128	0.000008172
250	128	0.000007754
250	128	0.000007744
250	128	0.000007777
250	128	0.000007774
250	128	0.000007757
250	128	0.000007794
250	128	0.000007766
250	128	0.000007702
250	128	0.000007733
250	128	0.000007760
250	128	0.000008122
250	128	0.000007795
250	128	0.000007859
250	128	0.000007813
250	128	0.000007825
250	128	0.000007771
250	128	0.000007813
250	128	0.000007760
250	128	0.000008034
250	128	0.000007848
250	128	0.000007726
250	128	0.000008178
250	128	0.000007770
250	128	0.000008159
250	128	0.000007864
250	128	0.000007757
250	128	0.000007767
250	128	0.000007769
250	128	0.000007871
250	128	0.000008203
250	128	0.000007782
250	128	0.000008141
250	128	0.000007734
250	128	0.000007744
250	128	0.000007808
250	128	0.000008218
250	128	0.000015747
250	128	0.000007872
250	128	0.000009078
250	128	0.000009235
250	128	0.000007772
250	128	0.000009296
250	128	0.000007971
250	128	0.000007948
250	128	0.000007950
250	128	0.000007987
250	128	0.000007931
250	128	0.000008035
250	128	0.000008185
250	128	0.000008163
250	128	0.000008001
250	128	0.000008013
250	128	0.000007953
250	128	0.000007880
250	128	0.000008001
250	128	0.000008142
250	128	0.000008082
250	128	0.000008012
250	128	0.000008211
250	128	0.000007996
250	128	0.000008018
250	128	0.000008395
250	128	0.000007969
250	128	0.000007904
250	128	0.000007951
250	128	0.000008422
250	128	0.000007978
250	128	0.000008015
250	128	0.000007967
250	128	0.000008041
250	128	0.000007968
250	128	0.000007995
250	128	0.000008124
250	128	0.000008004
250	128	0.000007988
250	128	0.000007992
250	128	0.000007962
250	128	0.000007989
250	128	0.000008435
250	128	0.000008014
250	128	0.000007949
250	128	0.000007966
250	128	0.000008441
250	128	0.000008000
250	128	0.000008078
250	128	0.000008194
250	128	0.000008078
250	128	0.000008031
250	128	0.000007957
250	128	0.000008006
250	128	0.000007915
250	128	0.000007985
250	128	0.000007964
250	256	0.000030421
250	256	0.000030398
250	256	0.000029924
250	256	0.000029949
250	256	0.000029798
250	256	0.000027192
250	256	0.000030326
250	256	0.000030374
250	256	0.000030011
250	256	0.000030443
250	256	0.000031403
250	256	0.000030832
250	256	0.000031007
250	256	0.000031693
250	256	0.000031213
250	256	0.000030930
250	256	0.000030777
250	256	0.000030997
250	256	0.000030884
250	256	0.000035833
250	256	0.000030829
250	256	0.000030852
250	256	0.000030868
250	256	0.000030872
250	256	0.000031574
250	256	0.000030907
250	256	0.000030842
250	256	0.000031040
250	256	0.000028661
250	256	0.000031700
250	256	0.000030764
250	256	0.000031022
250	256	0.000031377
250	256	0.000031543
250	256	0.000031449
250	256	0.000028113
250	256	0.000030867
250	256	0.000031300
250	256	0.000031924
250	256	0.000032461
250	256	0.000032253
250	256	0.000031045
250	256	0.000031030
250	256	0.000031365
250	256	0.000030864
250	256	0.000030331
250	256	0.000031079
250	256	0.000031113
250	256	0.000030894
250	256	0.000031098
250	256	0.000030621
250	256	0.000027916
250	256	0.000031561
250	256	0.000031359
250	256	0.000031485
250	256	0.000030873
250	256	0.000031360
250	256	0.000027540
250	256	0.000031209
250	256	0.000030995
250	256	0.000031391
250	256	0.000031113
250	256	0.000030955
250	256	0.000030919
250	256	0.000031277
250	256	0.000030780
250	256	0.000031161
250	256	0.000030942
250	256	0.000030797
250	256	0.000031558
250	256	0.000028674
250	256	0.000030912
250	256	0.000028599
250	256	0.000031407
250	256	0.000031349
250	256	0.000030900
250	256	0.000031036
250	256	0.000030909
250	256	0.000030897
250	256	0.000030965
250	256	0.000032658
250	256	0.000029268
250	256	0.000031920
250	256	0.000032918
250	256	0.000032304
250	256	0.000032606
250	256	0.000032168
250	256	0.000029315
250	256	0.000031483
250	256	0.000031908
250	256	0.000031894
250	256	0.000036607
250	256	0.000032047
250	256	0.000032359
250	256	0.000032702
250	256	0.000032164
250	256	0.000031647
250	256	0.000032252
250	256	0.000029025
250	256	0.000032404
250	380	0.000036401
250	380	0.000036295
250	380	0.000036812
250	380	0.000036774
250	380	0.000033398
250	380	0.000036874
250	380	0.000036356
250	380	0.000036865
250	380	0.000033459
250	380	0.000033985
250	380	0.000036394
250	380	0.000037046
250	380	0.000037386
250	380	0.000036267
250	380	0.000036364
250	380	0.000036322
250	380	0.000036833
250	380	0.000036239
250	380	0.000036305
250	380	0.000037043
250	380	0.000040609
250	380	0.000036649
250	380	0.000036925
250	380	0.000036719
250	380	0.000036390
250	380	0.000033501
250	380	0.000036316
250	380	0.000036502
250	380	0.000036367
250	380	0.000037013
250	380	0.000036932
250	380	0.000036984
250	380	0.000036342
250	380	0.000036589
250	380	0.000036415
250	380	0.000036484
250	380	0.000036874
250	380	0.000041434
250	380	0.000040695
250	380	0.000040610
250	380	0.000041260
250	380	0.000041284
250	380	0.000040811
250	380	0.000043140
250	380	0.000043207
250	380	0.000043168
250	380	0.000043343
250	380	0.000042390
250	380	0.000050233
250	380	0.000054566
250	380	0.000053563
250	380	0.000055046
250	380	0.000056632
250	380	0.000057843
250	380	0.000056692
250	380	0.000061674
250	380	0.000063514
250	380	0.000063809
250	380	0.000064473
250	380	0.000063422
250	380	0.000063491
250	380	0.000063574
250	380	0.000063646
250	380	0.000064531
250	380	0.000063881
250	380	0.000064403
250	380	0.000063547
250	380	0.000064847
250	380	0.000064466
250	380	0.000063730
250	380	0.000063449
250	380	0.000064366
250	380	0.000059563
250	380	0.000063443
250	380	0.000063452
250	380	0.000061042
250	380	0.000064529
250	380	0.000063549
250	380	0.000126266
250	380	0.000074512
250	380	0.000064011
250	380	0.000063715
250	380	0.000063546
250	380	0.000063932
250	380	0.000064702
250	380	0.000074909
250	380	0.000063772
250	380	0.000064666
250	380	0.000063703
250	380	0.000063486
250	380	0.000059317
250	380	0.000064465
250	380	0.000058375
250	380	0.000063774
250	380	0.000063502
250	380	0.000075070
250	380	0.000063405
250	380	0.000063544
250	380	0.000064395
250	380	0.000064461
250	510	0.000040284
250	510	0.000043361
250	510	0.000043901
250	510	0.000043272
250	510	0.000043913
250	510	0.000048770
250	510	0.000040321
250	510	0.000043444
250	510	0.000040391
250	510	0.000043792
250	510	0.000043764
250	510	0.000044025
250	510	0.000040731
250	510	0.000043896
250	510	0.000046495
250	510	0.000043336
250	510	0.000049923
250	510	0.000043259
250	510	0.000043180
250	510	0.000043834
250	510	0.000043896
250	510	0.000044025
250	510	0.000043400
250	510	0.000043752
250	510	0.000048131
250	510	0.000053663
250	510	0.000053107
250	510	0.000053768
250	510	0.000053553
250	510	0.000063702
250	510	0.000063586
250	510	0.000064958
250	510	0.000063796
250	510	0.000075473
250	510	0.000082425
250	510	0.000100383
250	510	0.000076015
250	510	0.000076599
250	510	0.000076383
250	510	0.000077091
250	510	0.000075678
250	510	0.000077007
250	510	0.000077604
250	510	0.000077065
250	510	0.000076732
250	510	0.000075842
250	510	0.000076044
250	510	0.000076589
250	510	0.000076646
250	510	0.000076657
250	510	0.000076779
250	510	0.000100369
250	510	0.000087153
250	510	0.000075701
250	510	0.000076644
250	510	0.000076709
250	510	0.000076781
250	510	0.000075970
250	510	0.000077008
250	510	0.000071543
250	510	0.000076165
250	510	0.000076543
250	510	0.000071649
250	510	0.000070802
250	510	0.000071161
250	510	0.000086417
250	510	0.000084962
250	510	0.000076697
250	510	0.000075732
250	510	0.000071976
250	510	0.000076029
250	510	0.000076844
250	510	0.000076472
250	510	0.000075470
250	510	0.000075894
250	510	0.000080952
250	510	0.000075778
250	510	0.000075577
250	510	0.000075563
250	510	0.000075710
250	510	0.000076786
250	510	0.000076282
250	510	0.000076915
250	510	0.000075839
250	510	0.000075711
250	510	0.000075636
250	510	0.000070474
250	510	0.000075696
250	510	0.000076765
250	510	0.000084775
250	510	0.000070763
250	510	0.000075797
250	510	0.000075658
250	510	0.000075712
250	510	0.000075876
250	510	0.000075778
250	510	0.000076745
250	510	0.000076984
250	510	0.000070784
250	510	0.000072383
250	600	0.000056828
250	600	0.000056171
250	600	0.000056650
250	600	0.000056193
250	600	0.000056746
250	600	0.000056450
250	600	0.000056152
250	600	0.000056108
250	600	0.000056661
250	600	0.000053171
250	600	0.000056374
250	600	0.000056737
250	600	0.000053743
250	600	0.000056150
250	600	0.000071377
250	600	0.000056244
250	600	0.000056373
250	600	0.000056349
250	600	0.000056692
250	600	0.000056071
250	600	0.000056642
250	600	0.000056533
250	600	0.000056087
250	600	0.000056160
250	600	0.000056508
250	600	0.000056213
250	600	0.000056133
250	600	0.000056861
250	600	0.000056414
250	600	0.000057025
250	600	0.000056421
250	600	0.000056097
250	600	0.000056793
250	600	0.000056879
250	600	0.000056182
250	600	0.000056259
250	600	0.000056153
250	600	0.000056781
250	600	0.000062116
250	600	0.000058295
250	600	0.000055832
250	600	0.000058849
250	600	0.000061908
250	600	0.000063206
250	600	0.000062802
250	600	0.000063597
250	600	0.000060268
250	600	0.000063588
250	600	0.000071814
250	600	0.000071645
250	600	0.000071452
250	600	0.000072445
250	600	0.000074875
250	600	0.000070885
250	600	0.000075735
250	600	0.000075107
250	600	0.000074983
250	600	0.000099140
250	600	0.000098245
250	600	0.000098369
250	600	0.000098202
250	600	0.000098706
250	600	0.000098273
250	600	0.000098604
250	600	0.000099612
250	600	0.000099272
250	600	0.000093356
250	600	0.000098277
250	600	0.000099159
250	600	0.000099356
250	600	0.000098507
250	600	0.000098448
250	600	0.000098209
250	600	0.000099095
250	600	0.000099571
250	600	0.000098877
250	600	0.000098285
250	600	0.000107015
250	600	0.000099392
250	600	0.000093455
250	600	0.000093056
250	600	0.000098103
250	600	0.000106233
250	600	0.000099675
250	600	0.000099406
250	600	0.000098146
250	600	0.000098920
250	600	0.000093756
250	600	0.000098298
250	600	0.000099140
250	600	0.000099414
250	600	0.000093652
250	600	0.000099330
250	600	0.000099204
250	600	0.000099259
250	600	0.000098402
250	600	0.000087908
250	600	0.000099554
250	600	0.000119899
250	600	0.000098418
380	128	0.000016781
380	128	0.000015874
380	128	0.000016782
380	128	0.000015921
380	128	0.000016674
380	128	0.000016679
380	128	0.000015896
380	128	0.000016790
380	128	0.000016821
380	128	0.000016131
380	128	0.000016230
380	128	0.000015913
380	128	0.000015943
380	128	0.000016700
380	128	0.000015903
380	128	0.000015898
380	128	0.000015865
380	128	0.000015978
380	128	0.000029140
380	128	0.000016235
380	128	0.000016212
380	128	0.000015950
380	128	0.000016115
380	128	0.000015879
380	128	0.000016363
380	128	0.000015940
380	128	0.000015908
380	128	0.000015815
380	128	0.000016824
380	128	0.000015919
380	128	0.000015968
380	128	0.000016686
380	128	0.000015833
380	128	0.000015876
380	128	0.000015975
380	128	0.000016076
380	128	0.000015762
380	128	0.000016740
380	128	0.000015863
380	128	0.000015954
380	128	0.000016058
380	128	0.000015928
380	128	0.000016027
380	128	0.000015939
380	128	0.000015884
380	128	0.000015902
380	128	0.000015872
380	128	0.000016741
380	128	0.000015895
380	128	0.000015833
380	128	0.000016672
380	128	0.000015894
380	128	0.000015829
380	128	0.000015883
380	128	0.000016777
380	128	0.000015903
380	128	0.000015860
380	128	0.000015871
380	128	0.000015922
380	128	0.000015926
380	128	0.000016048
380	128	0.000015965
380	128	0.000016125
380	128	0.000016404
380	128	0.000015995
380	128	0.000016052
380	128	0.000016046
380	128	0.000016747
380	128	0.000016054
380	128	0.000016826
380	128	0.000015939
380	128	0.000015863
380	128	0.000016108
380	128	0.000016669
380	128	0.000016163
380	128	0.000016675
380	128	0.000015944
380	128	0.000016014
380	128	0.000015879
380	128	0.000015898
380	128	0.000016025
380	128	0.000016769
380	128	0.000015949
380	128	0.000016729
380	128	0.000016691
380	128	0.000016070
380	128	0.000015976
380	128	0.000016058
380	128	0.000015893
380	128	0.000016207
380	128	0.000015945
380	128	0.000015783
380	128	0.000017087
380	128	0.000015916
380	128	0.000016809
380	128	0.000015872
380	128	0.000015918
380	128	0.000015945
380	128	0.000015896
380	128	0.000016720
380	256	0.000050100
380	256	0.000051119
380	256	0.000051183
380	256	0.000045663
380	256	0.000056148
380	256	0.000050959
380	256	0.000051052
380	256	0.000050905
380	256	0.000051236
380	256	0.000046692
380	256	0.000050318
380	256	0.000050267
380	256	0.000050095
380	256	0.000050379
380	256	0.000050092
380	256	0.000050910
380	256	0.000050215
380	256	0.000050372
380	256	0.000050150
380	256	0.000050922
380	256	0.000051105
380	256	0.000050096
380	256	0.000050931
380	256	0.000045903
380	256	0.000051130
380	256	0.000050241
380	256	0.000045547
380	256	0.000050313
380	256	0.000050995
380	256	0.000050187
380	256	0.000050385
380	256	0.000051078
380	256	0.000051256
380	256	0.000050249
380	256	0.000050114
380	256	0.000055671
380	256	0.000061138
380	256	0.000060995
380	256	0.000060969
380	256	0.000079553
380	256	0.000077936
380	256	0.000077946
380	256	0.000093550
380	256	0.000077516
380	256	0.000082350
380	256	0.000082716
380	256	0.000084142
380	256	0.000075544
380	256	0.000084158
380	256	0.000087951
380	256	0.000087865
380	256	0.000089100
380	256	0.000088290
380	256	0.000088229
380	256	0.000087698
380	256	0.000087746
380	256	0.000087607
380	256	0.000089889
380	256	0.000086365
380	256	0.000087511
380	256	0.000087914
380	256	0.000087535
380	256	0.000100844
380	256	0.000081452
380	256	0.000088231
380	256	0.000089103
380	256	0.000093961
380	256	0.000087917
380	256	0.000089455
380	256	0.000088083
380	256	0.000089807
380	256	0.000088140
380	256	0.000087625
380	256	0.000087807
380	256	0.000087864
380	256	0.000087926
380	256	0.000089089
380	256	0.000080684
380	256	0.000089182
380	256	0.000081480
380	256	0.000087457
380	256	0.000089145
380	256	0.000082470
380	256	0.000089509
380	256	0.000087650
380	256	0.000087405
380	256	0.000081673
380	256	0.000089085
380	256	0.000087473
380	256	0.000080348
380	256	0.000080186
380	256	0.000087695
380	256	0.000087851
380	256	0.000087749
380	256	0.000087955
380	256	0.000087697
380	256	0.000087419
380	256	0.000088153
380	256	0.000089413
380	256	0.000087536
380	380	0.000055124
380	380	0.000055105
380	380	0.000059503
380	380	0.000054989
380	380	0.000055916
380	380	0.000054704
380	380	0.000055126
380	380	0.000054902
380	380	0.000050715
380	380	0.000056100
380	380	0.000055011
380	380	0.000055827
380	380	0.000055910
380	380	0.000056290
380	380	0.000055258
380	380	0.000055872
380	380	0.000056147
380	380	0.000055994
380	380	0.000055880
380	380	0.000054906
380	380	0.000055281
380	380	0.000055057
380	380	0.000054960
380	380	0.000055152
380	380	0.000055832
380	380	0.000050708
380	380	0.000054790
380	380	0.000051102
380	380	0.000055092
380	380	0.000050709
380	380	0.000055977
380	380	0.000060323
380	380	0.000064503
380	380	0.000059434
380	380	0.000060497
380	380	0.000060619
380	380	0.000070051
380	380	0.000070211
380	380	0.000070991
380	380	0.000070003
380	380	0.000070003
380	380	0.000087156
380	380	0.000086548
380	380	0.000085865
380	380	0.000093060
380	380	0.000096347
380	380	0.000096257
380	380	0.000098574
380	380	0.000098053
380	380	0.000097771
380	380	0.000098458
380	380	0.000095973
380	380	0.000104176
380	380	0.000090066
380	380	0.000096172
380	380	0.000097723
380	380	0.000096250
380	380	0.000098223
380	380	0.000088836
380	380	0.000097664
380	380	0.000097950
380	380	0.000096512
380	380	0.000097683
380	380	0.000096773
380	380	0.000096595
380	380	0.000097745
380	380	0.000096025
380	380	0.000088741
380	380	0.000088840
380	380	0.000097827
380	380	0.000097734
380	380	0.000096276
380	380	0.000097609
380	380	0.000095830
380	380	0.000106186
380	380	0.000097921
380	380	0.000096560
380	380	0.000097792
380	380	0.000098470
380	380	0.000096144
380	380	0.000089215
380	380	0.000096572
380	380	0.000097672
380	380	0.000097796
380	380	0.000090116
380	380	0.000097642
380	380	0.000104646
380	380	0.000097871
380	380	0.000096441
380	380	0.000121347
380	380	0.000096337
380	380	0.000096451
380	380	0.000096366
380	380	0.000096348
380	380	0.000088939
380	380	0.000096083
380	380	0.000096465
380	380	0.000098085
380	380	0.000129305
380	380	0.000097662
380	510	0.000066650
380	510	0.000065700
380	510	0.000066809
380	510	0.000065721
380	510	0.000062055
380	510	0.000065608
380	510	0.000066717
380	510	0.000066455
380	510	0.000062151
380	510	0.000066491
380	510	0.000065634
380	510	0.000065607
380	510	0.000065639
380	510	0.000066590
380	510	0.000066695
380	510	0.000061092
380	510	0.000066597
380	510	0.000065707
380	510	0.000061636
380	510	0.000065665
380	510	0.000065781
380	510	0.000066271
380	510	0.000065191
380	510	0.000066496
380	510	0.000065589
380	510	0.000065900
380	510	0.000066370
380	510	0.000066690
380	510	0.000066829
380	510	0.000065919
380	510	0.000065645
380	510	0.000066405
380	510	0.000066502
380	510	0.000060080
380	510	0.000062135
380	510	0.000065635
380	510	0.000069017
380	510	0.000074795
380	510	0.000073363
380	510	0.000068694
380	510	0.000073433
380	510	0.000076830
380	510	0.000076582
380	510	0.000078372
380	510	0.000076776
380	510	0.000076776
380	510	0.000091944
380	510	0.000092084
380	510	0.000094950
380	510	0.000099483
380	510	0.000108070
380	510	0.000108263
380	510	0.000107637
380	510	0.000109372
380	510	0.000107904
380	510	0.000101565
380	510	0.000111589
380	510	0.000115342
380	510	0.000116675
380	510	0.000116463
380	510	0.000123376
380	510	0.000109577
380	510	0.000114606
380	510	0.000108829
380	510	0.000115948
380	510	0.000114771
380	510	0.000108427
380	510	0.000116287
380	510	0.000115122
380	510	0.000114983
380	510	0.000114639
380	510	0.000108568
380	510	0.000114923
380	510	0.000107337
380	510	0.000116400
380	510	0.000124631
380	510	0.000107830
380	510	0.000114948
380	510	0.000116773
380	510	0.000114951
380	510	0.000107410
380	510	0.000106863
380	510	0.000116301
380	510	0.000116655
380	510	0.000117484
380	510	0.000116236
380	510	0.000108543
380	510	0.000116419
380	510	0.000132729
380	510	0.000126364
380	510	0.000116496
380	510	0.000113630
380	510	0.000112935
380	510	0.000116451
380	510	0.000116632
380	510	0.000107502
380	510	0.000114755
380	510	0.000114796
380	510	0.000116403
380	510	0.000114825
380	600	0.000086254
380	600	0.000085130
380	600	0.000086047
380	600	0.000085539
380	600	0.000091945
380	600	0.000085171
380	600	0.000080710
380	600	0.000085130
380	600	0.000080881
380	600	0.000086277
380	600	0.000085103
380	600	0.000085186
380	600	0.000086027
380	600	0.000086151
380	600	0.000086139
380	600	0.000085331
380	600	0.000085306
380	600	0.000085563
380	600	0.000085357
380	600	0.000092651
380	600	0.000080674
380	600	0.000085687
380	600	0.000085157
380	600	0.000081660
380	600	0.000084899
380	600	0.000085487
380	600	0.000089185
380	600	0.000086243
380	600	0.000085289
380	600	0.000085383
380	600	0.000085381
380	600	0.000094815
380	600	0.000096301
380	600	0.000100195
380	600	0.000096660
380	600	0.000109687
380	600	0.000108367
380	600	0.000103961
380	600	0.000109265
380	600	0.000103656
380	600	0.000103945
380	600	0.000105084
380	600	0.000103821
380	600	0.000107659
380	600	0.000120627
380	600	0.000119138
380	600	0.000120960
380	600	0.000133684
380	600	0.000134175
380	600	0.000132852
380	600	0.000138327
380	600	0.000125531
380	600	0.000126907
380	600	0.000125606
380	600	0.000149256
380	600	0.000149179
380	600	0.000141842
380	600	0.000141615
380	600	0.000150859
380	600	0.000150664
380	600	0.000149574
380	600	0.000147560
380	600	0.000150794
380	600	0.000149663
380	600	0.000149732
380	600	0.000149180
380	600	0.000150803
380	600	0.000149250
380	600	0.000148832
380	600	0.000150646
380	600	0.000150981
380	600	0.000150739
380	600	0.000150923
380	600	0.000151043
380	600	0.000150683
380	600	0.000164028
380	600	0.000158245
380	600	0.000175771
380	600	0.000156943
380	600	0.000158092
380	600	0.000166590
380	600	0.000151269
380	600	0.000149101
380	600	0.000149177
380	600	0.000151146
380	600	0.000149027
380	600	0.000150943
380	600	0.000149249
380	600	0.000148949
380	600	0.000149127
380	600	0.000150109
380	600	0.000150568
380	600	0.000149752
380	600	0.000149449
380	600	0.000143223
380	600	0.000149128
380	600	0.000149004
380	600	0.000143180
380	600	0.000149631
380	600	0.000150911
510	128	0.000021264
510	128	0.000021292
510	128	0.000021227
510	128	0.000021241
510	128	0.000021281
510	128	0.000022387
510	128	0.000021252
510	128	0.000021227
510	128	0.000021233
510	128	0.000021556
510	128	0.000021331
510	128	0.000022423
510	128	0.000021269
510	128	0.000021253
510	128	0.000021263
510	128	0.000021297
510	128	0.000021341
510	128	0.000021291
510	128	0.000021236
510	128	0.000021281
510	128	0.000021598
510	128	0.000022335
510	128	0.000021411
510	128	0.000022367
510	128	0.000021360
510	128	0.000021450
510	128	0.000022500
510	128	0.000021264
510	128	0.000022349
510	128	0.000021714
510	128	0.000021285
510	128	0.000021271
510	128	0.000022386
510	128	0.000021819
510	128	0.000026125
510	128	0.000021237
510	128	0.000021428
510	128	0.000021301
510	128	0.000021324
510	128	0.000021303
510	128	0.000021526
510	128	0.000021994
510	128	0.000021285
510	128	0.000022424
510	128	0.000021340
510	128	0.000022477
510	128	0.000021326
510	128	0.000022736
510	128	0.000022422
510	128	0.000022366
510	128	0.000021319
510	128	0.000021221
510	128	0.000021333
510	128	0.000022519
510	128	0.000021344
510	128	0.000021218
510	128	0.000021280
510	128	0.000021893
510	128	0.000021268
510	128	0.000029573
510	128	0.000022325
510	128	0.000021328
510	128	0.000021618
510	128	0.000022462
510	128	0.000021557
510	128	0.000021274
510	128	0.000021295
510	128	0.000021454
510	128	0.000021558
510	128	0.000021312
510	128	0.000021250
510	128	0.000021231
510	128	0.000021297
510	128	0.000021325
510	128	0.000021648
510	128	0.000021332
510	128	0.000021626
510	128	0.000021277
510	128	0.000021276
510	128	0.000021588
510	128	0.000021319
510	128	0.000021261
510	128	0.000021224
510	128	0.000021236
510	128	0.000021365
510	128	0.000021906
510	128	0.000021266
510	128	0.000021395
510	128	0.000022324
510	128	0.000021239
510	128	0.000021259
510	128	0.000022485
510	128	0.000021287
510	128	0.000022456
510	128	0.000021912
510	128	0.000021230
510	128	0.000021384
510	128	0.000021343
510	128	0.000021352
510	128	0.000021701
510	256	0.000067034
510	256	0.000061108
510	256	0.000068430
510	256	0.000067251
510	256	0.000068577
510	256	0.000067125
510	256	0.000068240
510	256	0.000073176
510	256	0.000067167
510	256	0.000068428
510	256	0.000067171
510	256	0.000061628
510	256	0.000068508
510	256	0.000061065
510	256	0.000062289
510	256	0.000067077
510	256	0.000068419
510	256	0.000066901
510	256	0.000067197
510	256	0.000067370
510	256	0.000066980
510	256	0.000068387
510	256	0.000067411
510	256	0.000062525
510	256	0.000068623
510	256	0.000061198
510	256	0.000071051
510	256	0.000068437
510	256	0.000071448
510	256	0.000067141
510	256	0.000068482
510	256	0.000067247
510	256	0.000067075
510	256	0.000067103
510	256	0.000061506
510	256	0.000065770
510	256	0.000067130
510	256	0.000067107
510	256	0.000061945
510	256	0.000068211
510	256	0.000068751
510	256	0.000067396
510	256	0.000067126
510	256	0.000068798
510	256	0.000071990
510	256	0.000068775
510	256	0.000067212
510	256	0.000061473
510	256	0.000062407
510	256	0.000067122
510	256	0.000068489
510	256	0.000067179
510	256	0.000076466
510	256	0.000075876
510	256	0.000075236
510	256	0.000076635
510	256	0.000078459
510	256	0.000079899
510	256	0.000078727
510	256	0.000078694
510	256	0.000077303
510	256	0.000089380
510	256	0.000089357
510	256	0.000091557
510	256	0.000091332
510	256	0.000106820
510	256	0.000101069
510	256	0.000090156
510	256	0.000100578
510	256	0.000091237
510	256	0.000089770
510	256	0.000083452
510	256	0.000090085
510	256	0.000091452
510	256	0.000099284
510	256	0.000099578
510	256	0.000098672
510	256	0.000110580
510	256	0.000111133
510	256	0.000116219
510	256	0.000109219
510	256	0.000117431
510	256	0.000117648
510	256	0.000117733
510	256	0.000119878
510	256	0.000109387
510	256	0.000117979
510	256	0.000117679
510	256	0.000119516
510	256	0.000119858
510	256	0.000119515
510	256	0.000107504
510	256	0.000106917
510	256	0.000117514
510	256	0.000117483
510	256	0.000117615
510	256	0.000119890
510	256	0.000107541
510	256	0.000100670
510	256	0.000117576
510	380	0.000068033
510	380	0.000067875
510	380	0.000084323
510	380	0.000074018
510	380	0.000067671
510	380	0.000074088
510	380	0.000067997
510	380	0.000074832
510	380	0.000074821
510	380	0.000075163
510	380	0.000073434
510	380	0.000067715
510	380	0.000080317
510	380	0.000074887
510	380	0.000066933
510	380	0.000074149
510	380	0.000075156
510	380	0.000075398
510	380	0.000074821
510	380	0.000075002
510	380	0.000074972
510	380	0.000073872
510	380	0.000074964
510	380	0.000073706
510	380	0.000073729
510	380	0.000073782
510	380	0.000073898
510	380	0.000072722
510	380	0.000080609
510	380	0.000079557
510	380	0.000085665
510	380	0.000074444
510	380	0.000089764
510	380	0.000091494
510	380	0.000089827
510	380	0.000089824
510	380	0.000102772
510	380	0.000121751
510	380	0.000115076
510	380	0.000117220
510	380	0.000108530
510	380	0.000109073
510	380	0.000115892
510	380	0.000108817
510	380	0.000129460
510	380	0.000131461
510	380	0.000128977
510	380	0.000128977
510	380	0.000138428
510	380	0.000129566
510	380	0.000129653
510	380	0.000129303
510	380	0.000118738
510	380	0.000131210
510	380	0.000128950
510	380	0.000129149
510	380	0.000130912
510	380	0.000129333
510	380	0.000129662
510	380	0.000130921
510	380	0.000118984
510	380	0.000128792
510	380	0.000128992
510	380	0.000118405
510	380	0.000131428
510	380	0.000126513
510	380	0.000128693
510	380	0.000131185
510	380	0.000131158
510	380	0.000129069
510	380	0.000129590
510	380	0.000128832
510	380	0.000129137
510	380	0.000129259
510	380	0.000131271
510	380	0.000128993
510	380	0.000146541
510	380	0.000121147
510	380	0.000118653
510	380	0.000128744
510	380	0.000130060
510	380	0.000129026
510	380	0.000129067
510	380	0.000129298
510	380	0.000128715
510	380	0.000121886
510	380	0.000131189
510	380	0.000131280
510	380	0.000129657
510	380	0.000129268
510	380	0.000129087
510	380	0.000131268
510	380	0.000128831
510	380	0.000130965
510	380	0.000129458
510	380	0.000129014
510	380	0.000129382
510	380	0.000131383
510	380	0.000128931
510	380	0.000131446
510	510	0.000089178
510	510	0.000089403
510	510	0.000089239
510	510	0.000089248
510	510	0.000088086
510	510	0.000093090
510	510	0.000088072
510	510	0.000087983
510	510	0.000089091
510	510	0.000088041
510	510	0.000088107
510	510	0.000081927
510	510	0.000081933
510	510	0.000088152
510	510	0.000087951
510	510	0.000087879
510	510	0.000089334
510	510	0.000087893
510	510	0.000089121
510	510	0.000088270
510	510	0.000088150
510	510	0.000082225
510	510	0.000087997
510	510	0.000089220
510	510	0.000089066
510	510	0.000092338
510	510	0.000096119
510	510	0.000092824
510	510	0.000092357
510	510	0.000091804
510	510	0.000082253
510	510	0.000091800
510	510	0.000083523
510	510	0.000107755
510	510	0.000088331
510	510	0.000087930
510	510	0.000108650
510	510	0.000106943
510	510	0.000107163
510	510	0.000107116
510	510	0.000118761
510	510	0.000117386
510	510	0.000119579
510	510	0.000117410
510	510	0.000123155
510	510	0.000123112
510	510	0.000124710
510	510	0.000136549
510	510	0.000145690
510	510	0.000149816
510	510	0.000153939
510	510	0.000155989
510	510	0.000153987
510	510	0.000153937
510	510	0.000167914
510	510	0.000159766
510	510	0.000163689
510	510	0.000168941
510	510	0.000144948
510	510	0.000156175
510	510	0.000156531
510	510	0.000156006
510	510	0.000156435
510	510	0.000153995
510	510	0.000153830
510	510	0.000156381
510	510	0.000153399
510	510	0.000154326
510	510	0.000153740
510	510	0.000156179
510	510	0.000143869
510	510	0.000153956
510	510	0.000166474
510	510	0.000188373
510	510	0.000154046
510	510	0.000153949
510	510	0.000144964
510	510	0.000145488
510	510	0.000154144
510	510	0.000155851
510	510	0.000156032
510	510	0.000156358
510	510	0.000153866
510	510	0.000154387
510	510	0.000156169
510	510	0.000155869
510	510	0.000153932
510	510	0.000144216
510	510	0.000154386
510	510	0.000156316
510	510	0.000154179
510	510	0.000160757
510	510	0.000150937
510	510	0.000163696
510	510	0.000155842
510	510	0.000153756
510	510	0.000165037
510	510	0.000170578
510	510	0.000153825
510	510	0.000134900
510	600	0.000109738
510	600	0.000115684
510	600	0.000120158
510	600	0.000108546
510	600	0.000115487
510	600	0.000114264
510	600	0.000115634
510	600	0.000108426
510	600	0.000114389
510	600	0.000114269
510	600	0.000118266
510	600	0.000109072
510	600	0.000118952
510	600	0.000108531
510	600	0.000108376
510	600	0.000119141
510	600	0.000115709
510	600	0.000114329
510	600	0.000114178
510	600	0.000115465
510	600	0.000115522
510	600	0.000114296
510	600	0.000114195
510	600	0.000114413
510	600	0.000115363
510	600	0.000127585
510	600	0.000115725
510	600	0.000113033
510	600	0.000114273
510	600	0.000120368
510	600	0.000120743
510	600	0.000119868
510	600	0.000118167
510	600	0.000120789
510	600	0.000131772
510	600	0.000138798
510	600	0.000133783
510	600	0.000139309
510	600	0.000168994
510	600	0.000169930
510	600	0.000178399
510	600	0.000164740
510	600	0.000160618
510	600	0.000151936
510	600	0.000151542
510	600	0.000186611
510	600	0.000188445
510	600	0.000188522
510	600	0.000190363
510	600	0.000199930
510	600	0.000202673
510	600	0.000202377
510	600	0.000199922
510	600	0.000199722
510	600	0.000200122
510	600	0.000188353
510	600	0.000207760
510	600	0.000211984
510	600	0.000194712
510	600	0.000208515
510	600	0.000202387
510	600	0.000199758
510	600	0.000202807
510	600	0.000200104
510	600	0.000202184
510	600	0.000200172
510	600	0.000200415
510	600	0.000190040
510	600	0.000202218
510	600	0.000208434
510	600	0.000194832
510	600	0.000205369
510	600	0.000188234
510	600	0.000199937
510	600	0.000199782
510	600	0.000201866
510	600	0.000199860
510	600	0.000202158
510	600	0.000191958
510	600	0.000201945
510	600	0.000199664
510	600	0.000211646
510	600	0.000200210
510	600	0.000189966
510	600	0.000201842
510	600	0.000199903
510	600	0.000188050
510	600	0.000201832
510	600	0.000202230
510	600	0.000191901
510	600	0.000201828
510	600	0.000189810
510	600	0.000189984
510	600	0.000221643
510	600	0.000226793
510	600	0.000189302
510	600	0.000202476
510	600	0.000202273
510	600	0.000199578
510	600	0.000188003
600	128	0.000025132
600	128	0.000024965
600	128	0.000024994
600	128	0.000024959
600	128	0.000026283
600	128	0.000026341
600	128	0.000026342
600	128	0.000031386
600	128	0.000024975
600	128	0.000025002
600	128	0.000025035
600	128	0.000031609
600	128	0.000024949
600	128	0.000025021
600	128	0.000025669
600	128	0.000024965
600	128	0.000026292
600	128	0.000025016
600	128	0.000025494
600	128	0.000025013
600	128	0.000024922
600	128	0.000025095
600	128	0.000024965
600	128	0.000025443
600	128	0.000032256
600	128	0.000025012
600	128	0.000025010
600	128	0.000024968
600	128	0.000024980
600	128	0.000025614
600	128	0.000026320
600	128	0.000024981
600	128	0.000025074
600	128	0.000025552
600	128	0.000024968
600	128	0.000025500
600	128	0.000026368
600	128	0.000025068
600	128	0.000025274
600	128	0.000026297
600	128	0.000024984
600	128	0.000025068
600	128	0.000025046
600	128	0.000026228
600	128	0.000025451
600	128	0.000024928
600	128	0.000024980
600	128	0.000025374
600	128	0.000025417
600	128	0.000024942
600	128	0.000025212
600	128	0.000025031
600	128	0.000031306
600	128	0.000026330
600	128	0.000025037
600	128	0.000025266
600	128	0.000024955
600	128	0.000025053
600	128	0.000027125
600	128	0.000024996
600	128	0.000025839
600	128	0.000026355
600	128	0.000026309
600	128	0.000026487
600	128	0.000025038
600	128	0.000024925
600	128	0.000026331
600	128	0.000024992
600	128	0.000024989
600	128	0.000024964
600	128	0.000025023
600	128	0.000026555
600	128	0.000025131
600	128	0.000024969
600	128	0.000025056
600	128	0.000025242
600	128	0.000024957
600	128	0.000025250
600	128	0.000024939
600	128	0.000024922
600	128	0.000025478
600	128	0.000026236
600	128	0.000025366
600	128	0.000024972
600	128	0.000025098
600	128	0.000024954
600	128	0.000024971
600	128	0.000025271
600	128	0.000025001
600	128	0.000025023
600	128	0.000026360
600	128	0.000025111
600	128	0.000025012
600	128	0.000025011
600	128	0.000024990
600	128	0.000026230
600	128	0.000026354
600	128	0.000024979
600	128	0.000024978
600	128	0.000025325
600	256	0.000079027
600	256	0.000078749
600	256	0.000078985
600	256	0.000073484
600	256	0.000072149
600	256	0.000078948
600	256	0.000078846
600	256	0.000078725
600	256	0.000072058
600	256	0.000080420
600	256	0.000077289
600	256	0.000079125
600	256	0.000072185
600	256	0.000077756
600	256	0.000078950
600	256	0.000079242
600	256	0.000073549
600	256	0.000078905
600	256	0.000078996
600	256	0.000079009
600	256	0.000072327
600	256	0.000080476
600	256	0.000071850
600	256	0.000078866
600	256	0.000089487
600	256	0.000080369
600	256	0.000078930
600	256	0.000072304
600	256	0.000079139
600	256	0.000080416
600	256	0.000080450
600	256	0.000080267
600	256	0.000079629
600	256	0.000080566
600	256	0.000078919
600	256	0.000080439
600	256	0.000072413
600	256	0.000084792
600	256	0.000079027
600	256	0.000085521
600	256	0.000092249
600	256	0.000094217
600	256	0.000092103
600	256	0.000092194
600	256	0.000088380
600	256	0.000088368
600	256	0.000082677
600	256	0.000095216
600	256	0.000080802
600	256	0.000088448
600	256	0.000088559
600	256	0.000088400
600	256	0.000088246
600	256	0.000090072
600	256	0.000093635
600	256	0.000092037
600	256	0.000098591
600	256	0.000093657
600	256	0.000097935
600	256	0.000107223
600	256	0.000110729
600	256	0.000107036
600	256	0.000132586
600	256	0.000129810
600	256	0.000130799
600	256	0.000122914
600	256	0.000123015
600	256	0.000122930
600	256	0.000132564
600	256	0.000121092
600	256	0.000132631
600	256	0.000122782
600	256	0.000125037
600	256	0.000125456
600	256	0.000131810
600	256	0.000121108
600	256	0.000129843
600	256	0.000132603
600	256	0.000130270
600	256	0.000121041
600	256	0.000130077
600	256	0.000140433
600	256	0.000128526
600	256	0.000138341
600	256	0.000128574
600	256	0.000132383
600	256	0.000128714
600	256	0.000138048
600	256	0.000128571
600	256	0.000138511
600	256	0.000125794
600	256	0.000126273
600	256	0.000138862
600	256	0.000126360
600	256	0.000140870
600	256	0.000140767
600	256	0.000138055
600	256	0.000138600
600	256	0.000140745
600	256	0.000137969
600	380	0.000088343
600	380	0.000088150
600	380	0.000086954
600	380	0.000088176
600	380	0.000081193
600	380	0.000088006
600	380	0.000079697
600	380	0.000087963
600	380	0.000086650
600	380	0.000088172
600	380	0.000081227
600	380	0.000087073
600	380	0.000086749
600	380	0.000087996
600	380	0.000087002
600	380	0.000088289
600	380	0.000090920
600	380	0.000087975
600	380	0.000088349
600	380	0.000080151
600	380	0.000087893
600	380	0.000091944
600	380	0.000085216
600	380	0.000107245
600	380	0.000086673
600	380	0.000081222
600	380	0.000086618
600	380	0.000086562
600	380	0.000088190
600	380	0.000081026
600	380	0.000092813
600	380	0.000088090
600	380	0.000088287
600	380	0.000088152
600	380	0.000087897
600	380	0.000086976
600	380	0.000081279
600	380	0.000087043
600	380	0.000088159
600	380	0.000091259
600	380	0.000086729
600	380	0.000088657
600	380	0.000088132
600	380	0.000086819
600	380	0.000088214
600	380	0.000086670
600	380	0.000088204
600	380	0.000086961
600	380	0.000081185
600	380	0.000088165
600	380	0.000102950
600	380	0.000101487
600	380	0.000105837
600	380	0.000093460
600	380	0.000110290
600	380	0.000156392
600	380	0.000110364
600	380	0.000112074
600	380	0.000102713
600	380	0.000101059
600	380	0.000100880
600	380	0.000093002
600	380	0.000101134
600	380	0.000102731
600	380	0.000094968
600	380	0.000101262
600	380	0.000103112
600	380	0.000115455
600	380	0.000113100
600	380	0.000116069
600	380	0.000108273
600	380	0.000145609
600	380	0.000136967
600	380	0.000136866
600	380	0.000126508
600	380	0.000151782
600	380	0.000151648
600	380	0.000152031
600	380	0.000154456
600	380	0.000152321
600	380	0.000154574
600	380	0.000153950
600	380	0.000164995
600	380	0.000142459
600	380	0.000155117
600	380	0.000152877
600	380	0.000144919
600	380	0.000154373
600	380	0.000139528
600	380	0.000151092
600	380	0.000142579
600	380	0.000139611
600	380	0.000154528
600	380	0.000151839
600	380	0.000151570
600	380	0.000151570
600	380	0.000151635
600	380	0.000153920
600	380	0.000139842
600	380	0.000152230
600	510	0.000103852
600	510	0.000105016
600	510	0.000103597
600	510	0.000103554
600	510	0.000104947
600	510	0.000113594
600	510	0.000104708
600	510	0.000103734
600	510	0.000103453
600	510	0.000103449
600	510	0.000104763
600	510	0.000103545
600	510	0.000103592
600	510	0.000108498
600	510	0.000103265
600	510	0.000103556
600	510	0.000110556
600	510	0.000103513
600	510	0.000100957
600	510	0.000103365
600	510	0.000103462
600	510	0.000103705
600	510	0.000103670
600	510	0.000098094
600	510	0.000098192
600	510	0.000118620
600	510	0.000104925
600	510	0.000104878
600	510	0.000103451
600	510	0.000103459
600	510	0.000114234
600	510	0.000104798
600	510	0.000103608
600	510	0.000103240
600	510	0.000096608
600	510	0.000108700
600	510	0.000104105
600	510	0.000104924
600	510	0.000103597
600	510	0.000096458
600	510	0.000103608
600	510	0.000105027
600	510	0.000102513
600	510	0.000103403
600	510	0.000103471
600	510	0.000103733
600	510	0.000103748
600	510	0.000103718
600	510	0.000104890
600	510	0.000096649
600	510	0.000103626
600	510	0.000104877
600	510	0.000103480
600	510	0.000096284
600	510	0.000110823
600	510	0.000103231
600	510	0.000103291
600	510	0.000104888
600	510	0.000104961
600	510	0.000103642
600	510	0.000105046
600	510	0.000104838
600	510	0.000103338
600	510	0.000103336
600	510	0.000105303
600	510	0.000104951
600	510	0.000103462
600	510	0.000103422
600	510	0.000103565
600	510	0.000104890
600	510	0.000097786
600	510	0.000105179
600	510	0.000103423
600	510	0.000131553
600	510	0.000142776
600	510	0.000158866
600	510	0.000154521
600	510	0.000155276
600	510	0.000144784
600	510	0.000154598
600	510	0.000152695
600	510	0.000160547
600	510	0.000229351
600	510	0.000167978
600	510	0.000190415
600	510	0.000192073
600	510	0.000221883
600	510	0.000188623
600	510	0.000194127
600	510	0.000204744
600	510	0.000180861
600	510	0.000181084
600	510	0.000180939
600	510	0.000177200
600	510	0.000172473
600	510	0.000188238
600	510	0.000176187
600	510	0.000200844
600	510	0.000189994
600	510	0.000192747
600	600	0.000134329
600	600	0.000135672
600	600	0.000135823
600	600	0.000141100
600	600	0.000134340
600	600	0.000134139
600	600	0.000134402
600	600	0.000134469
600	600	0.000135916
600	600	0.000136095
600	600	0.000139943
600	600	0.000135974
600	600	0.000134268
600	600	0.000140159
600	600	0.000135821
600	600	0.000134171
600	600	0.000134480
600	600	0.000134216
600	600	0.000127470
600	600	0.000134439
600	600	0.000128629
600	600	0.000134242
600	600	0.000134398
600	600	0.000134182
600	600	0.000139159
600	600	0.000140776
600	600	0.000139370
600	600	0.000143091
600	600	0.000139372
600	600	0.000171463
600	600	0.000171412
600	600	0.000177358
600	600	0.000173417
600	600	0.000209092
600	600	0.000209693
600	600	0.000229945
600	600	0.000235420
600	600	0.000255847
600	600	0.000248869
600	600	0.000221549
600	600	0.000234751
600	600	0.000237586
600	600	0.000237846
600	600	0.000235076
600	600	0.000221525
600	600	0.000235658
600	600	0.000237378
600	600	0.000237518
600	600	0.000237417
600	600	0.000238192
600	600	0.000295223
600	600	0.000227578
600	600	0.000229497
600	600	0.000230266
600	600	0.000241435
600	600	0.000235594
600	600	0.000235370
600	600	0.000234943
600	600	0.000237440
600	600	0.000235014
600	600	0.000245396
600	600	0.000227627
600	600	0.000234580
600	600	0.000237888
600	600	0.000223624
600	600	0.000223289
600	600	0.000237407
600	600	0.000234914
600	600	0.000237676
600	600	0.000237518
600	600	0.000235576
600	600	0.000245780
600	600	0.000254856
600	600	0.000229813
600	600	0.000237465
600	600	0.000234841
600	600	0.000235260
600	600	0.000225516
600	600	0.000237443
600	600	0.000237987
600	600	0.000261047
600	600	0.000237463
600	600	0.000212022
600	600	0.000235734
600	600	0.000235245
600	600	0.000223383
600	600	0.000237888
600	600	0.000235242
600	600	0.000234873
600	600	0.000238195
600	600	0.000234994
600	600	0.000235149
600	600	0.000235562
600	600	0.000249794
600	600	0.000245286
600	600	0.000212281
600	600	0.000235144
600	600	0.000236690
600	600	0.000230939
600	600	0.000235270
