120	128	0.000030629
120	128	0.000030854
120	128	0.000038451
120	128	0.000028536
120	128	0.000027089
120	128	0.000027069
120	128	0.000039379
120	128	0.000027877
120	128	0.000035286
120	128	0.000029693
120	128	0.000028897
120	128	0.000028744
120	128	0.000027830
120	128	0.000027853
120	128	0.000027034
120	128	0.000027080
120	128	0.000027061
120	128	0.000036844
120	128	0.000044552
120	128	0.000033434
120	128	0.000034944
120	128	0.000028297
120	128	0.000027121
120	128	0.000029206
120	128	0.000029131
120	128	0.000027247
120	128	0.000027452
120	128	0.000036919
120	128	0.000027168
120	128	0.000027716
120	128	0.000037872
120	128	0.000035962
120	128	0.000028020
120	128	0.000029345
120	128	0.000028433
120	128	0.000028863
120	128	0.000028436
120	128	0.000027051
120	128	0.000027229
120	128	0.000037445
120	128	0.000030839
120	128	0.000027382
120	128	0.000034461
120	128	0.000036843
120	128	0.000036295
120	128	0.000027227
120	128	0.000041531
120	128	0.000029917
120	128	0.000038385
120	128	0.000035447
120	128	0.000029402
120	128	0.000033761
120	128	0.000032110
120	128	0.000035262
120	128	0.000037931
120	128	0.000037484
120	128	0.000040626
120	128	0.000028740
120	128	0.000039219
120	128	0.000031623
120	128	0.000032642
120	128	0.000032562
120	128	0.000032999
120	128	0.000033283
120	128	0.000033076
120	128	0.000041914
120	128	0.000032627
120	128	0.000033465
120	128	0.000033605
120	128	0.000034486
120	128	0.000039375
120	128	0.000033895
120	128	0.000034080
120	128	0.000033806
120	128	0.000034345
120	128	0.000035136
120	128	0.000035553
120	128	0.000035606
120	128	0.000034808
120	128	0.000034687
120	128	0.000034709
120	128	0.000035586
120	128	0.000034603
120	128	0.000034870
120	128	0.000034987
120	128	0.000034750
120	128	0.000034827
120	128	0.000035256
120	128	0.000034516
120	128	0.000041213
120	128	0.000037231
120	128	0.000029256
120	128	0.000038737
120	128	0.000027468
120	128	0.000026980
120	128	0.000027788
120	128	0.000032806
120	128	0.000036649
120	128	0.000036090
120	128	0.000038820
120	256	0.000051006
120	256	0.000051060
120	256	0.000058816
120	256	0.000058054
120	256	0.000064350
120	256	0.000068596
120	256	0.000049719
120	256	0.000058992
120	256	0.000054773
120	256	0.000052406
120	256	0.000049838
120	256	0.000050006
120	256	0.000047983
120	256	0.000065935
120	256	0.000068450
120	256	0.000053679
120	256	0.000050047
120	256	0.000049674
120	256	0.000059762
120	256	0.000054842
120	256	0.000051522
120	256	0.000050219
120	256	0.000050859
120	256	0.000050949
120	256	0.000049713
120	256	0.000059270
120	256	0.000085060
120	256	0.000069831
120	256	0.000068103
120	256	0.000059904
120	256	0.000052149
120	256	0.000055122
120	256	0.000052955
120	256	0.000051532
120	256	0.000072092
120	256	0.000050983
120	256	0.000057967
120	256	0.000065810
120	256	0.000074764
120	256	0.000063552
120	256	0.000066501
120	256	0.000061078
120	256	0.000049822
120	256	0.000066936
120	256	0.000067613
120	256	0.000049704
120	256	0.000062321
120	256	0.000053734
120	256	0.000052812
120	256	0.000050213
120	256	0.000063771
120	256	0.000066311
120	256	0.000051360
120	256	0.000077397
120	256	0.000058482
120	256	0.000067875
120	256	0.000073202
120	256	0.000054360
120	256	0.000053398
120	256	0.000063764
120	256	0.000052755
120	256	0.000049903
120	256	0.000050815
120	256	0.000066323
120	256	0.000070124
120	256	0.000062715
120	256	0.000053881
120	256	0.000060109
120	256	0.000051124
120	256	0.000049903
120	256	0.000050158
120	256	0.000049510
120	256	0.000050864
120	256	0.000066435
120	256	0.000071196
120	256	0.000051109
120	256	0.000064519
120	256	0.000051072
120	256	0.000062640
120	256	0.000071350
120	256	0.000051138
120	256	0.000051702
120	256	0.000054250
120	256	0.000065563
120	256	0.000063105
120	256	0.000052051
120	256	0.000067179
120	256	0.000055226
120	256	0.000069637
120	256	0.000063517
120	256	0.000056686
120	256	0.000070260
120	256	0.000052220
120	256	0.000052732
120	256	0.000075766
120	256	0.000052034
120	256	0.000066165
120	256	0.000070438
120	256	0.000064898
120	256	0.000052347
120	380	0.000075486
120	380	0.000083776
120	380	0.000072976
120	380	0.000088136
120	380	0.000072888
120	380	0.000073928
120	380	0.000072771
120	380	0.000070917
120	380	0.000071019
120	380	0.000087446
120	380	0.000090788
120	380	0.000100656
120	380	0.000080140
120	380	0.000076257
120	380	0.000071257
120	380	0.000071081
120	380	0.000072943
120	380	0.000073054
120	380	0.000073679
120	380	0.000092550
120	380	0.000081426
120	380	0.000092707
120	380	0.000084049
120	380	0.000072772
120	380	0.000089922
120	380	0.000085753
120	380	0.000080993
120	380	0.000083888
120	380	0.000082139
120	380	0.000080898
120	380	0.000098473
120	380	0.000097726
120	380	0.000097065
120	380	0.000071930
120	380	0.000092869
120	380	0.000080013
120	380	0.000101817
120	380	0.000102569
120	380	0.000083678
120	380	0.000089032
120	380	0.000071024
120	380	0.000103893
120	380	0.000116998
120	380	0.000099734
120	380	0.000093235
120	380	0.000084219
120	380	0.000076689
120	380	0.000086246
120	380	0.000086321
120	380	0.000088429
120	380	0.000093442
120	380	0.000083412
120	380	0.000084712
120	380	0.000102743
120	380	0.000071558
120	380	0.000071067
120	380	0.000085478
120	380	0.000092107
120	380	0.000075656
120	380	0.000073479
120	380	0.000103935
120	380	0.000087384
120	380	0.000079053
120	380	0.000072156
120	380	0.000074872
120	380	0.000076949
120	380	0.000106621
120	380	0.000086460
120	380	0.000079459
120	380	0.000108196
120	380	0.000075709
120	380	0.000092053
120	380	0.000085090
120	380	0.000073907
120	380	0.000094647
120	380	0.000071549
120	380	0.000084131
120	380	0.000121230
120	380	0.000086939
120	380	0.000127279
120	380	0.000085792
120	380	0.000070919
120	380	0.000079689
120	380	0.000074665
120	380	0.000083592
120	380	0.000086931
120	380	0.000071301
120	380	0.000083587
120	380	0.000075061
120	380	0.000074479
120	380	0.000089344
120	380	0.000095127
120	380	0.000077983
120	380	0.000071330
120	380	0.000086859
120	380	0.000085606
120	380	0.000095177
120	380	0.000071367
120	380	0.000071250
120	380	0.000071385
120	510	0.000126675
120	510	0.000107564
120	510	0.000114912
120	510	0.000113562
120	510	0.000096578
120	510	0.000094443
120	510	0.000094297
120	510	0.000094407
120	510	0.000113404
120	510	0.000100734
120	510	0.000094513
120	510	0.000098980
120	510	0.000113121
120	510	0.000128926
120	510	0.000094563
120	510	0.000094575
120	510	0.000094981
120	510	0.000097581
120	510	0.000114481
120	510	0.000110345
120	510	0.000100806
120	510	0.000124637
120	510	0.000139950
120	510	0.000124966
120	510	0.000117953
120	510	0.000101119
120	510	0.000115201
120	510	0.000107251
120	510	0.000121382
120	510	0.000106704
120	510	0.000102431
120	510	0.000101626
120	510	0.000102344
120	510	0.000101350
120	510	0.000113143
120	510	0.000118093
120	510	0.000117428
120	510	0.000117651
120	510	0.000117911
120	510	0.000118066
120	510	0.000129745
120	510	0.000133588
120	510	0.000129727
120	510	0.000133104
120	510	0.000129414
120	510	0.000129824
120	510	0.000138427
120	510	0.000138911
120	510	0.000140035
120	510	0.000137873
120	510	0.000137955
120	510	0.000137931
120	510	0.000139059
120	510	0.000138609
120	510	0.000143033
120	510	0.000175562
120	510	0.000175519
120	510	0.000175945
120	510	0.000182805
120	510	0.000200147
120	510	0.000194662
120	510	0.000197751
120	510	0.000228308
120	510	0.000228818
120	510	0.000227196
120	510	0.000243507
120	510	0.000258814
120	510	0.000243539
120	510	0.000241318
120	510	0.000228918
120	510	0.000240707
120	510	0.000243022
120	510	0.000251398
120	510	0.000251913
120	510	0.000228803
120	510	0.000243118
120	510	0.000228974
120	510	0.000236552
120	510	0.000234356
120	510	0.000243032
120	510	0.000241811
120	510	0.000251474
120	510	0.000238454
120	510	0.000243183
120	510	0.000228888
120	510	0.000243086
120	510	0.000241526
120	510	0.000242278
120	510	0.000265810
120	510	0.000236290
120	510	0.000241897
120	510	0.000227344
120	510	0.000242533
120	510	0.000243147
120	510	0.000241625
120	510	0.000277528
120	510	0.000234102
120	510	0.000241576
120	510	0.000227540
120	510	0.000241391
120	600	0.000110460
120	600	0.000110518
120	600	0.000179208
120	600	0.000131809
120	600	0.000127807
120	600	0.000130331
120	600	0.000115954
120	600	0.000150323
120	600	0.000143239
120	600	0.000134135
120	600	0.000121865
120	600	0.000110001
120	600	0.000126964
120	600	0.000111427
120	600	0.000128172
120	600	0.000113457
120	600	0.000113987
120	600	0.000113614
120	600	0.000126427
120	600	0.000134532
120	600	0.000135626
120	600	0.000118392
120	600	0.000113272
120	600	0.000110069
120	600	0.000143522
120	600	0.000130616
120	600	0.000142485
120	600	0.000142067
120	600	0.000113959
120	600	0.000112897
120	600	0.000111524
120	600	0.000127478
120	600	0.000132536
120	600	0.000138784
120	600	0.000114402
120	600	0.000124073
120	600	0.000132629
120	600	0.000137885
120	600	0.000126581
120	600	0.000120393
120	600	0.000123833
120	600	0.000133318
120	600	0.000114896
120	600	0.000132511
120	600	0.000110121
120	600	0.000110299
120	600	0.000135586
120	600	0.000122828
120	600	0.000130721
120	600	0.000144366
120	600	0.000110218
120	600	0.000110464
120	600	0.000140541
120	600	0.000116083
120	600	0.000127976
120	600	0.000122704
120	600	0.000201146
120	600	0.000136186
120	600	0.000136374
120	600	0.000117269
120	600	0.000110221
120	600	0.000131520
120	600	0.000128449
120	600	0.000121350
120	600	0.000132122
120	600	0.000111667
120	600	0.000137219
120	600	0.000131033
120	600	0.000128822
120	600	0.000128136
120	600	0.000134425
120	600	0.000212359
120	600	0.000111376
120	600	0.000116284
120	600	0.000114434
120	600	0.000148249
120	600	0.000133564
120	600	0.000111589
120	600	0.000132768
120	600	0.000132936
120	600	0.000116006
120	600	0.000115228
120	600	0.000131172
120	600	0.000113495
120	600	0.000122101
120	600	0.000110395
120	600	0.000111381
120	600	0.000126998
120	600	0.000139656
120	600	0.000129922
120	600	0.000112967
120	600	0.000141516
120	600	0.000116345
120	600	0.000151606
120	600	0.000117059
120	600	0.000129174
120	600	0.000115679
120	600	0.000130735
120	600	0.000114337
120	600	0.000113106
250	128	0.000063473
250	128	0.000055737
250	128	0.000064016
250	128	0.000070175
250	128	0.000056132
250	128	0.000074405
250	128	0.000069331
250	128	0.000056054
250	128	0.000055398
250	128	0.000053133
250	128	0.000053652
250	128	0.000053151
250	128	0.000055948
250	128	0.000059143
250	128	0.000060472
250	128	0.000071401
250	128	0.000068110
250	128	0.000070464
250	128	0.000069705
250	128	0.000076368
250	128	0.000065294
250	128	0.000076946
250	128	0.000074537
250	128	0.000056365
250	128	0.000059078
250	128	0.000078782
250	128	0.000074599
250	128	0.000056252
250	128	0.000056854
250	128	0.000057590
250	128	0.000055999
250	128	0.000057719
250	128	0.000059134
250	128	0.000056610
250	128	0.000061233
250	128	0.000099442
250	128	0.000058965
250	128	0.000082587
250	128	0.000087431
250	128	0.000080032
250	128	0.000080313
250	128	0.000053440
250	128	0.000063744
250	128	0.000065509
250	128	0.000072042
250	128	0.000056491
250	128	0.000072708
250	128	0.000056156
250	128	0.000066555
250	128	0.000070934
250	128	0.000057867
250	128	0.000082196
250	128	0.000069955
250	128	0.000068096
250	128	0.000060834
250	128	0.000071386
250	128	0.000064794
250	128	0.000059285
250	128	0.000056378
250	128	0.000060140
250	128	0.000070787
250	128	0.000057254
250	128	0.000086320
250	128	0.000073165
250	128	0.000067695
250	128	0.000057516
250	128	0.000073013
250	128	0.000070415
250	128	0.000058513
250	128	0.000058115
250	128	0.000055873
250	128	0.000078513
250	128	0.000056161
250	128	0.000074383
250	128	0.000069177
250	128	0.000059262
250	128	0.000059237
250	128	0.000059698
250	128	0.000071644
250	128	0.000073593
250	128	0.000108159
250	128	0.000057569
250	128	0.000072424
250	128	0.000058019
250	128	0.000072809
250	128	0.000065837
250	128	0.000057610
250	128	0.000056566
250	128	0.000058954
250	128	0.000072580
250	128	0.000074308
250	128	0.000060606
250	128	0.000069744
250	128	0.000056387
250	128	0.000056572
250	128	0.000066807
250	128	0.000065453
250	128	0.000055732
250	128	0.000069053
250	128	0.000069842
250	256	0.000124199
250	256	0.000124193
250	256	0.000128097
250	256	0.000124382
250	256	0.000134679
250	256	0.000124328
250	256	0.000123750
250	256	0.000124429
250	256	0.000123850
250	256	0.000128030
250	256	0.000124344
250	256	0.000128025
250	256	0.000123796
250	256	0.000123998
250	256	0.000128790
250	256	0.000124279
250	256	0.000124653
250	256	0.000128104
250	256	0.000123874
250	256	0.000128036
250	256	0.000124413
250	256	0.000131953
250	256	0.000124486
250	256	0.000126825
250	256	0.000123904
250	256	0.000124657
250	256	0.000123932
250	256	0.000131654
250	256	0.000127927
250	256	0.000128995
250	256	0.000127796
250	256	0.000131937
250	256	0.000130968
250	256	0.000135932
250	256	0.000140586
250	256	0.000136485
250	256	0.000142156
250	256	0.000136647
250	256	0.000173198
250	256	0.000175780
250	256	0.000170193
250	256	0.000174116
250	256	0.000164798
250	256	0.000156300
250	256	0.000157076
250	256	0.000161022
250	256	0.000157199
250	256	0.000176319
250	256	0.000188360
250	256	0.000176531
250	256	0.000181605
250	256	0.000183643
250	256	0.000194191
250	256	0.000185746
250	256	0.000183733
250	256	0.000198059
250	256	0.000200237
250	256	0.000192624
250	256	0.000197927
250	256	0.000183748
250	256	0.000189217
250	256	0.000189399
250	256	0.000194581
250	256	0.000189384
250	256	0.000183070
250	256	0.000185614
250	256	0.000184998
250	256	0.000218305
250	256	0.000221769
250	256	0.000210725
250	256	0.000200603
250	256	0.000207368
250	256	0.000200940
250	256	0.000222108
250	256	0.000229016
250	256	0.000229210
250	256	0.000221685
250	256	0.000222571
250	256	0.000221502
250	256	0.000229421
250	256	0.000248629
250	256	0.000272125
250	256	0.000265256
250	256	0.000272000
250	256	0.000264926
250	256	0.000273904
250	256	0.000263711
250	256	0.000248063
250	256	0.000262806
250	256	0.000265168
250	256	0.000264880
250	256	0.000272081
250	256	0.000338535
250	256	0.000263078
250	256	0.000255562
250	256	0.000264202
250	256	0.000265348
250	256	0.000263022
250	256	0.000263533
250	256	0.000279685
250	380	0.000216065
250	380	0.000216444
250	380	0.000219396
250	380	0.000216423
250	380	0.000222372
250	380	0.000219391
250	380	0.000216738
250	380	0.000222094
250	380	0.000216275
250	380	0.000219374
250	380	0.000219499
250	380	0.000219557
250	380	0.000223621
250	380	0.000216712
250	380	0.000219384
250	380	0.000216227
250	380	0.000225120
250	380	0.000215951
250	380	0.000216454
250	380	0.000223675
250	380	0.000219521
250	380	0.000216322
250	380	0.000217438
250	380	0.000222444
250	380	0.000216700
250	380	0.000219489
250	380	0.000216231
250	380	0.000216654
250	380	0.000216657
250	380	0.000216289
250	380	0.000216312
250	380	0.000223729
250	380	0.000267542
250	380	0.000262923
250	380	0.000263550
250	380	0.000253701
250	380	0.000252564
250	380	0.000259706
250	380	0.000258334
250	380	0.000275101
250	380	0.000274989
250	380	0.000281369
250	380	0.000288156
250	380	0.000288516
250	380	0.000289333
250	380	0.000356772
250	380	0.000364311
250	380	0.000368762
250	380	0.000361368
250	380	0.000380849
250	380	0.000394276
250	380	0.000387672
250	380	0.000380893
250	380	0.000379390
250	380	0.000390787
250	380	0.000390524
250	380	0.000378568
250	380	0.000378825
250	380	0.000379491
250	380	0.000393040
250	380	0.000378420
250	380	0.000379521
250	380	0.000392907
250	380	0.000379244
250	380	0.000378287
250	380	0.000391656
250	380	0.000378448
250	380	0.000383944
250	380	0.000379944
250	380	0.000394076
250	380	0.000358389
250	380	0.000378370
250	380	0.000387092
250	380	0.000380987
250	380	0.000378171
250	380	0.000391953
250	380	0.000390078
250	380	0.000384247
250	380	0.000390990
250	380	0.000378924
250	380	0.000384250
250	380	0.000388332
250	380	0.000384308
250	380	0.000404097
250	380	0.000379110
250	380	0.000380209
250	380	0.000378084
250	380	0.000406308
250	380	0.000377963
250	380	0.000384171
250	380	0.000391681
250	380	0.000379655
250	380	0.000392825
250	380	0.000391454
250	380	0.000378979
250	380	0.000378344
250	380	0.000392005
250	380	0.000379518
250	380	0.000376534
250	380	0.000389596
250	510	0.000286770
250	510	0.000289299
250	510	0.000289227
250	510	0.000286579
250	510	0.000285973
250	510	0.000289541
250	510	0.000286522
250	510	0.000292957
250	510	0.000294985
250	510	0.000287176
250	510	0.000289267
250	510	0.000286675
250	510	0.000304196
250	510	0.000291361
250	510	0.000286356
250	510	0.000289245
250	510	0.000292643
250	510	0.000286534
250	510	0.000290611
250	510	0.000329942
250	510	0.000326750
250	510	0.000327051
250	510	0.000329476
250	510	0.000297809
250	510	0.000297035
250	510	0.000297448
250	510	0.000304854
250	510	0.000314468
250	510	0.000300066
250	510	0.000297379
250	510	0.000287426
250	510	0.000289641
250	510	0.000300660
250	510	0.000289187
250	510	0.000334804
250	510	0.000335710
250	510	0.000337706
250	510	0.000365626
250	510	0.000368395
250	510	0.000372078
250	510	0.000426425
250	510	0.000448262
250	510	0.000429477
250	510	0.000403196
250	510	0.000404910
250	510	0.000426244
250	510	0.000423316
250	510	0.000437416
250	510	0.000459310
250	510	0.000445987
250	510	0.000445669
250	510	0.000454215
250	510	0.000472570
250	510	0.000471988
250	510	0.000481347
250	510	0.000471976
250	510	0.000485437
250	510	0.000473298
250	510	0.000484660
250	510	0.000481781
250	510	0.000476361
250	510	0.000483248
250	510	0.000472908
250	510	0.000508495
250	510	0.000507156
250	510	0.000496830
250	510	0.000514468
250	510	0.000486917
250	510	0.000483944
250	510	0.000485420
250	510	0.000542891
250	510	0.000502689
250	510	0.000476426
250	510	0.000524222
250	510	0.000479951
250	510	0.000507066
250	510	0.000501604
250	510	0.000502071
250	510	0.000511950
250	510	0.000500652
250	510	0.000512288
250	510	0.000502646
250	510	0.000515498
250	510	0.000535036
250	510	0.000514357
250	510	0.000473253
250	510	0.000496839
250	510	0.000513843
250	510	0.000473599
250	510	0.000506523
250	510	0.000480108
250	510	0.000484316
250	510	0.000513546
250	510	0.000476514
250	510	0.000511231
250	510	0.000503897
250	510	0.000479202
250	510	0.000516620
250	510	0.000501983
250	510	0.000510702
250	600	0.000340151
250	600	0.000335568
250	600	0.000336198
250	600	0.000335575
250	600	0.000336248
250	600	0.000335316
250	600	0.000340175
250	600	0.000344250
250	600	0.000344429
250	600	0.000342221
250	600	0.000336134
250	600	0.000336154
250	600	0.000336648
250	600	0.000336147
250	600	0.000335896
250	600	0.000335773
250	600	0.000340198
250	600	0.000341701
250	600	0.000343612
250	600	0.000350724
250	600	0.000421419
250	600	0.000397355
250	600	0.000421465
250	600	0.000437707
250	600	0.000427190
250	600	0.000393584
250	600	0.000391106
250	600	0.000391269
250	600	0.000415391
250	600	0.000427967
250	600	0.000429388
250	600	0.000458038
250	600	0.000464632
250	600	0.000448266
250	600	0.000447126
250	600	0.000447400
250	600	0.000478714
250	600	0.000472217
250	600	0.000494506
250	600	0.000509373
250	600	0.000529083
250	600	0.000521400
250	600	0.000549036
250	600	0.000567259
250	600	0.000580167
250	600	0.000596829
250	600	0.000584465
250	600	0.000603425
250	600	0.000585700
250	600	0.000629630
250	600	0.000494315
250	600	0.000502889
250	600	0.000525863
250	600	0.000522775
250	600	0.000521228
250	600	0.000534030
250	600	0.000521610
250	600	0.000554689
250	600	0.000521621
250	600	0.000448023
250	600	0.000446856
250	600	0.000456139
250	600	0.000456594
250	600	0.000453521
250	600	0.000494005
250	600	0.000494373
250	600	0.000508248
250	600	0.000529132
250	600	0.000575808
250	600	0.000581174
250	600	0.000618142
250	600	0.000573374
250	600	0.000613391
250	600	0.000563518
250	600	0.000596717
250	600	0.000553109
250	600	0.000597301
250	600	0.000582701
250	600	0.000584646
250	600	0.000577758
250	600	0.000603018
250	600	0.000586197
250	600	0.000629995
250	600	0.000573661
250	600	0.000606168
250	600	0.000590171
250	600	0.000597704
250	600	0.000600091
250	600	0.000579359
250	600	0.000595410
250	600	0.000595245
250	600	0.000598530
250	600	0.000577483
250	600	0.000599742
250	600	0.000565802
250	600	0.000598996
250	600	0.000559372
250	600	0.000569570
250	600	0.000571167
250	600	0.000563104
380	128	0.000123578
380	128	0.000124652
380	128	0.000123368
380	128	0.000131695
380	128	0.000124624
380	128	0.000124046
380	128	0.000124783
380	128	0.000124957
380	128	0.000123765
380	128	0.000127708
380	128	0.000127964
380	128	0.000125181
380	128	0.000123839
380	128	0.000124194
380	128	0.000135037
380	128	0.000124918
380	128	0.000123622
380	128	0.000124275
380	128	0.000125090
380	128	0.000130094
380	128	0.000127920
380	128	0.000128046
380	128	0.000124163
380	128	0.000125625
380	128	0.000133956
380	128	0.000124935
380	128	0.000124109
380	128	0.000136378
380	128	0.000123777
380	128	0.000129420
380	128	0.000129576
380	128	0.000130082
380	128	0.000132541
380	128	0.000127909
380	128	0.000153353
380	128	0.000164119
380	128	0.000155864
380	128	0.000150452
380	128	0.000155219
380	128	0.000178839
380	128	0.000215326
380	128	0.000179981
380	128	0.000165619
380	128	0.000166541
380	128	0.000175543
380	128	0.000164674
380	128	0.000210578
380	128	0.000206052
380	128	0.000207408
380	128	0.000216991
380	128	0.000223625
380	128	0.000239492
380	128	0.000217618
380	128	0.000231882
380	128	0.000221801
380	128	0.000210743
380	128	0.000218340
380	128	0.000223640
380	128	0.000203673
380	128	0.000210944
380	128	0.000214277
380	128	0.000217460
380	128	0.000234900
380	128	0.000218081
380	128	0.000206006
380	128	0.000216316
380	128	0.000219033
380	128	0.000223870
380	128	0.000218656
380	128	0.000216580
380	128	0.000223852
380	128	0.000216653
380	128	0.000227778
380	128	0.000217013
380	128	0.000203595
380	128	0.000223510
380	128	0.000216407
380	128	0.000218438
380	128	0.000213684
380	128	0.000216692
380	128	0.000216521
380	128	0.000217433
380	128	0.000216721
380	128	0.000228558
380	128	0.000219966
380	128	0.000203642
380	128	0.000217316
380	128	0.000216291
380	128	0.000218751
380	128	0.000218749
380	128	0.000219061
380	128	0.000217863
380	128	0.000219120
380	128	0.000231490
380	128	0.000226054
380	128	0.000216768
380	128	0.000204699
380	128	0.000219298
380	128	0.000223592
380	128	0.000217233
380	256	0.000236251
380	256	0.000230063
380	256	0.000236224
380	256	0.000228289
380	256	0.000228143
380	256	0.000237788
380	256	0.000228157
380	256	0.000229046
380	256	0.000228553
380	256	0.000241504
380	256	0.000229521
380	256	0.000229851
380	256	0.000228375
380	256	0.000230574
380	256	0.000249757
380	256	0.000228619
380	256	0.000229534
380	256	0.000229469
380	256	0.000240686
380	256	0.000262738
380	256	0.000228255
380	256	0.000236499
380	256	0.000228677
380	256	0.000227807
380	256	0.000250485
380	256	0.000236143
380	256	0.000228605
380	256	0.000230504
380	256	0.000240019
380	256	0.000261528
380	256	0.000228708
380	256	0.000236187
380	256	0.000229193
380	256	0.000245112
380	256	0.000236344
380	256	0.000236580
380	256	0.000238898
380	256	0.000244945
380	256	0.000243233
380	256	0.000237409
380	256	0.000236919
380	256	0.000275818
380	256	0.000267188
380	256	0.000275623
380	256	0.000300821
380	256	0.000300744
380	256	0.000300601
380	256	0.000320091
380	256	0.000319229
380	256	0.000320419
380	256	0.000390935
380	256	0.000377759
380	256	0.000399068
380	256	0.000415756
380	256	0.000403120
380	256	0.000412488
380	256	0.000403586
380	256	0.000413312
380	256	0.000410283
380	256	0.000386341
380	256	0.000420156
380	256	0.000411221
380	256	0.000378429
380	256	0.000401192
380	256	0.000419129
380	256	0.000380156
380	256	0.000427783
380	256	0.000412080
380	256	0.000378708
380	256	0.000397139
380	256	0.000411137
380	256	0.000413251
380	256	0.000409449
380	256	0.000422221
380	256	0.000413649
380	256	0.000392746
380	256	0.000470926
380	256	0.000377451
380	256	0.000392890
380	256	0.000410607
380	256	0.000413411
380	256	0.000394972
380	256	0.000439817
380	256	0.000376326
380	256	0.000399564
380	256	0.000405305
380	256	0.000413360
380	256	0.000389066
380	256	0.000389756
380	256	0.000410195
380	256	0.000400096
380	256	0.000413436
380	256	0.000420078
380	256	0.000416644
380	256	0.000379395
380	256	0.000405682
380	256	0.000429784
380	256	0.000379480
380	256	0.000413346
380	256	0.000423203
380	380	0.000328895
380	380	0.000333649
380	380	0.000333434
380	380	0.000333612
380	380	0.000328219
380	380	0.000333420
380	380	0.000329863
380	380	0.000333457
380	380	0.000328380
380	380	0.000328808
380	380	0.000327930
380	380	0.000338312
380	380	0.000334435
380	380	0.000328900
380	380	0.000328438
380	380	0.000328507
380	380	0.000328739
380	380	0.000328225
380	380	0.000328940
380	380	0.000328631
380	380	0.000328129
380	380	0.000328610
380	380	0.000365810
380	380	0.000367738
380	380	0.000373492
380	380	0.000359041
380	380	0.000359076
380	380	0.000353355
380	380	0.000364956
380	380	0.000367753
380	380	0.000367826
380	380	0.000399194
380	380	0.000400287
380	380	0.000399708
380	380	0.000444630
380	380	0.000437521
380	380	0.000445146
380	380	0.000493013
380	380	0.000484104
380	380	0.000540670
380	380	0.000557482
380	380	0.000541416
380	380	0.000554124
380	380	0.000576617
380	380	0.000591211
380	380	0.000574420
380	380	0.000553621
380	380	0.000591773
380	380	0.000574201
380	380	0.000590482
380	380	0.000556422
380	380	0.000588382
380	380	0.000574185
380	380	0.000589231
380	380	0.000568572
380	380	0.000589379
380	380	0.000561579
380	380	0.000588958
380	380	0.000554178
380	380	0.000596214
380	380	0.000583613
380	380	0.000593031
380	380	0.000556494
380	380	0.000588777
380	380	0.000549417
380	380	0.000588163
380	380	0.000568219
380	380	0.000562289
380	380	0.000550549
380	380	0.000438999
380	380	0.000438319
380	380	0.000445842
380	380	0.000491295
380	380	0.000484353
380	380	0.000552256
380	380	0.000541652
380	380	0.000565353
380	380	0.000558882
380	380	0.000577472
380	380	0.000586510
380	380	0.000571127
380	380	0.000586005
380	380	0.000607190
380	380	0.000589141
380	380	0.000564702
380	380	0.000604123
380	380	0.000557934
380	380	0.000583272
380	380	0.000562621
380	380	0.000585771
380	380	0.000577306
380	380	0.000590987
380	380	0.000572750
380	380	0.000611007
380	380	0.000581152
380	380	0.000576689
380	380	0.000586320
380	380	0.000553121
380	380	0.000587102
380	380	0.000565316
380	510	0.000439699
380	510	0.000435265
380	510	0.000436622
380	510	0.000442643
380	510	0.000445122
380	510	0.000441542
380	510	0.000441724
380	510	0.000444735
380	510	0.000440166
380	510	0.000445662
380	510	0.000456490
380	510	0.000442839
380	510	0.000440202
380	510	0.000443744
380	510	0.000451452
380	510	0.000440021
380	510	0.000440346
380	510	0.000439167
380	510	0.000435081
380	510	0.000437725
380	510	0.000443996
380	510	0.000457110
380	510	0.000469397
380	510	0.000464259
380	510	0.000493524
380	510	0.000492431
380	510	0.000579646
380	510	0.000634131
380	510	0.000623248
380	510	0.000671889
380	510	0.000649982
380	510	0.000560392
380	510	0.000562035
380	510	0.000591898
380	510	0.000580310
380	510	0.000598397
380	510	0.000580626
380	510	0.000611343
380	510	0.000693103
380	510	0.000710832
380	510	0.000676969
380	510	0.000707766
380	510	0.000726711
380	510	0.000717593
380	510	0.000728330
380	510	0.000730508
380	510	0.000717128
380	510	0.000595971
380	510	0.000585939
380	510	0.000558948
380	510	0.000565687
380	510	0.000678119
380	510	0.000690652
380	510	0.000722845
380	510	0.000716316
380	510	0.000744965
380	510	0.000749329
380	510	0.000724234
380	510	0.000766136
380	510	0.000726064
380	510	0.000755131
380	510	0.000740122
380	510	0.000776552
380	510	0.000773436
380	510	0.000773959
380	510	0.000749407
380	510	0.000773774
380	510	0.000777587
380	510	0.000725956
380	510	0.000774229
380	510	0.000691017
380	510	0.000702669
380	510	0.000678154
380	510	0.000687790
380	510	0.000684284
380	510	0.000676516
380	510	0.000751603
380	510	0.000768528
380	510	0.000770208
380	510	0.000721181
380	510	0.000725893
380	510	0.000798619
380	510	0.000760688
380	510	0.000755701
380	510	0.000769696
380	510	0.000725812
380	510	0.000785238
380	510	0.000748049
380	510	0.000764837
380	510	0.000782176
380	510	0.000761965
380	510	0.000785556
380	510	0.000773298
380	510	0.000757988
380	510	0.000748609
380	510	0.000737633
380	510	0.000780587
380	510	0.000769004
380	510	0.000761743
380	510	0.000760912
380	600	0.000516977
380	600	0.000508839
380	600	0.000515079
380	600	0.000524053
380	600	0.000516294
380	600	0.000510370
380	600	0.000516942
380	600	0.000509145
380	600	0.000521736
380	600	0.000520964
380	600	0.000520153
380	600	0.000509223
380	600	0.000516981
380	600	0.000517088
380	600	0.000515775
380	600	0.000517608
380	600	0.000563451
380	600	0.000548178
380	600	0.000549294
380	600	0.000535167
380	600	0.000535452
380	600	0.000521061
380	600	0.000508854
380	600	0.000509279
380	600	0.000652354
380	600	0.000658985
380	600	0.000844993
380	600	0.000840662
380	600	0.000811535
380	600	0.000855517
380	600	0.000900284
380	600	0.000886174
380	600	0.000885563
380	600	0.000884730
380	600	0.000881868
380	600	0.000879676
380	600	0.000904018
380	600	0.000907952
380	600	0.000889679
380	600	0.000906870
380	600	0.000893694
380	600	0.000898285
380	600	0.000861482
380	600	0.000858260
380	600	0.000869797
380	600	0.000893984
380	600	0.000893083
380	600	0.000917081
380	600	0.000903956
380	600	0.000897465
380	600	0.000768529
380	600	0.000774922
380	600	0.000756704
380	600	0.000767000
380	600	0.000757585
380	600	0.000752340
380	600	0.000902006
380	600	0.000900993
380	600	0.000913985
380	600	0.000907430
380	600	0.000897810
380	600	0.000879969
380	600	0.000887178
380	600	0.000866954
380	600	0.000882463
380	600	0.000879056
380	600	0.000917213
380	600	0.000885396
380	600	0.000873784
380	600	0.000847736
380	600	0.000810781
380	600	0.000799618
380	600	0.000750519
380	600	0.000761481
380	600	0.000904508
380	600	0.000903072
380	600	0.000847168
380	600	0.000847865
380	600	0.000850674
380	600	0.000857950
380	600	0.000807766
380	600	0.000712615
380	600	0.000726785
380	600	0.000712948
380	600	0.000696009
380	600	0.000697870
380	600	0.000776288
380	600	0.000850203
380	600	0.000882575
380	600	0.000879257
380	600	0.000891917
380	600	0.000849772
380	600	0.000865053
380	600	0.000893463
380	600	0.000881902
380	600	0.000859541
380	600	0.000902331
380	600	0.000887601
380	600	0.000903146
380	600	0.000843414
510	128	0.000172622
510	128	0.000171323
510	128	0.000165801
510	128	0.000171274
510	128	0.000165698
510	128	0.000165518
510	128	0.000165630
510	128	0.000165653
510	128	0.000165511
510	128	0.000165553
510	128	0.000166431
510	128	0.000166167
510	128	0.000165079
510	128	0.000165571
510	128	0.000167663
510	128	0.000165753
510	128	0.000166668
510	128	0.000176900
510	128	0.000166501
510	128	0.000165883
510	128	0.000171482
510	128	0.000171604
510	128	0.000172017
510	128	0.000181621
510	128	0.000172539
510	128	0.000172373
510	128	0.000180125
510	128	0.000172169
510	128	0.000177667
510	128	0.000184145
510	128	0.000303253
510	128	0.000221397
510	128	0.000222361
510	128	0.000218046
510	128	0.000212299
510	128	0.000218209
510	128	0.000217735
510	128	0.000208848
510	128	0.000201003
510	128	0.000201666
510	128	0.000224604
510	128	0.000243685
510	128	0.000244998
510	128	0.000246547
510	128	0.000222805
510	128	0.000221511
510	128	0.000220897
510	128	0.000223228
510	128	0.000220726
510	128	0.000222174
510	128	0.000237836
510	128	0.000250795
510	128	0.000246136
510	128	0.000268842
510	128	0.000274671
510	128	0.000272767
510	128	0.000289406
510	128	0.000289866
510	128	0.000306193
510	128	0.000313711
510	128	0.000275186
510	128	0.000289221
510	128	0.000289667
510	128	0.000309759
510	128	0.000291893
510	128	0.000299897
510	128	0.000299931
510	128	0.000300433
510	128	0.000301225
510	128	0.000272792
510	128	0.000275831
510	128	0.000291207
510	128	0.000291927
510	128	0.000318714
510	128	0.000282202
510	128	0.000289567
510	128	0.000277702
510	128	0.000288993
510	128	0.000300175
510	128	0.000290718
510	128	0.000299793
510	128	0.000289922
510	128	0.000301515
510	128	0.000285281
510	128	0.000289914
510	128	0.000272850
510	128	0.000290601
510	128	0.000307349
510	128	0.000312243
510	128	0.000291363
510	128	0.000274561
510	128	0.000290984
510	128	0.000303434
510	128	0.000290859
510	128	0.000277728
510	128	0.000292014
510	128	0.000289695
510	128	0.000303318
510	128	0.000298982
510	128	0.000282281
510	256	0.000317026
510	256	0.000316981
510	256	0.000305714
510	256	0.000306362
510	256	0.000305728
510	256	0.000306445
510	256	0.000306717
510	256	0.000312518
510	256	0.000322121
510	256	0.000315805
510	256	0.000313281
510	256	0.000317114
510	256	0.000314486
510	256	0.000305593
510	256	0.000305721
510	256	0.000307164
510	256	0.000307109
510	256	0.000316986
510	256	0.000305933
510	256	0.000317705
510	256	0.000317299
510	256	0.000306826
510	256	0.000306478
510	256	0.000306570
510	256	0.000308583
510	256	0.000307810
510	256	0.000317400
510	256	0.000312289
510	256	0.000309990
510	256	0.000305859
510	256	0.000306105
510	256	0.000305966
510	256	0.000305467
510	256	0.000372173
510	256	0.000372540
510	256	0.000375133
510	256	0.000452214
510	256	0.000473722
510	256	0.000511144
510	256	0.000530170
510	256	0.000564725
510	256	0.000553148
510	256	0.000544502
510	256	0.000539727
510	256	0.000546639
510	256	0.000534520
510	256	0.000548488
510	256	0.000536399
510	256	0.000574133
510	256	0.000512145
510	256	0.000550571
510	256	0.000522029
510	256	0.000536291
510	256	0.000548241
510	256	0.000537747
510	256	0.000550620
510	256	0.000505130
510	256	0.000529377
510	256	0.000516527
510	256	0.000475928
510	256	0.000493091
510	256	0.000484457
510	256	0.000479755
510	256	0.000529937
510	256	0.000518861
510	256	0.000477315
510	256	0.000498221
510	256	0.000504210
510	256	0.000558713
510	256	0.000554864
510	256	0.000522183
510	256	0.000523465
510	256	0.000563203
510	256	0.000543802
510	256	0.000546548
510	256	0.000518772
510	256	0.000545641
510	256	0.000544937
510	256	0.000548155
510	256	0.000535071
510	256	0.000552704
510	256	0.000514781
510	256	0.000559876
510	256	0.000541643
510	256	0.000552786
510	256	0.000534225
510	256	0.000561826
510	256	0.000522024
510	256	0.000547651
510	256	0.000521790
510	256	0.000519123
510	256	0.000526345
510	256	0.000550885
510	256	0.000520497
510	256	0.000557535
510	256	0.000528373
510	256	0.000556042
510	256	0.000517419
510	256	0.000573418
510	256	0.000548859
510	380	0.000447897
510	380	0.000448516
510	380	0.000455138
510	380	0.000445618
510	380	0.000447646
510	380	0.000440775
510	380	0.000440129
510	380	0.000440987
510	380	0.000440969
510	380	0.000441739
510	380	0.000440560
510	380	0.000447411
510	380	0.000441199
510	380	0.000440383
510	380	0.000447345
510	380	0.000459612
510	380	0.000445254
510	380	0.000455457
510	380	0.000450658
510	380	0.000462383
510	380	0.000447679
510	380	0.000451722
510	380	0.000532031
510	380	0.000544606
510	380	0.000536121
510	380	0.000571835
510	380	0.000574062
510	380	0.000560514
510	380	0.000560946
510	380	0.000635312
510	380	0.000737025
510	380	0.000770443
510	380	0.000789117
510	380	0.000779390
510	380	0.000751836
510	380	0.000764199
510	380	0.000784600
510	380	0.000789394
510	380	0.000777786
510	380	0.000736790
510	380	0.000787784
510	380	0.000785131
510	380	0.000774317
510	380	0.000753178
510	380	0.000779932
510	380	0.000786008
510	380	0.000769476
510	380	0.000752857
510	380	0.000781672
510	380	0.000780502
510	380	0.000796757
510	380	0.000772365
510	380	0.000765137
510	380	0.000766921
510	380	0.000780172
510	380	0.000775256
510	380	0.000755212
510	380	0.000764363
510	380	0.000787830
510	380	0.000787621
510	380	0.000758270
510	380	0.000781512
510	380	0.000785474
510	380	0.000765562
510	380	0.000726414
510	380	0.000780108
510	380	0.000737081
510	380	0.000747496
510	380	0.000784185
510	380	0.000792148
510	380	0.000736957
510	380	0.000659692
510	380	0.000649129
510	380	0.000657286
510	380	0.000659744
510	380	0.000646638
510	380	0.000618775
510	380	0.000661337
510	380	0.000650101
510	380	0.000704328
510	380	0.000696907
510	380	0.000761562
510	380	0.000798581
510	380	0.000775300
510	380	0.000764944
510	380	0.000776458
510	380	0.000784017
510	380	0.000782424
510	380	0.000747371
510	380	0.000783270
510	380	0.000778409
510	380	0.000771963
510	380	0.000725409
510	380	0.000789968
510	380	0.000769448
510	380	0.000774196
510	380	0.000792183
510	380	0.000795422
510	380	0.000773645
510	380	0.000771399
510	510	0.000583637
510	510	0.000595563
510	510	0.000595299
510	510	0.000583365
510	510	0.000595464
510	510	0.000593874
510	510	0.000593715
510	510	0.000589803
510	510	0.000583398
510	510	0.000590773
510	510	0.000602916
510	510	0.000584280
510	510	0.000583703
510	510	0.000596884
510	510	0.000590292
510	510	0.000593335
510	510	0.000589857
510	510	0.000590118
510	510	0.000591145
510	510	0.000587993
510	510	0.000583281
510	510	0.000583999
510	510	0.000588993
510	510	0.000638694
510	510	0.000681406
510	510	0.000770423
510	510	0.000821801
510	510	0.000826965
510	510	0.000845928
510	510	0.000822512
510	510	0.000819187
510	510	0.000793529
510	510	0.000790593
510	510	0.000787450
510	510	0.000780176
510	510	0.000743023
510	510	0.000848817
510	510	0.000921264
510	510	0.000913015
510	510	0.000923262
510	510	0.000984235
510	510	0.000965953
510	510	0.000989669
510	510	0.001031189
510	510	0.001034469
510	510	0.001021277
510	510	0.001032326
510	510	0.001022549
510	510	0.001030651
510	510	0.001023814
510	510	0.001032671
510	510	0.000970091
510	510	0.000995416
510	510	0.000964541
510	510	0.001003647
510	510	0.000978378
510	510	0.001018987
510	510	0.001014980
510	510	0.000992437
510	510	0.001041119
510	510	0.001002005
510	510	0.000982633
510	510	0.001005827
510	510	0.000994009
510	510	0.001019571
510	510	0.001014923
510	510	0.001030888
510	510	0.000983935
510	510	0.001001126
510	510	0.000993537
510	510	0.001010560
510	510	0.001016001
510	510	0.000999901
510	510	0.000979718
510	510	0.001021471
510	510	0.001021315
510	510	0.001033758
510	510	0.001049359
510	510	0.001021252
510	510	0.001050584
510	510	0.001028423
510	510	0.001040750
510	510	0.001019845
510	510	0.000990952
510	510	0.000859838
510	510	0.000725612
510	510	0.000710335
510	510	0.000723428
510	510	0.000708440
510	510	0.000637407
510	510	0.000634432
510	510	0.000679548
510	510	0.000684225
510	510	0.000868075
510	510	0.000875526
510	510	0.000873510
510	510	0.000866869
510	510	0.000831652
510	510	0.000760513
510	510	0.000722994
510	600	0.000696515
510	600	0.000691020
510	600	0.000685514
510	600	0.000692751
510	600	0.000682463
510	600	0.000687376
510	600	0.000697951
510	600	0.000682529
510	600	0.000683136
510	600	0.000700116
510	600	0.000691519
510	600	0.000683703
510	600	0.000689518
510	600	0.000707970
510	600	0.000725569
510	600	0.000716846
510	600	0.000709076
510	600	0.000756619
510	600	0.000927974
510	600	0.001131882
510	600	0.001176353
510	600	0.001220618
510	600	0.001215527
510	600	0.001205982
510	600	0.001218121
510	600	0.001201048
510	600	0.001199086
510	600	0.001192284
510	600	0.001151673
510	600	0.001154495
510	600	0.001166323
510	600	0.001132214
510	600	0.001094229
510	600	0.001165565
510	600	0.001222977
510	600	0.001143691
510	600	0.001070764
510	600	0.001124101
510	600	0.001140086
510	600	0.000921633
510	600	0.001007868
510	600	0.001077598
510	600	0.001026527
510	600	0.000978110
510	600	0.000918521
510	600	0.001142794
510	600	0.001061891
510	600	0.001027082
510	600	0.001210368
510	600	0.001133148
510	600	0.001156502
510	600	0.001195484
510	600	0.001207452
510	600	0.001199323
510	600	0.001196759
510	600	0.001185459
510	600	0.001206630
510	600	0.001207151
510	600	0.001162611
510	600	0.001191176
510	600	0.001193248
510	600	0.001186000
510	600	0.001226307
510	600	0.001196720
510	600	0.001196193
510	600	0.001198445
510	600	0.001179163
510	600	0.001198731
510	600	0.001129308
510	600	0.001148921
510	600	0.001201748
510	600	0.001156337
510	600	0.001150959
510	600	0.001203295
510	600	0.001206463
510	600	0.001214979
510	600	0.001143963
510	600	0.001183869
510	600	0.001191610
510	600	0.001174651
510	600	0.001112051
510	600	0.001138105
510	600	0.001205517
510	600	0.001175201
510	600	0.001167648
510	600	0.001206106
510	600	0.001197559
510	600	0.001203289
510	600	0.001142378
510	600	0.001115864
510	600	0.001119455
510	600	0.001151306
510	600	0.001155983
510	600	0.001141530
510	600	0.001135990
510	600	0.001144256
510	600	0.001139544
510	600	0.001142089
510	600	0.001153774
510	600	0.001154681
600	128	0.000195231
600	128	0.000194683
600	128	0.000203606
600	128	0.000194083
600	128	0.000194444
600	128	0.000195209
600	128	0.000200138
600	128	0.000194341
600	128	0.000194829
600	128	0.000194649
600	128	0.000194392
600	128	0.000195517
600	128	0.000194891
600	128	0.000194779
600	128	0.000206731
600	128	0.000201514
600	128	0.000236459
600	128	0.000236519
600	128	0.000243868
600	128	0.000257761
600	128	0.000296285
600	128	0.000297802
600	128	0.000308157
600	128	0.000348585
600	128	0.000340612
600	128	0.000353084
600	128	0.000361179
600	128	0.000340142
600	128	0.000342291
600	128	0.000347236
600	128	0.000356023
600	128	0.000341019
600	128	0.000340318
600	128	0.000360473
600	128	0.000352638
600	128	0.000327559
600	128	0.000341937
600	128	0.000354218
600	128	0.000325930
600	128	0.000352720
600	128	0.000339781
600	128	0.000350603
600	128	0.000323180
600	128	0.000322495
600	128	0.000339588
600	128	0.000356726
600	128	0.000349135
600	128	0.000322902
600	128	0.000329667
600	128	0.000353138
600	128	0.000364442
600	128	0.000321118
600	128	0.000333218
600	128	0.000341514
600	128	0.000358188
600	128	0.000365715
600	128	0.000341195
600	128	0.000351420
600	128	0.000341402
600	128	0.000322243
600	128	0.000340610
600	128	0.000347949
600	128	0.000332776
600	128	0.000332606
600	128	0.000341796
600	128	0.000352689
600	128	0.000350601
600	128	0.000340585
600	128	0.000325125
600	128	0.000342223
600	128	0.000361649
600	128	0.000351555
600	128	0.000323415
600	128	0.000340677
600	128	0.000340757
600	128	0.000351860
600	128	0.000361819
600	128	0.000339386
600	128	0.000352800
600	128	0.000351378
600	128	0.000338405
600	128	0.000340169
600	128	0.000342513
600	128	0.000356063
600	128	0.000341345
600	128	0.000339590
600	128	0.000340939
600	128	0.000364174
600	128	0.000342821
600	128	0.000340313
600	128	0.000339783
600	128	0.000382047
600	128	0.000352573
600	128	0.000331919
600	128	0.000353004
600	128	0.000349219
600	128	0.000353189
600	128	0.000332688
600	128	0.000339459
600	128	0.000342018
600	256	0.000360621
600	256	0.000359729
600	256	0.000359895
600	256	0.000372927
600	256	0.000360210
600	256	0.000372887
600	256	0.000359470
600	256	0.000360233
600	256	0.000360070
600	256	0.000361356
600	256	0.000360308
600	256	0.000360753
600	256	0.000382926
600	256	0.000360629
600	256	0.000365119
600	256	0.000380115
600	256	0.000360692
600	256	0.000368563
600	256	0.000370430
600	256	0.000371523
600	256	0.000365605
600	256	0.000377820
600	256	0.000420964
600	256	0.000425099
600	256	0.000472818
600	256	0.000489682
600	256	0.000503821
600	256	0.000504531
600	256	0.000515824
600	256	0.000559847
600	256	0.000585791
600	256	0.000628960
600	256	0.000665239
600	256	0.000601182
600	256	0.000602612
600	256	0.000650551
600	256	0.000593299
600	256	0.000687510
600	256	0.000617137
600	256	0.000572746
600	256	0.000560081
600	256	0.000652184
600	256	0.000641004
600	256	0.000645297
600	256	0.000635146
600	256	0.000641030
600	256	0.000635976
600	256	0.000614804
600	256	0.000652661
600	256	0.000645881
600	256	0.000614179
600	256	0.000612142
600	256	0.000609286
600	256	0.000682704
600	256	0.000596563
600	256	0.000621495
600	256	0.000606042
600	256	0.000614202
600	256	0.000586117
600	256	0.000558822
600	256	0.000597614
600	256	0.000592995
600	256	0.000600298
600	256	0.000591338
600	256	0.000652311
600	256	0.000626601
600	256	0.000679419
600	256	0.000619132
600	256	0.000601605
600	256	0.000626246
600	256	0.000632100
600	256	0.000637207
600	256	0.000614117
600	256	0.000625764
600	256	0.000590236
600	256	0.000563435
600	256	0.000583354
600	256	0.000561137
600	256	0.000625959
600	256	0.000636377
600	256	0.000629310
600	256	0.000664428
600	256	0.000662020
600	256	0.000620101
600	256	0.000640276
600	256	0.000628107
600	256	0.000636705
600	256	0.000641644
600	256	0.000646045
600	256	0.000641690
600	256	0.000637556
600	256	0.000640350
600	256	0.000658115
600	256	0.000608261
600	256	0.000648825
600	256	0.000644197
600	256	0.000618340
600	256	0.000652328
600	256	0.000593207
600	256	0.000658587
600	380	0.000519156
600	380	0.000526091
600	380	0.000529504
600	380	0.000525341
600	380	0.000519011
600	380	0.000517933
600	380	0.000518163
600	380	0.000530958
600	380	0.000525113
600	380	0.000530137
600	380	0.000529523
600	380	0.000524109
600	380	0.000518401
600	380	0.000518702
600	380	0.000523557
600	380	0.000531112
600	380	0.000524880
600	380	0.000530116
600	380	0.000517755
600	380	0.000518591
600	380	0.000518779
600	380	0.000524051
600	380	0.000525092
600	380	0.000527068
600	380	0.000544700
600	380	0.000584641
600	380	0.000604107
600	380	0.000614955
600	380	0.000620975
600	380	0.000614147
600	380	0.000636216
600	380	0.000638286
600	380	0.000660691
600	380	0.000668175
600	380	0.000808143
600	380	0.000819681
600	380	0.000644646
600	380	0.000649083
600	380	0.000763395
600	380	0.000774603
600	380	0.000816791
600	380	0.000846447
600	380	0.000913328
600	380	0.000850926
600	380	0.000822494
600	380	0.000812271
600	380	0.000809968
600	380	0.000679384
600	380	0.000667400
600	380	0.000665369
600	380	0.000668126
600	380	0.000865612
600	380	0.000796842
600	380	0.000772536
600	380	0.000845831
600	380	0.000948263
600	380	0.000859103
600	380	0.000956396
600	380	0.000859270
600	380	0.000856537
600	380	0.000909914
600	380	0.000921694
600	380	0.000922925
600	380	0.000918060
600	380	0.000899191
600	380	0.000900217
600	380	0.000879950
600	380	0.000867056
600	380	0.000899397
600	380	0.000943106
600	380	0.000920077
600	380	0.000919075
600	380	0.000906301
600	380	0.000934395
600	380	0.000913696
600	380	0.000927574
600	380	0.000897359
600	380	0.000899270
600	380	0.000855561
600	380	0.000911306
600	380	0.000896130
600	380	0.000909630
600	380	0.000922201
600	380	0.000856902
600	380	0.000882933
600	380	0.000893887
600	380	0.000907158
600	380	0.000919732
600	380	0.000890641
600	380	0.000861879
600	380	0.000806385
600	380	0.000826936
600	380	0.000817230
600	380	0.000828455
600	380	0.000864122
600	380	0.000853628
600	380	0.000875465
600	380	0.000699144
600	380	0.000690876
600	380	0.000705181
600	510	0.000688187
600	510	0.000698156
600	510	0.000687459
600	510	0.000690668
600	510	0.000695509
600	510	0.000693963
600	510	0.000690022
600	510	0.000694080
600	510	0.000686192
600	510	0.000793032
600	510	0.000693203
600	510	0.000686536
600	510	0.000699687
600	510	0.000692675
600	510	0.000687838
600	510	0.000705749
600	510	0.000692207
600	510	0.000686608
600	510	0.000699488
600	510	0.000692521
600	510	0.000694044
600	510	0.000698396
600	510	0.000694174
600	510	0.000686234
600	510	0.000709525
600	510	0.000694150
600	510	0.000772381
600	510	0.000778430
600	510	0.000775579
600	510	0.000774836
600	510	0.000782920
600	510	0.000777008
600	510	0.000967745
600	510	0.000955190
600	510	0.000918216
600	510	0.000852029
600	510	0.000863778
600	510	0.001082596
600	510	0.001039465
600	510	0.001026690
600	510	0.000927624
600	510	0.000923067
600	510	0.000990529
600	510	0.000995106
600	510	0.001022135
600	510	0.001025156
600	510	0.001075555
600	510	0.001140872
600	510	0.001140851
600	510	0.000969420
600	510	0.000979176
600	510	0.001026325
600	510	0.000967567
600	510	0.000886285
600	510	0.000894192
600	510	0.000882765
600	510	0.000836270
600	510	0.000853275
600	510	0.000701138
600	510	0.000690181
600	510	0.000708657
600	510	0.000691543
600	510	0.000686204
600	510	0.000694656
600	510	0.000691742
600	510	0.000687374
600	510	0.000705671
600	510	0.000692145
600	510	0.000686413
600	510	0.000702275
600	510	0.000692590
600	510	0.000686662
600	510	0.000719214
600	510	0.000718000
600	510	0.000750982
600	510	0.000758988
600	510	0.000742829
600	510	0.000746803
600	510	0.000719495
600	510	0.000723762
600	510	0.000699353
600	510	0.000687863
600	510	0.000689850
600	510	0.000691256
600	510	0.000705891
600	510	0.000686876
600	510	0.000694212
600	510	0.000712032
600	510	0.000688292
600	510	0.000693960
600	510	0.000713783
600	510	0.000686863
600	510	0.000692638
600	510	0.000709412
600	510	0.000692014
600	510	0.000698295
600	510	0.000707126
600	510	0.000692082
600	510	0.000691183
600	510	0.000709002
600	600	0.000810374
600	600	0.000816343
600	600	0.000820773
600	600	0.000808520
600	600	0.000815831
600	600	0.000818896
600	600	0.000811809
600	600	0.000805440
600	600	0.000815552
600	600	0.000821062
600	600	0.000810985
600	600	0.000821252
600	600	0.000809640
600	600	0.000814208
600	600	0.000805563
600	600	0.000825738
600	600	0.000864784
600	600	0.000818279
600	600	0.000809571
600	600	0.001079863
600	600	0.001094232
600	600	0.001376921
600	600	0.001190340
600	600	0.001310478
600	600	0.001333394
600	600	0.001265496
600	600	0.001142628
600	600	0.001238327
600	600	0.001265606
600	600	0.001275669
600	600	0.001082499
600	600	0.001197838
600	600	0.001355363
600	600	0.001403881
600	600	0.001418713
600	600	0.001394185
600	600	0.001385784
600	600	0.001403441
600	600	0.001420095
600	600	0.001328945
600	600	0.001383376
600	600	0.001346809
600	600	0.001359009
600	600	0.001339505
600	600	0.001389969
600	600	0.001355182
600	600	0.001442288
600	600	0.001256422
600	600	0.001121142
600	600	0.001077903
600	600	0.001081393
600	600	0.001100587
600	600	0.001135756
600	600	0.001201986
600	600	0.001131123
600	600	0.001079368
600	600	0.001084930
600	600	0.000933837
600	600	0.000870585
600	600	0.001137253
600	600	0.001156001
600	600	0.001090337
600	600	0.000982367
600	600	0.000988648
600	600	0.001001523
600	600	0.001040427
600	600	0.001091175
600	600	0.001080632
600	600	0.001058158
600	600	0.001040711
600	600	0.000939612
600	600	0.000958108
600	600	0.000953256
600	600	0.001034005
600	600	0.001148214
600	600	0.001078322
600	600	0.001301230
600	600	0.001338457
600	600	0.001346349
600	600	0.001352227
600	600	0.001287725
600	600	0.001337943
600	600	0.001319786
600	600	0.001342080
600	600	0.001330477
600	600	0.001395310
600	600	0.001195415
600	600	0.001253144
600	600	0.001340036
600	600	0.001330812
600	600	0.001331483
600	600	0.001390383
600	600	0.001341644
600	600	0.001387517
600	600	0.001332190
600	600	0.001330876
600	600	0.001416345
600	600	0.001244102
600	600	0.001208815
600	600	0.001159735
