120	128	0.000180215
120	128	0.000172053
120	128	0.000172252
120	128	0.000173374
120	128	0.000182404
120	128	0.000173568
120	128	0.000171754
120	128	0.000177417
120	128	0.000172638
120	128	0.000177859
120	128	0.000173016
120	128	0.000173319
120	128	0.000173059
120	128	0.000178845
120	128	0.000173438
120	128	0.000172477
120	128	0.000183537
120	128	0.000171720
120	128	0.000171796
120	128	0.000179593
120	128	0.000178217
120	128	0.000171903
120	128	0.000181890
120	128	0.000178713
120	128	0.000180843
120	128	0.000179202
120	128	0.000189988
120	128	0.000186775
120	128	0.000186108
120	128	0.000189933
120	128	0.000184757
120	128	0.000217509
120	128	0.000216653
120	128	0.000209359
120	128	0.000223730
120	128	0.000237116
120	128	0.000229302
120	128	0.000229422
120	128	0.000242149
120	128	0.000242782
120	128	0.000241131
120	128	0.000240673
120	128	0.000240758
120	128	0.000249046
120	128	0.000253985
120	128	0.000262234
120	128	0.000252941
120	128	0.000265808
120	128	0.000278375
120	128	0.000269550
120	128	0.000284292
120	128	0.000284451
120	128	0.000322027
120	128	0.000311028
120	128	0.000283706
120	128	0.000292979
120	128	0.000299859
120	128	0.000301831
120	128	0.000315028
120	128	0.000295268
120	128	0.000301894
120	128	0.000300342
120	128	0.000301231
120	128	0.000311319
120	128	0.000303385
120	128	0.000314113
120	128	0.000311512
120	128	0.000285822
120	128	0.000303730
120	128	0.000302339
120	128	0.000300528
120	128	0.000312518
120	128	0.000293663
120	128	0.000300978
120	128	0.000302333
120	128	0.000302175
120	128	0.000302798
120	128	0.000317204
120	128	0.000285470
120	128	0.000293548
120	128	0.000301265
120	128	0.000311695
120	128	0.000325967
120	128	0.000310366
120	128	0.000291610
120	128	0.000311493
120	128	0.000284805
120	128	0.000309495
120	128	0.000299274
120	128	0.000305135
120	128	0.000301452
120	128	0.000320916
120	128	0.000314552
120	128	0.000289704
120	128	0.000300610
120	128	0.000311378
120	128	0.000302097
120	128	0.000323670
120	128	0.000315124
120	128	0.000303997
120	256	0.000323529
120	256	0.000319826
120	256	0.000327172
120	256	0.000315535
120	256	0.000327058
120	256	0.000317805
120	256	0.000317372
120	256	0.000316153
120	256	0.000331206
120	256	0.000321529
120	256	0.000315564
120	256	0.000317158
120	256	0.000331875
120	256	0.000330183
120	256	0.000330799
120	256	0.000327004
120	256	0.000316958
120	256	0.000354164
120	256	0.000353312
120	256	0.000358370
120	256	0.000374375
120	256	0.000451054
120	256	0.000441155
120	256	0.000523807
120	256	0.000539106
120	256	0.000552780
120	256	0.000569509
120	256	0.000604610
120	256	0.000563941
120	256	0.000567011
120	256	0.000559739
120	256	0.000562493
120	256	0.000572422
120	256	0.000573743
120	256	0.000548924
120	256	0.000574427
120	256	0.000542438
120	256	0.000562914
120	256	0.000570301
120	256	0.000566591
120	256	0.000565614
120	256	0.000545137
120	256	0.000542906
120	256	0.000529661
120	256	0.000580541
120	256	0.000529035
120	256	0.000553072
120	256	0.000573166
120	256	0.000558254
120	256	0.000574680
120	256	0.000524198
120	256	0.000559372
120	256	0.000583022
120	256	0.000517610
120	256	0.000563526
120	256	0.000538973
120	256	0.000548748
120	256	0.000567892
120	256	0.000560733
120	256	0.000583399
120	256	0.000560961
120	256	0.000547152
120	256	0.000534913
120	256	0.000528278
120	256	0.000551893
120	256	0.000567597
120	256	0.000545222
120	256	0.000576553
120	256	0.000553378
120	256	0.000562979
120	256	0.000569794
120	256	0.000602337
120	256	0.000563901
120	256	0.000547738
120	256	0.000628189
120	256	0.000551616
120	256	0.000562928
120	256	0.000572176
120	256	0.000577267
120	256	0.000528082
120	256	0.000565025
120	256	0.000551098
120	256	0.000576112
120	256	0.000551221
120	256	0.000557248
120	256	0.000569779
120	256	0.000519017
120	256	0.000565261
120	256	0.000525590
120	256	0.000555542
120	256	0.000577020
120	256	0.000546661
120	256	0.000563283
120	256	0.000572264
120	256	0.000565672
120	256	0.000528577
120	256	0.000567872
120	256	0.000571806
120	256	0.000564426
120	256	0.000551761
120	380	0.000460017
120	380	0.000452460
120	380	0.000453676
120	380	0.000451845
120	380	0.000451307
120	380	0.000452010
120	380	0.000452161
120	380	0.000452365
120	380	0.000450799
120	380	0.000451018
120	380	0.000459674
120	380	0.000450736
120	380	0.000451791
120	380	0.000451037
120	380	0.000460455
120	380	0.000452160
120	380	0.000459512
120	380	0.000451149
120	380	0.000451779
120	380	0.000549279
120	380	0.000575748
120	380	0.000590093
120	380	0.000714699
120	380	0.000788306
120	380	0.000779970
120	380	0.000783714
120	380	0.000801698
120	380	0.000780082
120	380	0.000790830
120	380	0.000784300
120	380	0.000780564
120	380	0.000803727
120	380	0.000789714
120	380	0.000774185
120	380	0.000771923
120	380	0.000759958
120	380	0.000753512
120	380	0.000793253
120	380	0.000804309
120	380	0.000802978
120	380	0.000773005
120	380	0.000759385
120	380	0.000788953
120	380	0.000768751
120	380	0.000809215
120	380	0.000811921
120	380	0.000786757
120	380	0.000808576
120	380	0.000833921
120	380	0.000775821
120	380	0.000791690
120	380	0.000797936
120	380	0.000786667
120	380	0.000803650
120	380	0.000786982
120	380	0.000793372
120	380	0.000810779
120	380	0.000809345
120	380	0.000793756
120	380	0.000806388
120	380	0.000810130
120	380	0.000795018
120	380	0.000791786
120	380	0.000795882
120	380	0.000800876
120	380	0.000751951
120	380	0.000801293
120	380	0.000743978
120	380	0.000810111
120	380	0.000787453
120	380	0.000863648
120	380	0.000807341
120	380	0.000747256
120	380	0.000803091
120	380	0.000806893
120	380	0.000798254
120	380	0.000790851
120	380	0.000803355
120	380	0.000800414
120	380	0.000762259
120	380	0.000822260
120	380	0.000791979
120	380	0.000756996
120	380	0.000750954
120	380	0.000776912
120	380	0.000802632
120	380	0.000845893
120	380	0.000804242
120	380	0.000788653
120	380	0.000788998
120	380	0.000804104
120	380	0.000800888
120	380	0.000783661
120	380	0.000801403
120	380	0.000785742
120	380	0.000791577
120	380	0.000781503
120	380	0.000805749
120	380	0.000779609
120	380	0.000809121
120	510	0.000604792
120	510	0.000606961
120	510	0.000605482
120	510	0.000606525
120	510	0.000598654
120	510	0.000604651
120	510	0.000604635
120	510	0.000613969
120	510	0.000605452
120	510	0.000604904
120	510	0.000597509
120	510	0.000598080
120	510	0.000604533
120	510	0.000609692
120	510	0.000609124
120	510	0.000688834
120	510	0.000773535
120	510	0.000788715
120	510	0.000930790
120	510	0.001065535
120	510	0.001030433
120	510	0.001052254
120	510	0.001056242
120	510	0.001070668
120	510	0.000995166
120	510	0.001072001
120	510	0.001052822
120	510	0.001035704
120	510	0.001066578
120	510	0.001071030
120	510	0.001042614
120	510	0.001065742
120	510	0.001056350
120	510	0.001057207
120	510	0.001044336
120	510	0.001048473
120	510	0.001060423
120	510	0.001063698
120	510	0.001059456
120	510	0.001067186
120	510	0.001039182
120	510	0.001018865
120	510	0.001053620
120	510	0.001034279
120	510	0.000990730
120	510	0.000994617
120	510	0.001044426
120	510	0.001052733
120	510	0.001044537
120	510	0.001034783
120	510	0.001062581
120	510	0.001063367
120	510	0.001078646
120	510	0.001062234
120	510	0.001048438
120	510	0.001033652
120	510	0.001055320
120	510	0.001040248
120	510	0.001053087
120	510	0.001069207
120	510	0.001013128
120	510	0.000993558
120	510	0.001058123
120	510	0.001043361
120	510	0.001060096
120	510	0.001078505
120	510	0.001056004
120	510	0.001053509
120	510	0.001053704
120	510	0.001028727
120	510	0.001000725
120	510	0.001035797
120	510	0.001012587
120	510	0.000998821
120	510	0.001032650
120	510	0.001048204
120	510	0.001059035
120	510	0.001040976
120	510	0.001054906
120	510	0.001034769
120	510	0.001025894
120	510	0.001040983
120	510	0.001036715
120	510	0.001041336
120	510	0.001053104
120	510	0.001054001
120	510	0.001056497
120	510	0.001058566
120	510	0.001074252
120	510	0.001032635
120	510	0.001015650
120	510	0.001039156
120	510	0.000996300
120	510	0.001054669
120	510	0.001047172
120	510	0.001043613
120	510	0.001047725
120	510	0.001066045
120	510	0.001054865
120	510	0.001049852
120	600	0.000707856
120	600	0.000699899
120	600	0.000708947
120	600	0.000709547
120	600	0.000700328
120	600	0.000708421
120	600	0.000720765
120	600	0.000720086
120	600	0.000731412
120	600	0.000815015
120	600	0.000906850
120	600	0.001034000
120	600	0.001170816
120	600	0.001241138
120	600	0.001239135
120	600	0.001262616
120	600	0.001222099
120	600	0.001184820
120	600	0.001163295
120	600	0.001230814
120	600	0.001161581
120	600	0.001050785
120	600	0.001084907
120	600	0.001104287
120	600	0.001173897
120	600	0.001153719
120	600	0.000910875
120	600	0.000940762
120	600	0.000917864
120	600	0.000921713
120	600	0.000902172
120	600	0.000970763
120	600	0.001038028
120	600	0.000977246
120	600	0.000948348
120	600	0.000941395
120	600	0.000953436
120	600	0.000947206
120	600	0.000986226
120	600	0.001044747
120	600	0.001164797
120	600	0.001168449
120	600	0.001171073
120	600	0.001162284
120	600	0.001170340
120	600	0.001160423
120	600	0.001111111
120	600	0.001140277
120	600	0.001161600
120	600	0.001174552
120	600	0.001143717
120	600	0.001106091
120	600	0.001104928
120	600	0.001141201
120	600	0.001211958
120	600	0.001223769
120	600	0.001234980
120	600	0.001232388
120	600	0.001222280
120	600	0.001170242
120	600	0.001220869
120	600	0.001194784
120	600	0.001163971
120	600	0.001227697
120	600	0.001208384
120	600	0.001238144
120	600	0.001228450
120	600	0.001245838
120	600	0.001199216
120	600	0.001176075
120	600	0.001176522
120	600	0.001212125
120	600	0.001223543
120	600	0.001183679
120	600	0.001186128
120	600	0.001189320
120	600	0.001203064
120	600	0.001181849
120	600	0.001217201
120	600	0.001231391
120	600	0.001224400
120	600	0.001236820
120	600	0.001291300
120	600	0.001243759
120	600	0.001237070
120	600	0.001215704
120	600	0.001249216
120	600	0.001251014
120	600	0.001230437
120	600	0.001242547
120	600	0.001177353
120	600	0.001156280
120	600	0.001216858
120	600	0.001166398
120	600	0.001158302
120	600	0.001237559
120	600	0.001159376
120	600	0.001236696
120	600	0.001230386
120	600	0.001160485
250	128	0.000355657
250	128	0.000356395
250	128	0.000356844
250	128	0.000355452
250	128	0.000354518
250	128	0.000358171
250	128	0.000354660
250	128	0.000362287
250	128	0.000367301
250	128	0.000380420
250	128	0.000355925
250	128	0.000355757
250	128	0.000356790
250	128	0.000355920
250	128	0.000370911
250	128	0.000370908
250	128	0.000354940
250	128	0.000356379
250	128	0.000357270
250	128	0.000356197
250	128	0.000377176
250	128	0.000366851
250	128	0.000362744
250	128	0.000370681
250	128	0.000355551
250	128	0.000370277
250	128	0.000357303
250	128	0.000354551
250	128	0.000366861
250	128	0.000378320
250	128	0.000388770
250	128	0.000406605
250	128	0.000411239
250	128	0.000463603
250	128	0.000399467
250	128	0.000394810
250	128	0.000396347
250	128	0.000411398
250	128	0.000364135
250	128	0.000354394
250	128	0.000358000
250	128	0.000400791
250	128	0.000402113
250	128	0.000413799
250	128	0.000433251
250	128	0.000452501
250	128	0.000471723
250	128	0.000576232
250	128	0.000570395
250	128	0.000492139
250	128	0.000472999
250	128	0.000474095
250	128	0.000500029
250	128	0.000530954
250	128	0.000543882
250	128	0.000524249
250	128	0.000547712
250	128	0.000585205
250	128	0.000554001
250	128	0.000570483
250	128	0.000549858
250	128	0.000552658
250	128	0.000565877
250	128	0.000507156
250	128	0.000472719
250	128	0.000474052
250	128	0.000474004
250	128	0.000474827
250	128	0.000556434
250	128	0.000498030
250	128	0.000497873
250	128	0.000603704
250	128	0.000585758
250	128	0.000633981
250	128	0.000624090
250	128	0.000639259
250	128	0.000630768
250	128	0.000635299
250	128	0.000620779
250	128	0.000633066
250	128	0.000631005
250	128	0.000651683
250	128	0.000606305
250	128	0.000632101
250	128	0.000621644
250	128	0.000649581
250	128	0.000626908
250	128	0.000645335
250	128	0.000621047
250	128	0.000635779
250	128	0.000652117
250	128	0.000627906
250	128	0.000615411
250	128	0.000670921
250	128	0.000651914
250	128	0.000594543
250	128	0.000602671
250	128	0.000608819
250	128	0.000630561
250	128	0.000622471
250	256	0.000664592
250	256	0.000659539
250	256	0.000681018
250	256	0.000683730
250	256	0.000661961
250	256	0.000684194
250	256	0.000653772
250	256	0.000666941
250	256	0.000702491
250	256	0.000687716
250	256	0.000884857
250	256	0.000883386
250	256	0.001106209
250	256	0.001141337
250	256	0.001203607
250	256	0.001188430
250	256	0.001181461
250	256	0.001152771
250	256	0.001132163
250	256	0.001119491
250	256	0.001140920
250	256	0.001084922
250	256	0.001169763
250	256	0.001123461
250	256	0.001124825
250	256	0.001142489
250	256	0.001138501
250	256	0.001133579
250	256	0.001195030
250	256	0.001131366
250	256	0.001094021
250	256	0.001140823
250	256	0.001204655
250	256	0.001157909
250	256	0.001168796
250	256	0.001153781
250	256	0.001201031
250	256	0.001158802
250	256	0.001152816
250	256	0.001123523
250	256	0.001153229
250	256	0.001092430
250	256	0.001133161
250	256	0.001132679
250	256	0.001097605
250	256	0.001119124
250	256	0.001182687
250	256	0.001109992
250	256	0.001092961
250	256	0.001181472
250	256	0.001184170
250	256	0.001185896
250	256	0.001166817
250	256	0.001253323
250	256	0.001181069
250	256	0.001124872
250	256	0.001132470
250	256	0.001129540
250	256	0.001141512
250	256	0.001173917
250	256	0.001166961
250	256	0.001098372
250	256	0.001190305
250	256	0.001166898
250	256	0.001137683
250	256	0.001090452
250	256	0.001113494
250	256	0.001130781
250	256	0.001140668
250	256	0.001133502
250	256	0.001090720
250	256	0.001124565
250	256	0.001079000
250	256	0.001090021
250	256	0.001154095
250	256	0.001054553
250	256	0.000997616
250	256	0.000975621
250	256	0.000980112
250	256	0.001162965
250	256	0.001148601
250	256	0.001173392
250	256	0.001093559
250	256	0.001115737
250	256	0.001174076
250	256	0.001113837
250	256	0.001122583
250	256	0.001176259
250	256	0.001142979
250	256	0.001132506
250	256	0.001152462
250	256	0.001142625
250	256	0.001131628
250	256	0.001158013
250	256	0.001148851
250	256	0.001099788
250	256	0.001090718
250	256	0.001088415
250	256	0.001223512
250	256	0.001130134
250	380	0.000960963
250	380	0.000952148
250	380	0.000940589
250	380	0.000948107
250	380	0.000944922
250	380	0.000945192
250	380	0.000947197
250	380	0.000965022
250	380	0.000945860
250	380	0.000963424
250	380	0.000959691
250	380	0.000945762
250	380	0.000948015
250	380	0.000949156
250	380	0.000947259
250	380	0.000945837
250	380	0.000974535
250	380	0.000945237
250	380	0.000949154
250	380	0.000948686
250	380	0.000948931
250	380	0.000954648
250	380	0.000939437
250	380	0.000990004
250	380	0.001018537
250	380	0.001025052
250	380	0.001029758
250	380	0.001319738
250	380	0.001391763
250	380	0.001566080
250	380	0.001557483
250	380	0.001635732
250	380	0.001418541
250	380	0.001479794
250	380	0.001475442
250	380	0.001207475
250	380	0.001327300
250	380	0.001300631
250	380	0.001225099
250	380	0.001193171
250	380	0.001149776
250	380	0.001149676
250	380	0.001165772
250	380	0.001168938
250	380	0.001185227
250	380	0.001216806
250	380	0.001150969
250	380	0.001262287
250	380	0.001389412
250	380	0.001408262
250	380	0.001231516
250	380	0.001148421
250	380	0.001152061
250	380	0.001107174
250	380	0.001063645
250	380	0.001326678
250	380	0.001365828
250	380	0.001266074
250	380	0.001227502
250	380	0.001218246
250	380	0.001206239
250	380	0.001269869
250	380	0.001359294
250	380	0.001324664
250	380	0.001174939
250	380	0.001163673
250	380	0.001160096
250	380	0.001181922
250	380	0.001205565
250	380	0.001333901
250	380	0.001196181
250	380	0.001017240
250	380	0.001015417
250	380	0.001028976
250	380	0.001104040
250	380	0.001110951
250	380	0.001058814
250	380	0.001069222
250	380	0.001028891
250	380	0.001023904
250	380	0.000953054
250	380	0.000951391
250	380	0.000959173
250	380	0.000967660
250	380	0.000944037
250	380	0.000958668
250	380	0.000945544
250	380	0.000962310
250	380	0.000955707
250	380	0.000962212
250	380	0.000945956
250	380	0.000941001
250	380	0.001066857
250	380	0.001040673
250	380	0.001019822
250	380	0.001004218
250	380	0.000981397
250	380	0.000998543
250	380	0.000984835
250	380	0.001257440
250	510	0.001252249
250	510	0.001263729
250	510	0.001261172
250	510	0.001251178
250	510	0.001248007
250	510	0.001258678
250	510	0.001264991
250	510	0.001293492
250	510	0.001359044
250	510	0.001599332
250	510	0.001622344
250	510	0.001521421
250	510	0.001982440
250	510	0.002174958
250	510	0.002093413
250	510	0.001868331
250	510	0.002040506
250	510	0.001858561
250	510	0.001397273
250	510	0.001650799
250	510	0.001805214
250	510	0.001845683
250	510	0.001885667
250	510	0.001768550
250	510	0.001963153
250	510	0.001678347
250	510	0.001848531
250	510	0.001716027
250	510	0.001750102
250	510	0.001702898
250	510	0.001406748
250	510	0.001529267
250	510	0.001406919
250	510	0.001354034
250	510	0.001307462
250	510	0.001329392
250	510	0.001401053
250	510	0.001398552
250	510	0.001335578
250	510	0.001293687
250	510	0.001249345
250	510	0.001259769
250	510	0.001301314
250	510	0.001404937
250	510	0.001388108
250	510	0.001326023
250	510	0.001261910
250	510	0.001268469
250	510	0.001251691
250	510	0.001282634
250	510	0.001253813
250	510	0.001284602
250	510	0.001289406
250	510	0.001256734
250	510	0.001251557
250	510	0.001252686
250	510	0.001388029
250	510	0.001380480
250	510	0.001344403
250	510	0.001296385
250	510	0.001321641
250	510	0.001344289
250	510	0.001397398
250	510	0.001325926
250	510	0.001261470
250	510	0.001266907
250	510	0.001252462
250	510	0.001260327
250	510	0.001271259
250	510	0.001292678
250	510	0.001313366
250	510	0.001266365
250	510	0.001279765
250	510	0.001251694
250	510	0.001254834
250	510	0.001256789
250	510	0.001250887
250	510	0.001264539
250	510	0.001343328
250	510	0.001456755
250	510	0.001538242
250	510	0.001527362
250	510	0.001397315
250	510	0.001531051
250	510	0.001829282
250	510	0.002069455
250	510	0.002031987
250	510	0.001994809
250	510	0.002089482
250	510	0.002268439
250	510	0.002110446
250	510	0.002134934
250	510	0.002189233
250	510	0.002138655
250	510	0.001897456
250	510	0.001918220
250	510	0.001951910
250	510	0.001926945
250	510	0.001896766
250	510	0.001951999
250	600	0.001463044
250	600	0.001473700
250	600	0.001470878
250	600	0.001476811
250	600	0.001489888
250	600	0.001482449
250	600	0.001486209
250	600	0.001469921
250	600	0.001464755
250	600	0.001483464
250	600	0.001468220
250	600	0.001496670
250	600	0.001461713
250	600	0.001461483
250	600	0.001472501
250	600	0.001495732
250	600	0.001479439
250	600	0.001474967
250	600	0.001471623
250	600	0.001482200
250	600	0.001467262
250	600	0.001486119
250	600	0.001526740
250	600	0.001705363
250	600	0.001647609
250	600	0.001778283
250	600	0.002101829
250	600	0.002411300
250	600	0.002068853
250	600	0.002459415
250	600	0.001976027
250	600	0.002465267
250	600	0.002051096
250	600	0.001516823
250	600	0.001472653
250	600	0.001480116
250	600	0.001468114
250	600	0.001491037
250	600	0.001469049
250	600	0.001490675
250	600	0.001491650
250	600	0.001485313
250	600	0.001468175
250	600	0.001540370
250	600	0.001483994
250	600	0.001461106
250	600	0.001477221
250	600	0.001470760
250	600	0.001485210
250	600	0.001463872
250	600	0.001486519
250	600	0.001464984
250	600	0.001467089
250	600	0.001469341
250	600	0.001527244
250	600	0.001702470
250	600	0.001658492
250	600	0.001863816
250	600	0.001618987
250	600	0.001530382
250	600	0.001598918
250	600	0.001769471
250	600	0.001656734
250	600	0.001648263
250	600	0.001945376
250	600	0.002426895
250	600	0.002489058
250	600	0.002436160
250	600	0.002442210
250	600	0.002299535
250	600	0.002467597
250	600	0.002344581
250	600	0.002470360
250	600	0.002466066
250	600	0.002399194
250	600	0.002500572
250	600	0.002499586
250	600	0.002664580
250	600	0.002531026
250	600	0.002440873
250	600	0.002221964
250	600	0.001745369
250	600	0.001981519
250	600	0.001875413
250	600	0.001980246
250	600	0.001799270
250	600	0.001476921
250	600	0.001526292
250	600	0.001488752
250	600	0.001491191
250	600	0.001462291
250	600	0.001473783
250	600	0.001500995
250	600	0.001463033
250	600	0.001470335
250	600	0.001465333
250	600	0.001494686
250	600	0.001491608
250	600	0.001464105
250	600	0.001504132
380	128	0.000562824
380	128	0.000543527
380	128	0.000548234
380	128	0.000554219
380	128	0.000569171
380	128	0.000549024
380	128	0.000547409
380	128	0.000538478
380	128	0.000539937
380	128	0.000536796
380	128	0.000544371
380	128	0.000567364
380	128	0.000554442
380	128	0.000559474
380	128	0.000565636
380	128	0.000543862
380	128	0.000536347
380	128	0.000537762
380	128	0.000539002
380	128	0.000545751
380	128	0.000567312
380	128	0.000570566
380	128	0.000545930
380	128	0.000548750
380	128	0.000554290
380	128	0.000538222
380	128	0.000562726
380	128	0.000563163
380	128	0.000585385
380	128	0.000546118
380	128	0.000581143
380	128	0.000614611
380	128	0.000606194
380	128	0.000670764
380	128	0.000664373
380	128	0.000639371
380	128	0.000631794
380	128	0.000652630
380	128	0.000592480
380	128	0.000608736
380	128	0.000697465
380	128	0.000685380
380	128	0.000719179
380	128	0.000894792
380	128	0.000856130
380	128	0.000794651
380	128	0.000748479
380	128	0.000717637
380	128	0.000736391
380	128	0.000665000
380	128	0.000652952
380	128	0.000762444
380	128	0.000795605
380	128	0.000806029
380	128	0.000837826
380	128	0.000766255
380	128	0.000752715
380	128	0.000852798
380	128	0.000893226
380	128	0.000931198
380	128	0.000892611
380	128	0.000943148
380	128	0.001008612
380	128	0.000961790
380	128	0.000958492
380	128	0.000957090
380	128	0.000968275
380	128	0.000936385
380	128	0.000919055
380	128	0.000974075
380	128	0.000925226
380	128	0.000936928
380	128	0.000979272
380	128	0.000953819
380	128	0.000981248
380	128	0.000945939
380	128	0.000952072
380	128	0.000924217
380	128	0.000984531
380	128	0.000980076
380	128	0.000954242
380	128	0.000983782
380	128	0.000945525
380	128	0.000939516
380	128	0.000901758
380	128	0.000982940
380	128	0.000953494
380	128	0.000968718
380	128	0.000937799
380	128	0.000930823
380	128	0.000923933
380	128	0.000988470
380	128	0.000958936
380	128	0.000968701
380	128	0.000927745
380	128	0.000886586
380	128	0.000928668
380	128	0.000987560
380	128	0.000977553
380	128	0.000960692
380	256	0.001032426
380	256	0.000999622
380	256	0.001010047
380	256	0.001034321
380	256	0.001001079
380	256	0.001033998
380	256	0.000999035
380	256	0.001050105
380	256	0.001041758
380	256	0.001021235
380	256	0.001036268
380	256	0.001000605
380	256	0.001022444
380	256	0.001001980
380	256	0.000999214
380	256	0.001162983
380	256	0.001119704
380	256	0.001079067
380	256	0.001123232
380	256	0.001327719
380	256	0.001029889
380	256	0.001055858
380	256	0.001073370
380	256	0.001115363
380	256	0.001148841
380	256	0.001130917
380	256	0.001125175
380	256	0.001222953
380	256	0.001259034
380	256	0.001483619
380	256	0.001269753
380	256	0.001415661
380	256	0.001654505
380	256	0.001645801
380	256	0.001823858
380	256	0.001478648
380	256	0.001552727
380	256	0.001608044
380	256	0.001504137
380	256	0.001422777
380	256	0.001608159
380	256	0.001513191
380	256	0.001429639
380	256	0.001411512
380	256	0.001136653
380	256	0.001116083
380	256	0.001167759
380	256	0.001166996
380	256	0.001352423
380	256	0.001646302
380	256	0.001464265
380	256	0.001469733
380	256	0.001556609
380	256	0.001545813
380	256	0.001737089
380	256	0.001697444
380	256	0.001706643
380	256	0.001768786
380	256	0.001669534
380	256	0.001787584
380	256	0.001642892
380	256	0.001803827
380	256	0.001707025
380	256	0.001721217
380	256	0.001641307
380	256	0.001715750
380	256	0.001713067
380	256	0.001840670
380	256	0.001758204
380	256	0.001768293
380	256	0.001688525
380	256	0.001673710
380	256	0.001723693
380	256	0.001459211
380	256	0.001666325
380	256	0.001451935
380	256	0.001353349
380	256	0.001421337
380	256	0.001550985
380	256	0.001426661
380	256	0.001394166
380	256	0.001387849
380	256	0.001100513
380	256	0.001053496
380	256	0.001398999
380	256	0.001298470
380	256	0.001218532
380	256	0.001278932
380	256	0.001272094
380	256	0.001297840
380	256	0.001356185
380	256	0.001170359
380	256	0.001121209
380	256	0.001074827
380	256	0.001099786
380	256	0.001485231
380	256	0.001307520
380	256	0.001340535
380	256	0.001681289
380	256	0.001546884
380	380	0.001433094
380	380	0.001441336
380	380	0.001448546
380	380	0.001432878
380	380	0.001446249
380	380	0.001456208
380	380	0.001458874
380	380	0.001435211
380	380	0.001447351
380	380	0.001442599
380	380	0.001547364
380	380	0.001840519
380	380	0.002283777
380	380	0.001997242
380	380	0.002169150
380	380	0.002003489
380	380	0.002046773
380	380	0.002400113
380	380	0.001932875
380	380	0.002139446
380	380	0.001973822
380	380	0.002316348
380	380	0.002577558
380	380	0.002255116
380	380	0.002490749
380	380	0.002361736
380	380	0.002419537
380	380	0.002025211
380	380	0.001830769
380	380	0.001769651
380	380	0.001706657
380	380	0.001845882
380	380	0.001560097
380	380	0.001693252
380	380	0.001795195
380	380	0.001722776
380	380	0.002223008
380	380	0.001941522
380	380	0.002256954
380	380	0.001861218
380	380	0.002133010
380	380	0.002435739
380	380	0.002381624
380	380	0.002439575
380	380	0.002403734
380	380	0.002447909
380	380	0.002112012
380	380	0.001817034
380	380	0.002029457
380	380	0.001891110
380	380	0.001932096
380	380	0.001928881
380	380	0.001835043
380	380	0.001845899
380	380	0.002020212
380	380	0.001758816
380	380	0.001926095
380	380	0.001599643
380	380	0.001658911
380	380	0.001766130
380	380	0.001762003
380	380	0.001569811
380	380	0.001724877
380	380	0.001996772
380	380	0.002329022
380	380	0.002189927
380	380	0.002315765
380	380	0.002089640
380	380	0.002352414
380	380	0.001928008
380	380	0.002369426
380	380	0.002383475
380	380	0.002246222
380	380	0.002358841
380	380	0.002258759
380	380	0.002389058
380	380	0.002272713
380	380	0.002343858
380	380	0.002511158
380	380	0.002238654
380	380	0.002497013
380	380	0.002298001
380	380	0.002390797
380	380	0.002323141
380	380	0.002389766
380	380	0.002490719
380	380	0.002409232
380	380	0.002400835
380	380	0.002318705
380	380	0.002049874
380	380	0.002081731
380	380	0.002059589
380	380	0.002105769
380	380	0.002054011
380	380	0.002072060
380	380	0.002029193
380	380	0.002015431
380	380	0.002028476
380	380	0.002078349
380	380	0.001961051
380	510	0.001903991
380	510	0.001901853
380	510	0.001895512
380	510	0.001904505
380	510	0.001906567
380	510	0.001912706
380	510	0.001915321
380	510	0.001902309
380	510	0.001901052
380	510	0.001896993
380	510	0.001895482
380	510	0.001976178
380	510	0.001938396
380	510	0.002001214
380	510	0.002179780
380	510	0.002072773
380	510	0.001892010
380	510	0.001922124
380	510	0.001897540
380	510	0.001967758
380	510	0.001943770
380	510	0.001906953
380	510	0.001895166
380	510	0.001903896
380	510	0.001910943
380	510	0.001902096
380	510	0.002168244
380	510	0.001954452
380	510	0.002291225
380	510	0.002665968
380	510	0.002230229
380	510	0.002324773
380	510	0.002124934
380	510	0.002134957
380	510	0.002014258
380	510	0.001924007
380	510	0.001906956
380	510	0.001922634
380	510	0.001893105
380	510	0.001913574
380	510	0.002002451
380	510	0.002392404
380	510	0.003008383
380	510	0.003213157
380	510	0.003170658
380	510	0.003189023
380	510	0.002651125
380	510	0.002188721
380	510	0.002353754
380	510	0.002163036
380	510	0.002215838
380	510	0.002133518
380	510	0.002385397
380	510	0.002107328
380	510	0.002219995
380	510	0.002061600
380	510	0.002156742
380	510	0.001994474
380	510	0.001897658
380	510	0.001916009
380	510	0.001902108
380	510	0.001912610
380	510	0.001896335
380	510	0.001899649
380	510	0.001925906
380	510	0.001918034
380	510	0.001899494
380	510	0.001923466
380	510	0.001909133
380	510	0.002136347
380	510	0.001940514
380	510	0.002132762
380	510	0.002630291
380	510	0.003143235
380	510	0.002749783
380	510	0.003143341
380	510	0.002477030
380	510	0.001908864
380	510	0.002359341
380	510	0.003127464
380	510	0.003133710
380	510	0.003149248
380	510	0.003241917
380	510	0.003211045
380	510	0.002959293
380	510	0.003055479
380	510	0.002993637
380	510	0.002654441
380	510	0.002538817
380	510	0.002159666
380	510	0.002286900
380	510	0.002085522
380	510	0.001897707
380	510	0.001898329
380	510	0.001908619
380	510	0.001898732
380	510	0.001912540
380	510	0.001900929
380	510	0.001901447
380	510	0.001902155
380	600	0.002216227
380	600	0.002239133
380	600	0.002223187
380	600	0.002231735
380	600	0.002432823
380	600	0.003425646
380	600	0.003383749
380	600	0.003770857
380	600	0.003188162
380	600	0.003759029
380	600	0.003022786
380	600	0.003366716
380	600	0.002615579
380	600	0.003059706
380	600	0.002681631
380	600	0.002904049
380	600	0.002501651
380	600	0.002575528
380	600	0.002227497
380	600	0.002418225
380	600	0.002229745
380	600	0.002248238
380	600	0.002243775
380	600	0.002223945
380	600	0.002530950
380	600	0.002274843
380	600	0.002680830
380	600	0.003246490
380	600	0.002819296
380	600	0.002940149
380	600	0.002327188
380	600	0.002824663
380	600	0.003451721
380	600	0.002930247
380	600	0.003410989
380	600	0.003014144
380	600	0.003470270
380	600	0.003021899
380	600	0.003431606
380	600	0.002495278
380	600	0.003163445
380	600	0.002723259
380	600	0.003534745
380	600	0.003767613
380	600	0.003079938
380	600	0.003693091
380	600	0.002883832
380	600	0.003480529
380	600	0.002892898
380	600	0.003521473
380	600	0.002830229
380	600	0.003260670
380	600	0.002418339
380	600	0.002896197
380	600	0.002588115
380	600	0.002679840
380	600	0.002363538
380	600	0.002707391
380	600	0.002259907
380	600	0.002476596
380	600	0.002258472
380	600	0.002340515
380	600	0.002293871
380	600	0.002243419
380	600	0.002244790
380	600	0.002518755
380	600	0.002284872
380	600	0.002620907
380	600	0.003354639
380	600	0.003735810
380	600	0.003098077
380	600	0.003803756
380	600	0.002984096
380	600	0.003635899
380	600	0.003712681
380	600	0.003610644
380	600	0.003690436
380	600	0.003160156
380	600	0.003689656
380	600	0.002931753
380	600	0.003551496
380	600	0.002721227
380	600	0.002247206
380	600	0.002595311
380	600	0.003162100
380	600	0.002809614
380	600	0.003482241
380	600	0.003668227
380	600	0.003105979
380	600	0.002346886
380	600	0.002579460
380	600	0.002381720
380	600	0.002445130
380	600	0.002325698
380	600	0.002303658
380	600	0.002275880
380	600	0.002468805
380	600	0.003455801
380	600	0.002900905
380	600	0.003393237
510	128	0.000719890
510	128	0.000736720
510	128	0.000729612
510	128	0.000720702
510	128	0.000729988
510	128	0.000761559
510	128	0.000720357
510	128	0.000728059
510	128	0.000756369
510	128	0.000720547
510	128	0.000727748
510	128	0.000730925
510	128	0.000762383
510	128	0.000730870
510	128	0.000745517
510	128	0.000757855
510	128	0.000721610
510	128	0.000728005
510	128	0.000750280
510	128	0.000758785
510	128	0.000734670
510	128	0.000749199
510	128	0.000740088
510	128	0.000753500
510	128	0.000789605
510	128	0.000849584
510	128	0.000821522
510	128	0.000806070
510	128	0.000839497
510	128	0.001030524
510	128	0.001006286
510	128	0.001014355
510	128	0.000948569
510	128	0.000919742
510	128	0.001106286
510	128	0.001138927
510	128	0.000924479
510	128	0.000891832
510	128	0.001077493
510	128	0.001175625
510	128	0.001211569
510	128	0.001061285
510	128	0.001098086
510	128	0.001090031
510	128	0.001174470
510	128	0.001137544
510	128	0.001059744
510	128	0.001295337
510	128	0.001237027
510	128	0.001209982
510	128	0.001265109
510	128	0.001239532
510	128	0.001275508
510	128	0.001283545
510	128	0.001015241
510	128	0.001029327
510	128	0.001281349
510	128	0.001207393
510	128	0.001241397
510	128	0.001276514
510	128	0.001274150
510	128	0.001138399
510	128	0.001142025
510	128	0.001226620
510	128	0.001291014
510	128	0.001203066
510	128	0.001127011
510	128	0.001203269
510	128	0.001284158
510	128	0.001267384
510	128	0.001232016
510	128	0.001278954
510	128	0.001271881
510	128	0.001274386
510	128	0.001213237
510	128	0.001274945
510	128	0.001226309
510	128	0.001257154
510	128	0.001265531
510	128	0.001241858
510	128	0.001330599
510	128	0.001250726
510	128	0.001260927
510	128	0.001237894
510	128	0.001228747
510	128	0.001196822
510	128	0.001287668
510	128	0.001267781
510	128	0.001238775
510	128	0.001146143
510	128	0.001197428
510	128	0.001229232
510	128	0.001229264
510	128	0.001165576
510	128	0.001141454
510	128	0.001183526
510	128	0.001226046
510	128	0.001236816
510	128	0.001236358
510	128	0.001233695
510	256	0.001343526
510	256	0.001338193
510	256	0.001385714
510	256	0.001340341
510	256	0.001342209
510	256	0.001409427
510	256	0.001387888
510	256	0.001352579
510	256	0.001340577
510	256	0.001466243
510	256	0.001474770
510	256	0.001407137
510	256	0.001738176
510	256	0.001850501
510	256	0.002050230
510	256	0.001730686
510	256	0.001507241
510	256	0.001496671
510	256	0.001465944
510	256	0.001397760
510	256	0.001384790
510	256	0.001595659
510	256	0.001519312
510	256	0.001409026
510	256	0.001354846
510	256	0.001347120
510	256	0.001401679
510	256	0.001492075
510	256	0.001441240
510	256	0.001356012
510	256	0.001725313
510	256	0.001472812
510	256	0.001631146
510	256	0.001951996
510	256	0.002291403
510	256	0.002305878
510	256	0.002350903
510	256	0.002250976
510	256	0.002274846
510	256	0.002375851
510	256	0.002084445
510	256	0.002299642
510	256	0.002131935
510	256	0.002288994
510	256	0.002104799
510	256	0.002235253
510	256	0.002149685
510	256	0.002218565
510	256	0.002103046
510	256	0.002110888
510	256	0.002098523
510	256	0.002101105
510	256	0.002423698
510	256	0.002281365
510	256	0.002339513
510	256	0.002108590
510	256	0.002260070
510	256	0.002271637
510	256	0.002273937
510	256	0.002378537
510	256	0.002284426
510	256	0.002259682
510	256	0.002280826
510	256	0.002246485
510	256	0.002213246
510	256	0.002383089
510	256	0.002358068
510	256	0.002212934
510	256	0.002240805
510	256	0.002101026
510	256	0.002224368
510	256	0.002098725
510	256	0.002116160
510	256	0.002025734
510	256	0.002168359
510	256	0.001913650
510	256	0.001747465
510	256	0.001564736
510	256	0.001825741
510	256	0.002242510
510	256	0.002220672
510	256	0.002375264
510	256	0.002310967
510	256	0.002357427
510	256	0.002300550
510	256	0.002292163
510	256	0.002259489
510	256	0.001916338
510	256	0.001628869
510	256	0.001707940
510	256	0.002219245
510	256	0.001631179
510	256	0.001909694
510	256	0.001861369
510	256	0.001821842
510	256	0.001868802
510	256	0.001918239
510	256	0.001678657
510	256	0.001883876
510	256	0.001959778
510	380	0.001935416
510	380	0.001942662
510	380	0.001951124
510	380	0.001962938
510	380	0.001943034
510	380	0.001948489
510	380	0.001914883
510	380	0.001954030
510	380	0.001945014
510	380	0.001923218
510	380	0.001949403
510	380	0.001938256
510	380	0.001935664
510	380	0.001943465
510	380	0.001923222
510	380	0.001919326
510	380	0.001955781
510	380	0.001927629
510	380	0.001942601
510	380	0.001930892
510	380	0.001923498
510	380	0.001961785
510	380	0.002082895
510	380	0.002222708
510	380	0.002160446
510	380	0.002162623
510	380	0.002285182
510	380	0.002729037
510	380	0.002525141
510	380	0.002446959
510	380	0.002307022
510	380	0.002161920
510	380	0.002106223
510	380	0.002073089
510	380	0.002167921
510	380	0.002371272
510	380	0.002167798
510	380	0.002462455
510	380	0.003226701
510	380	0.002663281
510	380	0.002770945
510	380	0.002532237
510	380	0.003007317
510	380	0.003211177
510	380	0.002758492
510	380	0.002204043
510	380	0.002459631
510	380	0.001923056
510	380	0.002601468
510	380	0.003214064
510	380	0.002716799
510	380	0.003077872
510	380	0.003221188
510	380	0.003175537
510	380	0.003246530
510	380	0.003113893
510	380	0.003173779
510	380	0.002819459
510	380	0.003218942
510	380	0.002597906
510	380	0.003101729
510	380	0.002645458
510	380	0.002838607
510	380	0.002417129
510	380	0.002972630
510	380	0.002410138
510	380	0.002599883
510	380	0.002386120
510	380	0.002525835
510	380	0.002327324
510	380	0.002411892
510	380	0.002168715
510	380	0.002282522
510	380	0.002056768
510	380	0.002345611
510	380	0.002072580
510	380	0.002510593
510	380	0.003182410
510	380	0.002673067
510	380	0.002264177
510	380	0.002613021
510	380	0.003272800
510	380	0.003037498
510	380	0.003226571
510	380	0.002881961
510	380	0.003000976
510	380	0.003019064
510	380	0.002883793
510	380	0.002631337
510	380	0.003083555
510	380	0.002640797
510	380	0.003241161
510	380	0.002565211
510	380	0.002778829
510	380	0.002460952
510	380	0.002584775
510	380	0.002127875
510	380	0.001958032
510	380	0.002126407
510	380	0.002457435
510	510	0.002543632
510	510	0.002557856
510	510	0.002568293
510	510	0.002553154
510	510	0.002551228
510	510	0.002554912
510	510	0.002563575
510	510	0.002587919
510	510	0.003240496
510	510	0.003944641
510	510	0.004398057
510	510	0.003858629
510	510	0.004047937
510	510	0.004304407
510	510	0.003965478
510	510	0.004192724
510	510	0.004324799
510	510	0.004221721
510	510	0.004255826
510	510	0.003252722
510	510	0.002698040
510	510	0.003021276
510	510	0.002579149
510	510	0.002883856
510	510	0.002595582
510	510	0.002705381
510	510	0.002591711
510	510	0.003066458
510	510	0.002543608
510	510	0.002771203
510	510	0.002566819
510	510	0.002943589
510	510	0.003835818
510	510	0.003104817
510	510	0.003512767
510	510	0.002897583
510	510	0.003808819
510	510	0.004232049
510	510	0.003563911
510	510	0.004208002
510	510	0.003432245
510	510	0.003894169
510	510	0.003117316
510	510	0.003265840
510	510	0.002638992
510	510	0.003031229
510	510	0.002609720
510	510	0.002814960
510	510	0.002626167
510	510	0.003129340
510	510	0.003034778
510	510	0.003252790
510	510	0.004119586
510	510	0.004238500
510	510	0.004060007
510	510	0.004161721
510	510	0.003307769
510	510	0.002573304
510	510	0.002562930
510	510	0.002554150
510	510	0.002568864
510	510	0.002572106
510	510	0.002549920
510	510	0.002559403
510	510	0.002543152
510	510	0.002555347
510	510	0.002554427
510	510	0.002549030
510	510	0.002558074
510	510	0.002603217
510	510	0.003124336
510	510	0.003161327
510	510	0.003653866
510	510	0.003041667
510	510	0.003930564
510	510	0.004287884
510	510	0.003812458
510	510	0.004091135
510	510	0.003637618
510	510	0.003716603
510	510	0.002813611
510	510	0.003393745
510	510	0.002799635
510	510	0.003051370
510	510	0.002699610
510	510	0.003264914
510	510	0.002621295
510	510	0.002711047
510	510	0.002590799
510	510	0.002562399
510	510	0.002549623
510	510	0.002574277
510	510	0.002575761
510	510	0.002569490
510	510	0.002547884
510	510	0.002549980
510	510	0.002547828
510	510	0.002543209
510	510	0.002572835
510	510	0.002564340
510	600	0.002999167
510	600	0.003002572
510	600	0.002993816
510	600	0.003011838
510	600	0.002984493
510	600	0.002986936
510	600	0.002999124
510	600	0.002995689
510	600	0.002972537
510	600	0.003005481
510	600	0.003254658
510	600	0.003011962
510	600	0.003168240
510	600	0.003036656
510	600	0.003054646
510	600	0.002996329
510	600	0.003300477
510	600	0.002978689
510	600	0.002991075
510	600	0.003010571
510	600	0.003468665
510	600	0.004164025
510	600	0.003426283
510	600	0.003963856
510	600	0.003111004
510	600	0.003623977
510	600	0.003051583
510	600	0.003464527
510	600	0.003017307
510	600	0.002991588
510	600	0.003211728
510	600	0.004169555
510	600	0.003987503
510	600	0.003904871
510	600	0.003533536
510	600	0.003715303
510	600	0.003284229
510	600	0.003410082
510	600	0.003453513
510	600	0.003002733
510	600	0.003226716
510	600	0.003099613
510	600	0.002999338
510	600	0.003019236
510	600	0.002991486
510	600	0.002994169
510	600	0.003577959
510	600	0.003528026
510	600	0.003379821
510	600	0.003384716
510	600	0.003137681
510	600	0.003130068
510	600	0.003424494
510	600	0.003046595
510	600	0.003435235
510	600	0.002977406
510	600	0.003306755
510	600	0.003010504
510	600	0.003025691
510	600	0.002978533
510	600	0.003581151
510	600	0.004312486
510	600	0.003338700
510	600	0.003837804
510	600	0.003052032
510	600	0.003190799
510	600	0.003005908
510	600	0.003431601
510	600	0.003021529
510	600	0.003137013
510	600	0.004307545
510	600	0.004561105
510	600	0.004740504
510	600	0.004203200
510	600	0.003621830
510	600	0.003073864
510	600	0.003509969
510	600	0.002996438
510	600	0.003271290
510	600	0.003007022
510	600	0.003106093
510	600	0.002983663
510	600	0.002996422
510	600	0.003010239
510	600	0.002980160
510	600	0.002983457
510	600	0.002995888
510	600	0.002996079
510	600	0.002992536
510	600	0.002999998
510	600	0.002999966
510	600	0.003234750
510	600	0.003376894
510	600	0.003146224
510	600	0.003028354
510	600	0.003224870
510	600	0.003035085
510	600	0.003379575
510	600	0.003016825
510	600	0.003805119
600	128	0.000875152
600	128	0.000852361
600	128	0.000857680
600	128	0.000849453
600	128	0.000854815
600	128	0.000846865
600	128	0.000896714
600	128	0.000862822
600	128	0.000853179
600	128	0.000870521
600	128	0.000849984
600	128	0.000878040
600	128	0.000846469
600	128	0.000893367
600	128	0.000845976
600	128	0.000890655
600	128	0.000891954
600	128	0.000933258
600	128	0.000941582
600	128	0.000922523
600	128	0.000992354
600	128	0.001053459
600	128	0.001087826
600	128	0.001104546
600	128	0.001075824
600	128	0.001063973
600	128	0.001134004
600	128	0.001196865
600	128	0.001196407
600	128	0.001139232
600	128	0.001223764
600	128	0.001331968
600	128	0.001388630
600	128	0.001247780
600	128	0.001213434
600	128	0.001313096
600	128	0.001360675
600	128	0.001254369
600	128	0.001174262
600	128	0.001137589
600	128	0.001229127
600	128	0.001332967
600	128	0.001051232
600	128	0.001061782
600	128	0.001135932
600	128	0.001139494
600	128	0.001136670
600	128	0.001123875
600	128	0.001027602
600	128	0.001010068
600	128	0.001000469
600	128	0.000999431
600	128	0.001037474
600	128	0.001043989
600	128	0.001076262
600	128	0.001013994
600	128	0.001089500
600	128	0.001139188
600	128	0.001162929
600	128	0.001182343
600	128	0.001223741
600	128	0.001313206
600	128	0.001199781
600	128	0.001132289
600	128	0.001143179
600	128	0.001117341
600	128	0.001201656
600	128	0.001283084
600	128	0.001262825
600	128	0.001209285
600	128	0.001177342
600	128	0.001087504
600	128	0.001110410
600	128	0.001035320
600	128	0.001011946
600	128	0.001018719
600	128	0.000987910
600	128	0.001036153
600	128	0.001001911
600	128	0.001025040
600	128	0.000885221
600	128	0.000854882
600	128	0.000889507
600	128	0.000888572
600	128	0.000965347
600	128	0.000968660
600	128	0.000958554
600	128	0.001006993
600	128	0.001201127
600	128	0.001046798
600	128	0.001016823
600	128	0.001272145
600	128	0.001239737
600	128	0.001201575
600	128	0.001196858
600	128	0.001162672
600	128	0.001140133
600	128	0.001164060
600	128	0.001216956
600	128	0.001283337
600	256	0.001621492
600	256	0.001621636
600	256	0.001570734
600	256	0.001571032
600	256	0.001625990
600	256	0.001759327
600	256	0.002354507
600	256	0.002654969
600	256	0.002453187
600	256	0.002487415
600	256	0.002141606
600	256	0.001852037
600	256	0.001973626
600	256	0.002496853
600	256	0.002691101
600	256	0.002748402
600	256	0.002525884
600	256	0.002679960
600	256	0.002699684
600	256	0.002650630
600	256	0.002702272
600	256	0.002651727
600	256	0.002770081
600	256	0.002365580
600	256	0.001939531
600	256	0.001636139
600	256	0.001645568
600	256	0.001694481
600	256	0.001637736
600	256	0.001588273
600	256	0.001600823
600	256	0.001627189
600	256	0.001630951
600	256	0.001563995
600	256	0.001603758
600	256	0.001616852
600	256	0.001581688
600	256	0.001575468
600	256	0.001570328
600	256	0.001630956
600	256	0.001588367
600	256	0.001591220
600	256	0.001570320
600	256	0.001601470
600	256	0.001582231
600	256	0.001684747
600	256	0.001611584
600	256	0.001599258
600	256	0.001624088
600	256	0.001648396
600	256	0.001572410
600	256	0.001579048
600	256	0.001627877
600	256	0.001590857
600	256	0.001570889
600	256	0.001619744
600	256	0.001585996
600	256	0.001586175
600	256	0.001572956
600	256	0.001572935
600	256	0.001594500
600	256	0.001865376
600	256	0.002285370
600	256	0.002016136
600	256	0.002156075
600	256	0.001984177
600	256	0.002165845
600	256	0.001844206
600	256	0.001652249
600	256	0.001602176
600	256	0.001621832
600	256	0.002129482
600	256	0.002624408
600	256	0.002661112
600	256	0.002642796
600	256	0.002735833
600	256	0.002702514
600	256	0.002597901
600	256	0.002688905
600	256	0.002678279
600	256	0.002657543
600	256	0.002317899
600	256	0.002622293
600	256	0.002491448
600	256	0.002609609
600	256	0.002396764
600	256	0.002697510
600	256	0.002119752
600	256	0.002544939
600	256	0.002138957
600	256	0.001635497
600	256	0.002029850
600	256	0.001646008
600	256	0.001717542
600	256	0.001742853
600	256	0.001581629
600	256	0.001597399
600	256	0.001568329
600	256	0.001639792
600	256	0.001593267
600	380	0.002273619
600	380	0.002254712
600	380	0.002259102
600	380	0.002441062
600	380	0.003048224
600	380	0.003816004
600	380	0.003743245
600	380	0.003445045
600	380	0.003895383
600	380	0.003526676
600	380	0.003564819
600	380	0.002744101
600	380	0.002341278
600	380	0.002365183
600	380	0.002305488
600	380	0.002316696
600	380	0.002350461
600	380	0.002500550
600	380	0.003522771
600	380	0.003761717
600	380	0.003734734
600	380	0.003740686
600	380	0.003631898
600	380	0.003636827
600	380	0.003384418
600	380	0.003405018
600	380	0.003275413
600	380	0.003891306
600	380	0.003023985
600	380	0.003487491
600	380	0.002747272
600	380	0.003153075
600	380	0.002487418
600	380	0.002271287
600	380	0.002261737
600	380	0.002289423
600	380	0.002499590
600	380	0.002876964
600	380	0.002388520
600	380	0.002951361
600	380	0.002285207
600	380	0.002658965
600	380	0.002316045
600	380	0.002748977
600	380	0.003256655
600	380	0.002680627
600	380	0.003200044
600	380	0.002852416
600	380	0.003567042
600	380	0.003898574
600	380	0.002978664
600	380	0.002279366
600	380	0.002298631
600	380	0.002294319
600	380	0.002797971
600	380	0.002514254
600	380	0.003029060
600	380	0.003654361
600	380	0.003042301
600	380	0.003506372
600	380	0.002763370
600	380	0.003164992
600	380	0.002734880
600	380	0.003113052
600	380	0.002488480
600	380	0.002772453
600	380	0.002562005
600	380	0.002662139
600	380	0.002424605
600	380	0.002637807
600	380	0.002285521
600	380	0.002268837
600	380	0.002268996
600	380	0.002282947
600	380	0.002299792
600	380	0.002930421
600	380	0.003618071
600	380	0.003110075
600	380	0.003497097
600	380	0.002599993
600	380	0.002287506
600	380	0.002582715
600	380	0.003626139
600	380	0.003710976
600	380	0.003684566
600	380	0.003454223
600	380	0.003659763
600	380	0.003230001
600	380	0.003675370
600	380	0.003084643
600	380	0.003561708
600	380	0.002992087
600	380	0.003533196
600	380	0.002968629
600	380	0.003353421
600	380	0.002531150
600	380	0.003644357
600	380	0.003748986
600	380	0.003426044
600	380	0.003853651
600	510	0.002994688
600	510	0.002997779
600	510	0.002994277
600	510	0.003025673
600	510	0.003542996
600	510	0.004839630
600	510	0.004860561
600	510	0.004589926
600	510	0.004221199
600	510	0.003208157
600	510	0.003039421
600	510	0.002990056
600	510	0.003090575
600	510	0.003927586
600	510	0.003081298
600	510	0.003000615
600	510	0.003004492
600	510	0.003010754
600	510	0.003225529
600	510	0.003014416
600	510	0.002999362
600	510	0.003002588
600	510	0.003006874
600	510	0.003009452
600	510	0.002991053
600	510	0.003055137
600	510	0.003014763
600	510	0.003027727
600	510	0.003049032
600	510	0.003016418
600	510	0.003021697
600	510	0.003013233
600	510	0.003001298
600	510	0.003026942
600	510	0.002995315
600	510	0.002997629
600	510	0.003021098
600	510	0.003000941
600	510	0.002997880
600	510	0.003012349
600	510	0.002990515
600	510	0.003033301
600	510	0.003020804
600	510	0.003028366
600	510	0.003005452
600	510	0.002992845
600	510	0.003030272
600	510	0.003013389
600	510	0.002994049
600	510	0.003039451
600	510	0.002995466
600	510	0.003021844
600	510	0.003009046
600	510	0.003066379
600	510	0.003002402
600	510	0.003017360
600	510	0.003032970
600	510	0.003006785
600	510	0.003005808
600	510	0.003009548
600	510	0.003028147
600	510	0.003010408
600	510	0.003003372
600	510	0.003017289
600	510	0.002990499
600	510	0.003004666
600	510	0.003030328
600	510	0.003025669
600	510	0.003024394
600	510	0.002990365
600	510	0.003300534
600	510	0.003343812
600	510	0.003881433
600	510	0.003221162
600	510	0.003665998
600	510	0.003102799
600	510	0.003707055
600	510	0.003006414
600	510	0.003091561
600	510	0.003046124
600	510	0.003187448
600	510	0.003002440
600	510	0.002991508
600	510	0.003721751
600	510	0.003131204
600	510	0.003486714
600	510	0.003038886
600	510	0.003814138
600	510	0.004919966
600	510	0.004107008
600	510	0.004558369
600	510	0.003920301
600	510	0.004351111
600	510	0.003419847
600	510	0.004219050
600	510	0.003254098
600	510	0.004311995
600	510	0.003332009
600	510	0.003009204
600	510	0.003403643
600	600	0.003502228
600	600	0.003511784
600	600	0.003552412
600	600	0.003518530
600	600	0.003534032
600	600	0.003517346
600	600	0.003549957
600	600	0.003543895
600	600	0.003531842
600	600	0.003504307
600	600	0.003526154
600	600	0.003620868
600	600	0.003524608
600	600	0.003526834
600	600	0.003502387
600	600	0.004845508
600	600	0.005381702
600	600	0.004267788
600	600	0.004838413
600	600	0.003817001
600	600	0.003921816
600	600	0.003544549
600	600	0.003647497
600	600	0.003529384
600	600	0.003680207
600	600	0.003519022
600	600	0.004335000
600	600	0.004160174
600	600	0.004240571
600	600	0.004834777
600	600	0.003868213
600	600	0.004443387
600	600	0.003563040
600	600	0.004026622
600	600	0.003514145
600	600	0.003800330
600	600	0.003512110
600	600	0.003516669
600	600	0.003535323
600	600	0.003531246
600	600	0.003524403
600	600	0.003526820
600	600	0.003638469
600	600	0.003512555
600	600	0.003624307
600	600	0.003540535
600	600	0.003607110
600	600	0.003544431
600	600	0.004296909
600	600	0.004997582
600	600	0.004040766
600	600	0.004719371
600	600	0.003686351
600	600	0.004395884
600	600	0.003619666
600	600	0.004054911
600	600	0.003524825
600	600	0.003724544
600	600	0.003532575
600	600	0.003520900
600	600	0.003535159
600	600	0.003656220
600	600	0.003508557
600	600	0.003502111
600	600	0.003516049
600	600	0.003520268
600	600	0.003522320
600	600	0.003513631
600	600	0.003525707
600	600	0.003514669
600	600	0.003538721
600	600	0.003533158
600	600	0.003533492
600	600	0.003493539
600	600	0.003532557
600	600	0.003557735
600	600	0.003510004
600	600	0.003540202
600	600	0.003528085
600	600	0.003529121
600	600	0.003530604
600	600	0.003550640
600	600	0.003526861
600	600	0.003854110
600	600	0.004540696
600	600	0.003676399
600	600	0.004216999
600	600	0.003611896
600	600	0.003952752
600	600	0.003600133
600	600	0.003807051
600	600	0.003594788
600	600	0.003652912
600	600	0.003525490
600	600	0.003729500
600	600	0.004644767
600	600	0.004021864
600	600	0.004632875
600	600	0.005445008
600	600	0.003704054
