120	128	0.000023953
120	128	0.000023052
120	128	0.000024143
120	128	0.000023783
120	128	0.000024091
120	128	0.000023276
120	128	0.000023587
120	128	0.000023805
120	128	0.000023870
120	128	0.000024100
120	128	0.000023794
120	128	0.000024122
120	128	0.000023735
120	128	0.000023556
120	128	0.000024143
120	128	0.000023740
120	128	0.000023091
120	128	0.000023446
120	128	0.000023145
120	128	0.000024038
120	128	0.000024154
120	128	0.000023194
120	128	0.000023362
120	128	0.000023214
120	128	0.000024250
120	128	0.000027821
120	128	0.000023903
120	128	0.000024026
120	128	0.000023918
120	128	0.000023843
120	128	0.000023988
120	128	0.000023200
120	128	0.000029435
120	128	0.000023844
120	128	0.000023428
120	128	0.000023471
120	128	0.000023453
120	128	0.000025824
120	128	0.000023557
120	128	0.000023448
120	128	0.000023709
120	128	0.000030548
120	128	0.000024278
120	128	0.000080731
120	128	0.000023966
120	128	0.000027790
120	128	0.000026999
120	128	0.000023935
120	128	0.000027831
120	128	0.000026887
120	128	0.000027116
120	128	0.000024026
120	128	0.000023569
120	128	0.000023857
120	128	0.000023550
120	128	0.000023727
120	128	0.000025778
120	128	0.000026774
120	128	0.000023951
120	128	0.000023845
120	128	0.000023693
120	128	0.000023425
120	128	0.000023957
120	128	0.000024020
120	128	0.000023881
120	128	0.000023131
120	128	0.000023438
120	128	0.000023782
120	128	0.000023426
120	128	0.000023342
120	128	0.000023676
120	128	0.000024193
120	128	0.000027148
120	128	0.000023411
120	128	0.000027927
120	128	0.000024104
120	128	0.000023667
120	128	0.000023813
120	128	0.000023178
120	128	0.000023884
120	128	0.000024062
120	128	0.000023915
120	128	0.000023492
120	128	0.000024203
120	128	0.000023785
120	128	0.000027347
120	128	0.000023208
120	128	0.000023683
120	128	0.000023280
120	128	0.000028494
120	128	0.000024017
120	128	0.000023172
120	128	0.000024178
120	128	0.000027133
120	128	0.000023564
120	128	0.000023899
120	128	0.000026990
120	128	0.000026029
120	128	0.000023495
120	128	0.000026853
120	256	0.000062809
120	256	0.000064517
120	256	0.000064484
120	256	0.000064410
120	256	0.000066517
120	256	0.000063137
120	256	0.000064557
120	256	0.000064543
120	256	0.000064499
120	256	0.000063420
120	256	0.000071590
120	256	0.000070992
120	256	0.000062911
120	256	0.000064583
120	256	0.000072933
120	256	0.000073788
120	256	0.000064598
120	256	0.000075191
120	256	0.000064471
120	256	0.000070860
120	256	0.000063228
120	256	0.000064904
120	256	0.000064804
120	256	0.000064749
120	256	0.000049881
120	256	0.000070890
120	256	0.000064955
120	256	0.000062437
120	256	0.000064651
120	256	0.000071283
120	256	0.000070646
120	256	0.000062806
120	256	0.000065040
120	256	0.000064938
120	256	0.000063855
120	256	0.000070949
120	256	0.000082509
120	256	0.000071831
120	256	0.000064939
120	256	0.000065502
120	256	0.000066637
120	256	0.000068180
120	256	0.000067890
120	256	0.000068341
120	256	0.000070400
120	256	0.000070244
120	256	0.000068733
120	256	0.000077491
120	256	0.000079083
120	256	0.000079526
120	256	0.000078750
120	256	0.000077515
120	256	0.000086419
120	256	0.000086418
120	256	0.000078429
120	256	0.000056775
120	256	0.000082705
120	256	0.000099996
120	256	0.000101694
120	256	0.000099283
120	256	0.000099812
120	256	0.000090663
120	256	0.000088391
120	256	0.000071146
120	256	0.000063862
120	256	0.000050559
120	256	0.000049874
120	256	0.000064067
120	256	0.000063289
120	256	0.000066408
120	256	0.000064155
120	256	0.000064639
120	256	0.000065195
120	256	0.000070992
120	256	0.000051280
120	256	0.000063646
120	256	0.000062951
120	256	0.000049750
120	256	0.000065685
120	256	0.000070604
120	256	0.000063483
120	256	0.000063441
120	256	0.000063598
120	256	0.000049935
120	256	0.000065691
120	256	0.000070753
120	256	0.000070580
120	256	0.000070982
120	256	0.000071102
120	256	0.000064720
120	256	0.000064899
120	256	0.000064695
120	256	0.000070982
120	256	0.000071292
120	256	0.000063329
120	256	0.000069030
120	256	0.000064464
120	256	0.000076844
120	256	0.000064175
120	256	0.000072644
120	380	0.000070967
120	380	0.000070915
120	380	0.000071166
120	380	0.000069531
120	380	0.000071367
120	380	0.000076766
120	380	0.000070661
120	380	0.000071336
120	380	0.000071041
120	380	0.000070880
120	380	0.000071246
120	380	0.000071096
120	380	0.000083709
120	380	0.000077389
120	380	0.000071202
120	380	0.000056849
120	380	0.000077399
120	380	0.000069867
120	380	0.000055931
120	380	0.000078296
120	380	0.000077958
120	380	0.000071162
120	380	0.000077814
120	380	0.000069931
120	380	0.000070851
120	380	0.000077394
120	380	0.000077765
120	380	0.000069466
120	380	0.000069938
120	380	0.000081727
120	380	0.000069903
120	380	0.000112456
120	380	0.000077820
120	380	0.000070950
120	380	0.000077310
120	380	0.000071214
120	380	0.000069312
120	380	0.000070079
120	380	0.000079827
120	380	0.000078339
120	380	0.000080168
120	380	0.000079474
120	380	0.000080106
120	380	0.000082903
120	380	0.000082598
120	380	0.000082235
120	380	0.000090530
120	380	0.000084594
120	380	0.000082056
120	380	0.000083008
120	380	0.000092803
120	380	0.000090152
120	380	0.000092912
120	380	0.000114901
120	380	0.000110869
120	380	0.000102793
120	380	0.000102997
120	380	0.000115770
120	380	0.000115282
120	380	0.000128087
120	380	0.000115009
120	380	0.000122413
120	380	0.000109477
120	380	0.000123393
120	380	0.000122872
120	380	0.000135434
120	380	0.000124624
120	380	0.000122786
120	380	0.000136133
120	380	0.000124548
120	380	0.000139638
120	380	0.000121637
120	380	0.000122326
120	380	0.000138612
120	380	0.000123596
120	380	0.000124320
120	380	0.000138616
120	380	0.000135722
120	380	0.000115151
120	380	0.000135919
120	380	0.000138566
120	380	0.000124623
120	380	0.000124791
120	380	0.000124782
120	380	0.000124308
120	380	0.000122442
120	380	0.000121945
120	380	0.000122333
120	380	0.000138706
120	380	0.000124193
120	380	0.000122258
120	380	0.000124674
120	380	0.000135425
120	380	0.000125078
120	380	0.000124993
120	380	0.000122229
120	380	0.000135149
120	380	0.000117230
120	380	0.000144707
120	380	0.000128621
120	510	0.000092201
120	510	0.000091722
120	510	0.000085762
120	510	0.000084203
120	510	0.000094063
120	510	0.000094073
120	510	0.000085900
120	510	0.000093819
120	510	0.000093921
120	510	0.000104451
120	510	0.000086076
120	510	0.000085458
120	510	0.000092350
120	510	0.000084413
120	510	0.000091859
120	510	0.000091885
120	510	0.000085769
120	510	0.000085672
120	510	0.000083868
120	510	0.000085744
120	510	0.000092712
120	510	0.000084542
120	510	0.000085768
120	510	0.000084474
120	510	0.000086175
120	510	0.000092463
120	510	0.000084508
120	510	0.000085070
120	510	0.000085607
120	510	0.000086068
120	510	0.000084434
120	510	0.000084626
120	510	0.000084468
120	510	0.000085880
120	510	0.000092311
120	510	0.000091906
120	510	0.000093962
120	510	0.000092462
120	510	0.000086040
120	510	0.000085760
120	510	0.000092042
120	510	0.000085472
120	510	0.000105919
120	510	0.000084611
120	510	0.000084882
120	510	0.000084507
120	510	0.000084778
120	510	0.000095006
120	510	0.000085420
120	510	0.000086553
120	510	0.000097668
120	510	0.000096076
120	510	0.000087228
120	510	0.000089021
120	510	0.000101696
120	510	0.000087717
120	510	0.000095763
120	510	0.000097301
120	510	0.000095872
120	510	0.000084081
120	510	0.000084300
120	510	0.000084569
120	510	0.000095114
120	510	0.000091068
120	510	0.000084135
120	510	0.000086292
120	510	0.000084965
120	510	0.000085694
120	510	0.000086301
120	510	0.000093989
120	510	0.000093321
120	510	0.000092605
120	510	0.000084571
120	510	0.000085881
120	510	0.000095281
120	510	0.000092479
120	510	0.000123888
120	510	0.000092294
120	510	0.000086718
120	510	0.000085992
120	510	0.000085050
120	510	0.000092278
120	510	0.000084079
120	510	0.000090507
120	510	0.000094376
120	510	0.000128274
120	510	0.000092492
120	510	0.000084956
120	510	0.000085620
120	510	0.000092375
120	510	0.000094313
120	510	0.000092167
120	510	0.000094881
120	510	0.000085785
120	510	0.000084296
120	510	0.000092251
120	510	0.000084668
120	510	0.000084848
120	510	0.000092438
120	510	0.000102522
120	600	0.000111179
120	600	0.000113204
120	600	0.000112664
120	600	0.000111076
120	600	0.000118790
120	600	0.000111714
120	600	0.000119123
120	600	0.000118722
120	600	0.000120954
120	600	0.000111755
120	600	0.000120949
120	600	0.000115116
120	600	0.000111098
120	600	0.000110875
120	600	0.000113122
120	600	0.000115414
120	600	0.000118688
120	600	0.000113020
120	600	0.000118877
120	600	0.000114052
120	600	0.000119401
120	600	0.000114200
120	600	0.000134754
120	600	0.000120056
120	600	0.000130250
120	600	0.000119193
120	600	0.000121291
120	600	0.000135780
120	600	0.000144652
120	600	0.000144588
120	600	0.000135708
120	600	0.000157610
120	600	0.000157297
120	600	0.000166967
120	600	0.000170649
120	600	0.000218792
120	600	0.000194384
120	600	0.000194340
120	600	0.000225484
120	600	0.000210101
120	600	0.000218941
120	600	0.000203548
120	600	0.000208784
120	600	0.000194163
120	600	0.000194187
120	600	0.000242884
120	600	0.000203809
120	600	0.000208638
120	600	0.000195816
120	600	0.000182525
120	600	0.000182831
120	600	0.000209748
120	600	0.000197531
120	600	0.000194286
120	600	0.000196025
120	600	0.000194375
120	600	0.000196742
120	600	0.000197693
120	600	0.000210284
120	600	0.000208211
120	600	0.000207864
120	600	0.000198582
120	600	0.000194415
120	600	0.000210777
120	600	0.000210931
120	600	0.000208535
120	600	0.000208059
120	600	0.000183262
120	600	0.000208226
120	600	0.000195202
120	600	0.000212213
120	600	0.000187113
120	600	0.000210099
120	600	0.000210678
120	600	0.000208120
120	600	0.000210466
120	600	0.000195877
120	600	0.000205430
120	600	0.000183242
120	600	0.000212218
120	600	0.000208864
120	600	0.000194450
120	600	0.000194555
120	600	0.000195319
120	600	0.000195099
120	600	0.000208125
120	600	0.000211417
120	600	0.000211121
120	600	0.000194027
120	600	0.000194392
120	600	0.000195372
120	600	0.000210639
120	600	0.000194133
120	600	0.000194207
120	600	0.000200269
120	600	0.000203902
120	600	0.000208760
120	600	0.000195721
120	600	0.000208106
120	600	0.000211413
250	128	0.000049331
250	128	0.000049294
250	128	0.000049789
250	128	0.000049880
250	128	0.000049228
250	128	0.000048419
250	128	0.000050103
250	128	0.000049420
250	128	0.000049861
250	128	0.000048196
250	128	0.000049516
250	128	0.000049615
250	128	0.000049242
250	128	0.000050115
250	128	0.000049766
250	128	0.000049620
250	128	0.000047592
250	128	0.000057797
250	128	0.000048111
250	128	0.000049890
250	128	0.000061588
250	128	0.000047796
250	128	0.000048390
250	128	0.000058328
250	128	0.000057565
250	128	0.000057519
250	128	0.000070302
250	128	0.000057463
250	128	0.000078212
250	128	0.000068772
250	128	0.000069368
250	128	0.000066970
250	128	0.000099116
250	128	0.000081231
250	128	0.000078526
250	128	0.000081641
250	128	0.000086838
250	128	0.000087046
250	128	0.000086379
250	128	0.000097969
250	128	0.000086760
250	128	0.000085261
250	128	0.000086864
250	128	0.000095893
250	128	0.000086750
250	128	0.000098090
250	128	0.000082177
250	128	0.000084661
250	128	0.000086214
250	128	0.000084556
250	128	0.000086095
250	128	0.000092019
250	128	0.000085052
250	128	0.000087044
250	128	0.000086332
250	128	0.000086798
250	128	0.000086663
250	128	0.000086192
250	128	0.000086814
250	128	0.000085000
250	128	0.000084402
250	128	0.000086341
250	128	0.000085024
250	128	0.000086410
250	128	0.000080491
250	128	0.000086826
250	128	0.000087187
250	128	0.000094101
250	128	0.000086252
250	128	0.000085087
250	128	0.000086298
250	128	0.000081079
250	128	0.000086749
250	128	0.000084959
250	128	0.000086837
250	128	0.000086569
250	128	0.000087217
250	128	0.000086763
250	128	0.000129013
250	128	0.000086285
250	128	0.000086308
250	128	0.000086100
250	128	0.000088138
250	128	0.000086255
250	128	0.000086646
250	128	0.000094543
250	128	0.000086851
250	128	0.000085039
250	128	0.000086470
250	128	0.000087240
250	128	0.000084773
250	128	0.000087540
250	128	0.000087200
250	128	0.000080019
250	128	0.000088190
250	128	0.000089446
250	128	0.000149247
250	128	0.000086274
250	128	0.000086262
250	128	0.000083856
250	256	0.000133605
250	256	0.000130482
250	256	0.000133346
250	256	0.000134009
250	256	0.000130427
250	256	0.000139601
250	256	0.000131328
250	256	0.000098705
250	256	0.000134460
250	256	0.000147639
250	256	0.000138581
250	256	0.000130822
250	256	0.000135264
250	256	0.000133749
250	256	0.000130393
250	256	0.000133820
250	256	0.000131174
250	256	0.000130834
250	256	0.000132094
250	256	0.000134604
250	256	0.000163584
250	256	0.000130810
250	256	0.000147104
250	256	0.000130184
250	256	0.000133395
250	256	0.000147560
250	256	0.000131864
250	256	0.000131481
250	256	0.000139624
250	256	0.000146762
250	256	0.000110585
250	256	0.000156139
250	256	0.000164482
250	256	0.000168852
250	256	0.000166788
250	256	0.000137004
250	256	0.000139692
250	256	0.000135018
250	256	0.000135312
250	256	0.000168219
250	256	0.000160872
250	256	0.000179491
250	256	0.000127875
250	256	0.000160680
250	256	0.000179066
250	256	0.000164008
250	256	0.000162493
250	256	0.000175895
250	256	0.000175680
250	256	0.000196174
250	256	0.000174547
250	256	0.000179465
250	256	0.000184919
250	256	0.000200664
250	256	0.000201088
250	256	0.000194643
250	256	0.000216472
250	256	0.000196989
250	256	0.000229943
250	256	0.000217149
250	256	0.000203613
250	256	0.000233146
250	256	0.000267332
250	256	0.000250747
250	256	0.000249618
250	256	0.000234329
250	256	0.000230010
250	256	0.000235143
250	256	0.000234690
250	256	0.000257556
250	256	0.000228568
250	256	0.000228514
250	256	0.000229374
250	256	0.000257099
250	256	0.000228646
250	256	0.000257694
250	256	0.000243580
250	256	0.000234146
250	256	0.000234247
250	256	0.000244005
250	256	0.000228358
250	256	0.000258946
250	256	0.000246073
250	256	0.000233542
250	256	0.000257097
250	256	0.000231827
250	256	0.000233273
250	256	0.000242475
250	256	0.000234298
250	256	0.000228913
250	256	0.000228873
250	256	0.000228266
250	256	0.000256586
250	256	0.000257786
250	256	0.000235111
250	256	0.000228053
250	256	0.000228999
250	256	0.000229083
250	256	0.000237930
250	256	0.000265682
250	380	0.000164651
250	380	0.000144717
250	380	0.000164521
250	380	0.000147896
250	380	0.000148212
250	380	0.000164485
250	380	0.000149927
250	380	0.000160717
250	380	0.000161195
250	380	0.000168574
250	380	0.000164871
250	380	0.000147725
250	380	0.000160813
250	380	0.000147912
250	380	0.000160860
250	380	0.000144891
250	380	0.000173509
250	380	0.000155658
250	380	0.000177061
250	380	0.000163965
250	380	0.000215731
250	380	0.000214282
250	380	0.000214873
250	380	0.000256875
250	380	0.000229877
250	380	0.000225554
250	380	0.000256163
250	380	0.000258703
250	380	0.000289341
250	380	0.000264993
250	380	0.000253425
250	380	0.000281671
250	380	0.000252769
250	380	0.000279035
250	380	0.000252282
250	380	0.000258455
250	380	0.000281742
250	380	0.000263846
250	380	0.000243156
250	380	0.000258824
250	380	0.000255792
250	380	0.000258990
250	380	0.000258772
250	380	0.000257956
250	380	0.000264385
250	380	0.000298610
250	380	0.000270485
250	380	0.000281281
250	380	0.000258533
250	380	0.000280459
250	380	0.000251737
250	380	0.000254840
250	380	0.000254432
250	380	0.000266803
250	380	0.000271821
250	380	0.000241268
250	380	0.000257153
250	380	0.000254141
250	380	0.000253321
250	380	0.000288454
250	380	0.000267383
250	380	0.000270506
250	380	0.000287578
250	380	0.000279852
250	380	0.000287835
250	380	0.000293140
250	380	0.000272009
250	380	0.000240947
250	380	0.000253173
250	380	0.000248329
250	380	0.000253245
250	380	0.000281544
250	380	0.000288550
250	380	0.000313197
250	380	0.000242813
250	380	0.000281417
250	380	0.000253300
250	380	0.000281953
250	380	0.000282137
250	380	0.000273403
250	380	0.000270100
250	380	0.000197892
250	380	0.000264540
250	380	0.000281512
250	380	0.000259417
250	380	0.000253034
250	380	0.000282170
250	380	0.000281734
250	380	0.000288171
250	380	0.000268454
250	380	0.000266933
250	380	0.000274280
250	380	0.000281721
250	380	0.000243463
250	380	0.000257427
250	380	0.000253996
250	380	0.000280921
250	380	0.000258898
250	380	0.000292076
250	380	0.000262077
250	510	0.000174680
250	510	0.000194532
250	510	0.000190988
250	510	0.000191570
250	510	0.000191323
250	510	0.000191300
250	510	0.000177654
250	510	0.000180485
250	510	0.000191337
250	510	0.000190900
250	510	0.000183245
250	510	0.000191531
250	510	0.000194936
250	510	0.000195359
250	510	0.000175925
250	510	0.000194997
250	510	0.000185294
250	510	0.000178135
250	510	0.000175380
250	510	0.000184532
250	510	0.000191914
250	510	0.000174694
250	510	0.000175367
250	510	0.000176285
250	510	0.000183437
250	510	0.000175582
250	510	0.000177756
250	510	0.000177698
250	510	0.000196714
250	510	0.000175960
250	510	0.000192022
250	510	0.000194577
250	510	0.000188553
250	510	0.000192980
250	510	0.000191818
250	510	0.000194860
250	510	0.000205871
250	510	0.000210130
250	510	0.000224933
250	510	0.000204208
250	510	0.000204753
250	510	0.000207464
250	510	0.000181483
250	510	0.000174663
250	510	0.000175538
250	510	0.000200745
250	510	0.000178618
250	510	0.000206527
250	510	0.000207273
250	510	0.000210336
250	510	0.000223510
250	510	0.000249585
250	510	0.000244273
250	510	0.000249117
250	510	0.000222657
250	510	0.000243123
250	510	0.000226759
250	510	0.000259249
250	510	0.000249229
250	510	0.000249109
250	510	0.000267369
250	510	0.000277639
250	510	0.000273039
250	510	0.000292444
250	510	0.000288016
250	510	0.000288237
250	510	0.000314862
250	510	0.000324718
250	510	0.000300890
250	510	0.000291951
250	510	0.000289545
250	510	0.000305772
250	510	0.000311795
250	510	0.000335083
250	510	0.000335776
250	510	0.000307478
250	510	0.000315236
250	510	0.000309295
250	510	0.000311726
250	510	0.000311845
250	510	0.000347189
250	510	0.000318355
250	510	0.000321457
250	510	0.000289289
250	510	0.000307785
250	510	0.000334889
250	510	0.000308482
250	510	0.000349035
250	510	0.000302848
250	510	0.000305713
250	510	0.000307043
250	510	0.000347414
250	510	0.000312351
250	510	0.000382259
250	510	0.000299479
250	510	0.000330854
250	510	0.000302414
250	510	0.000292973
250	510	0.000313257
250	510	0.000311765
250	600	0.000231081
250	600	0.000230434
250	600	0.000250417
250	600	0.000247889
250	600	0.000234064
250	600	0.000230334
250	600	0.000233855
250	600	0.000251549
250	600	0.000247299
250	600	0.000250104
250	600	0.000230474
250	600	0.000232200
250	600	0.000240093
250	600	0.000250007
250	600	0.000230822
250	600	0.000234184
250	600	0.000231810
250	600	0.000230905
250	600	0.000246743
250	600	0.000260652
250	600	0.000233741
250	600	0.000230508
250	600	0.000247356
250	600	0.000252486
250	600	0.000231315
250	600	0.000247891
250	600	0.000254431
250	600	0.000231433
250	600	0.000247353
250	600	0.000250947
250	600	0.000245532
250	600	0.000231673
250	600	0.000250984
250	600	0.000275869
250	600	0.000237194
250	600	0.000232191
250	600	0.000258607
250	600	0.000276540
250	600	0.000294270
250	600	0.000281510
250	600	0.000314716
250	600	0.000294506
250	600	0.000302577
250	600	0.000312906
250	600	0.000330030
250	600	0.000303861
250	600	0.000283199
250	600	0.000300791
250	600	0.000282455
250	600	0.000298598
250	600	0.000309164
250	600	0.000319014
250	600	0.000359506
250	600	0.000361804
250	600	0.000384290
250	600	0.000474937
250	600	0.000407297
250	600	0.000407327
250	600	0.000405084
250	600	0.000403033
250	600	0.000417608
250	600	0.000432317
250	600	0.000424560
250	600	0.000432866
250	600	0.000412812
250	600	0.000420327
250	600	0.000406690
250	600	0.000403975
250	600	0.000419050
250	600	0.000432519
250	600	0.000432944
250	600	0.000418466
250	600	0.000413095
250	600	0.000438625
250	600	0.000445216
250	600	0.000422913
250	600	0.000394568
250	600	0.000415808
250	600	0.000404970
250	600	0.000403625
250	600	0.000409253
250	600	0.000386653
250	600	0.000426432
250	600	0.000384569
250	600	0.000406645
250	600	0.000428585
250	600	0.000448738
250	600	0.000388765
250	600	0.000404473
250	600	0.000403866
250	600	0.000426110
250	600	0.000381103
250	600	0.000419222
250	600	0.000404327
250	600	0.000424564
250	600	0.000407216
250	600	0.000403246
250	600	0.000417871
250	600	0.000404517
250	600	0.000390429
380	128	0.000073475
380	128	0.000081439
380	128	0.000074777
380	128	0.000075516
380	128	0.000075157
380	128	0.000081056
380	128	0.000073364
380	128	0.000081286
380	128	0.000081945
380	128	0.000075047
380	128	0.000074667
380	128	0.000073612
380	128	0.000074711
380	128	0.000075508
380	128	0.000073242
380	128	0.000073679
380	128	0.000084401
380	128	0.000074775
380	128	0.000076094
380	128	0.000079654
380	128	0.000074859
380	128	0.000079166
380	128	0.000075917
380	128	0.000075037
380	128	0.000073151
380	128	0.000073698
380	128	0.000075564
380	128	0.000075141
380	128	0.000075385
380	128	0.000074514
380	128	0.000087346
380	128	0.000073752
380	128	0.000075617
380	128	0.000075133
380	128	0.000073195
380	128	0.000072636
380	128	0.000094528
380	128	0.000089030
380	128	0.000085373
380	128	0.000087639
380	128	0.000084488
380	128	0.000092175
380	128	0.000088045
380	128	0.000091662
380	128	0.000102954
380	128	0.000105427
380	128	0.000106037
380	128	0.000101047
380	128	0.000102823
380	128	0.000132000
380	128	0.000127062
380	128	0.000124002
380	128	0.000112560
380	128	0.000117077
380	128	0.000116699
380	128	0.000136841
380	128	0.000106333
380	128	0.000135038
380	128	0.000110589
380	128	0.000129246
380	128	0.000130914
380	128	0.000130941
380	128	0.000132199
380	128	0.000147828
380	128	0.000128733
380	128	0.000132259
380	128	0.000130979
380	128	0.000133625
380	128	0.000144535
380	128	0.000139201
380	128	0.000128549
380	128	0.000133490
380	128	0.000130827
380	128	0.000130914
380	128	0.000131846
380	128	0.000131028
380	128	0.000130703
380	128	0.000132182
380	128	0.000123742
380	128	0.000132168
380	128	0.000126166
380	128	0.000131135
380	128	0.000131741
380	128	0.000133209
380	128	0.000129582
380	128	0.000123366
380	128	0.000130521
380	128	0.000131476
380	128	0.000124916
380	128	0.000131151
380	128	0.000128067
380	128	0.000131452
380	128	0.000127956
380	128	0.000130805
380	128	0.000130694
380	128	0.000131500
380	128	0.000131507
380	128	0.000130662
380	128	0.000131031
380	128	0.000128116
380	256	0.000220350
380	256	0.000202835
380	256	0.000198346
380	256	0.000198684
380	256	0.000202466
380	256	0.000202581
380	256	0.000198861
380	256	0.000199610
380	256	0.000207333
380	256	0.000198470
380	256	0.000203150
380	256	0.000214520
380	256	0.000203270
380	256	0.000222793
380	256	0.000198374
380	256	0.000202375
380	256	0.000199042
380	256	0.000229070
380	256	0.000223021
380	256	0.000199687
380	256	0.000223363
380	256	0.000203363
380	256	0.000212064
380	256	0.000198613
380	256	0.000198059
380	256	0.000202443
380	256	0.000208529
380	256	0.000202643
380	256	0.000198353
380	256	0.000202916
380	256	0.000199615
380	256	0.000223020
380	256	0.000198688
380	256	0.000217167
380	256	0.000202633
380	256	0.000224372
380	256	0.000187785
380	256	0.000228676
380	256	0.000233979
380	256	0.000236092
380	256	0.000262631
380	256	0.000231975
380	256	0.000297517
380	256	0.000305146
380	256	0.000304582
380	256	0.000284313
380	256	0.000312286
380	256	0.000294850
380	256	0.000316116
380	256	0.000309759
380	256	0.000362320
380	256	0.000342103
380	256	0.000354971
380	256	0.000346651
380	256	0.000334230
380	256	0.000356652
380	256	0.000362478
380	256	0.000327632
380	256	0.000334054
380	256	0.000346741
380	256	0.000354972
380	256	0.000372596
380	256	0.000346798
380	256	0.000329794
380	256	0.000339577
380	256	0.000347529
380	256	0.000367765
380	256	0.000354359
380	256	0.000326430
380	256	0.000355314
380	256	0.000347991
380	256	0.000342318
380	256	0.000396800
380	256	0.000334241
380	256	0.000342784
380	256	0.000346813
380	256	0.000349607
380	256	0.000357395
380	256	0.000389855
380	256	0.000355742
380	256	0.000346760
380	256	0.000400168
380	256	0.000363883
380	256	0.000337405
380	256	0.000400721
380	256	0.000412015
380	256	0.000400679
380	256	0.000356006
380	256	0.000354197
380	256	0.000355314
380	256	0.000379002
380	256	0.000390030
380	256	0.000390111
380	256	0.000358768
380	256	0.000377437
380	256	0.000326247
380	256	0.000355189
380	256	0.000383733
380	256	0.000345140
380	256	0.000333899
380	380	0.000219196
380	380	0.000224290
380	380	0.000224086
380	380	0.000226295
380	380	0.000249276
380	380	0.000249686
380	380	0.000243836
380	380	0.000229034
380	380	0.000224231
380	380	0.000219422
380	380	0.000244537
380	380	0.000219867
380	380	0.000244123
380	380	0.000224171
380	380	0.000224375
380	380	0.000235350
380	380	0.000244583
380	380	0.000224939
380	380	0.000220511
380	380	0.000272407
380	380	0.000220614
380	380	0.000244485
380	380	0.000233697
380	380	0.000178816
380	380	0.000220344
380	380	0.000219865
380	380	0.000234791
380	380	0.000234159
380	380	0.000224117
380	380	0.000244362
380	380	0.000220220
380	380	0.000244800
380	380	0.000219567
380	380	0.000220202
380	380	0.000233265
380	380	0.000273566
380	380	0.000250989
380	380	0.000250883
380	380	0.000230139
380	380	0.000219491
380	380	0.000221022
380	380	0.000224408
380	380	0.000244543
380	380	0.000244293
380	380	0.000221447
380	380	0.000253173
380	380	0.000265233
380	380	0.000246543
380	380	0.000251117
380	380	0.000247853
380	380	0.000308377
380	380	0.000294132
380	380	0.000294339
380	380	0.000341115
380	380	0.000318058
380	380	0.000285373
380	380	0.000312271
380	380	0.000326361
380	380	0.000299937
380	380	0.000334121
380	380	0.000299092
380	380	0.000325426
380	380	0.000332813
380	380	0.000329652
380	380	0.000330480
380	380	0.000324093
380	380	0.000348826
380	380	0.000356723
380	380	0.000385073
380	380	0.000411208
380	380	0.000403133
380	380	0.000377584
380	380	0.000361085
380	380	0.000363228
380	380	0.000369705
380	380	0.000395859
380	380	0.000370124
380	380	0.000387719
380	380	0.000392273
380	380	0.000426924
380	380	0.000414090
380	380	0.000371328
380	380	0.000427826
380	380	0.000392063
380	380	0.000394591
380	380	0.000392915
380	380	0.000384000
380	380	0.000388039
380	380	0.000428057
380	380	0.000368531
380	380	0.000392249
380	380	0.000401095
380	380	0.000371531
380	380	0.000383869
380	380	0.000391914
380	380	0.000419502
380	380	0.000385266
380	380	0.000426721
380	380	0.000404495
380	380	0.000426688
380	510	0.000295517
380	510	0.000265817
380	510	0.000265805
380	510	0.000269899
380	510	0.000274151
380	510	0.000298188
380	510	0.000266825
380	510	0.000290502
380	510	0.000269754
380	510	0.000270019
380	510	0.000275606
380	510	0.000296030
380	510	0.000270353
380	510	0.000270182
380	510	0.000265802
380	510	0.000286621
380	510	0.000295668
380	510	0.000290089
380	510	0.000290516
380	510	0.000270392
380	510	0.000266871
380	510	0.000270637
380	510	0.000290311
380	510	0.000290652
380	510	0.000265228
380	510	0.000265664
380	510	0.000291341
380	510	0.000269784
380	510	0.000296186
380	510	0.000270338
380	510	0.000267335
380	510	0.000287109
380	510	0.000281589
380	510	0.000265968
380	510	0.000290528
380	510	0.000310407
380	510	0.000319425
380	510	0.000335800
380	510	0.000350425
380	510	0.000310265
380	510	0.000315080
380	510	0.000310398
380	510	0.000428715
380	510	0.000430075
380	510	0.000439181
380	510	0.000478290
380	510	0.000438013
380	510	0.000445998
380	510	0.000445384
380	510	0.000507800
380	510	0.000491533
380	510	0.000517780
380	510	0.000513838
380	510	0.000524180
380	510	0.000486842
380	510	0.000517133
380	510	0.000449710
380	510	0.000508895
380	510	0.000479964
380	510	0.000477326
380	510	0.000528636
380	510	0.000481552
380	510	0.000467988
380	510	0.000497904
380	510	0.000549963
380	510	0.000495411
380	510	0.000477673
380	510	0.000473074
380	510	0.000481341
380	510	0.000444474
380	510	0.000468418
380	510	0.000504846
380	510	0.000508150
380	510	0.000484271
380	510	0.000465244
380	510	0.000517287
380	510	0.000477115
380	510	0.000489738
380	510	0.000507068
380	510	0.000482811
380	510	0.000461335
380	510	0.000508487
380	510	0.000471602
380	510	0.000464977
380	510	0.000526718
380	510	0.000495132
380	510	0.000465537
380	510	0.000466905
380	510	0.000478785
380	510	0.000472349
380	510	0.000449621
380	510	0.000445251
380	510	0.000444865
380	510	0.000454126
380	510	0.000437306
380	510	0.000478204
380	510	0.000511372
380	510	0.000473927
380	510	0.000509264
380	510	0.000526758
380	600	0.000360889
380	600	0.000351968
380	600	0.000351110
380	600	0.000360496
380	600	0.000356819
380	600	0.000357504
380	600	0.000355179
380	600	0.000375157
380	600	0.000350855
380	600	0.000381954
380	600	0.000375183
380	600	0.000354325
380	600	0.000386038
380	600	0.000419957
380	600	0.000410036
380	600	0.000415928
380	600	0.000517259
380	600	0.000561064
380	600	0.000573903
380	600	0.000612303
380	600	0.000612917
380	600	0.000635372
380	600	0.000670966
380	600	0.000677093
380	600	0.000665474
380	600	0.000613365
380	600	0.000625444
380	600	0.000670680
380	600	0.000628793
380	600	0.000626732
380	600	0.000621638
380	600	0.000663054
380	600	0.000639141
380	600	0.000622461
380	600	0.000599006
380	600	0.000649876
380	600	0.000582941
380	600	0.000659401
380	600	0.000586513
380	600	0.000606648
380	600	0.000632084
380	600	0.000636322
380	600	0.000622582
380	600	0.000614321
380	600	0.000636310
380	600	0.000663914
380	600	0.000638641
380	600	0.000656396
380	600	0.000648099
380	600	0.000622281
380	600	0.000589843
380	600	0.000615448
380	600	0.000584162
380	600	0.000597881
380	600	0.000651980
380	600	0.000641641
380	600	0.000658915
380	600	0.000587205
380	600	0.000627577
380	600	0.000608482
380	600	0.000672032
380	600	0.000631871
380	600	0.000661857
380	600	0.000624412
380	600	0.000640220
380	600	0.000648729
380	600	0.000622051
380	600	0.000576749
380	600	0.000650205
380	600	0.000577993
380	600	0.000663355
380	600	0.000640485
380	600	0.000629212
380	600	0.000666575
380	600	0.000638984
380	600	0.000618154
380	600	0.000622597
380	600	0.000613847
380	600	0.000637553
380	600	0.000587817
380	600	0.000607071
380	600	0.000600615
380	600	0.000634602
380	600	0.000609504
380	600	0.000620060
380	600	0.000656839
380	600	0.000685012
380	600	0.000610544
380	600	0.000604561
380	600	0.000638482
380	600	0.000661673
380	600	0.000637441
380	600	0.000584964
380	600	0.000627677
380	600	0.000652421
380	600	0.000586646
380	600	0.000625028
380	600	0.000649437
380	600	0.000663823
380	600	0.000631016
510	128	0.000106055
510	128	0.000100691
510	128	0.000096691
510	128	0.000098416
510	128	0.000101105
510	128	0.000100203
510	128	0.000107143
510	128	0.000098595
510	128	0.000100203
510	128	0.000101793
510	128	0.000100201
510	128	0.000101421
510	128	0.000098753
510	128	0.000113114
510	128	0.000098046
510	128	0.000100969
510	128	0.000101600
510	128	0.000096733
510	128	0.000108569
510	128	0.000098704
510	128	0.000115495
510	128	0.000101549
510	128	0.000101575
510	128	0.000101922
510	128	0.000096630
510	128	0.000098353
510	128	0.000100352
510	128	0.000105630
510	128	0.000100749
510	128	0.000100338
510	128	0.000100300
510	128	0.000098384
510	128	0.000101566
510	128	0.000117252
510	128	0.000101223
510	128	0.000101530
510	128	0.000102325
510	128	0.000108236
510	128	0.000112856
510	128	0.000102196
510	128	0.000105079
510	128	0.000113100
510	128	0.000113525
510	128	0.000108311
510	128	0.000127232
510	128	0.000132319
510	128	0.000151665
510	128	0.000131562
510	128	0.000142942
510	128	0.000131225
510	128	0.000134254
510	128	0.000133669
510	128	0.000133221
510	128	0.000147844
510	128	0.000145263
510	128	0.000148627
510	128	0.000147529
510	128	0.000150553
510	128	0.000156756
510	128	0.000157611
510	128	0.000150823
510	128	0.000157699
510	128	0.000152669
510	128	0.000166052
510	128	0.000167051
510	128	0.000171314
510	128	0.000165796
510	128	0.000152985
510	128	0.000155994
510	128	0.000176390
510	128	0.000174196
510	128	0.000176726
510	128	0.000172518
510	128	0.000175673
510	128	0.000175030
510	128	0.000175231
510	128	0.000175297
510	128	0.000172693
510	128	0.000169488
510	128	0.000169245
510	128	0.000171525
510	128	0.000176307
510	128	0.000175440
510	128	0.000175576
510	128	0.000175350
510	128	0.000176711
510	128	0.000175289
510	128	0.000185717
510	128	0.000186108
510	128	0.000174235
510	128	0.000186585
510	128	0.000185852
510	128	0.000182529
510	128	0.000205421
510	128	0.000165074
510	128	0.000177148
510	128	0.000165971
510	128	0.000175385
510	128	0.000182522
510	128	0.000169526
510	256	0.000271646
510	256	0.000266207
510	256	0.000266280
510	256	0.000267396
510	256	0.000276001
510	256	0.000272910
510	256	0.000266678
510	256	0.000271579
510	256	0.000273747
510	256	0.000285104
510	256	0.000298910
510	256	0.000266164
510	256	0.000271947
510	256	0.000306810
510	256	0.000270247
510	256	0.000296409
510	256	0.000272105
510	256	0.000266832
510	256	0.000273576
510	256	0.000275626
510	256	0.000272297
510	256	0.000265934
510	256	0.000271528
510	256	0.000270779
510	256	0.000299199
510	256	0.000266286
510	256	0.000266586
510	256	0.000266443
510	256	0.000295485
510	256	0.000267320
510	256	0.000203882
510	256	0.000306789
510	256	0.000266451
510	256	0.000275651
510	256	0.000272505
510	256	0.000267475
510	256	0.000310531
510	256	0.000309979
510	256	0.000324684
510	256	0.000324182
510	256	0.000335179
510	256	0.000327859
510	256	0.000377887
510	256	0.000385421
510	256	0.000361317
510	256	0.000448051
510	256	0.000448571
510	256	0.000517221
510	256	0.000465093
510	256	0.000476495
510	256	0.000483242
510	256	0.000449292
510	256	0.000464900
510	256	0.000466734
510	256	0.000475096
510	256	0.000444445
510	256	0.000476923
510	256	0.000510821
510	256	0.000466333
510	256	0.000445001
510	256	0.000364000
510	256	0.000446787
510	256	0.000437729
510	256	0.000442572
510	256	0.000474053
510	256	0.000512465
510	256	0.000465036
510	256	0.000533863
510	256	0.000522440
510	256	0.000445752
510	256	0.000456598
510	256	0.000475550
510	256	0.000480507
510	256	0.000492852
510	256	0.000534122
510	256	0.000475346
510	256	0.000466395
510	256	0.000507757
510	256	0.000565102
510	256	0.000531646
510	256	0.000480019
510	256	0.000458482
510	256	0.000475961
510	256	0.000497788
510	256	0.000493365
510	256	0.000472191
510	256	0.000449306
510	256	0.000485050
510	256	0.000465197
510	256	0.000360586
510	256	0.000463507
510	256	0.000524234
510	256	0.000474607
510	256	0.000444298
510	256	0.000454346
510	256	0.000514070
510	256	0.000486015
510	256	0.000465808
510	256	0.000483469
510	256	0.000512740
510	380	0.000303094
510	380	0.000334987
510	380	0.000327649
510	380	0.000345661
510	380	0.000300621
510	380	0.000302732
510	380	0.000328031
510	380	0.000294580
510	380	0.000294307
510	380	0.000327541
510	380	0.000301417
510	380	0.000333562
510	380	0.000331533
510	380	0.000342360
510	380	0.000327589
510	380	0.000300164
510	380	0.000327742
510	380	0.000327855
510	380	0.000303091
510	380	0.000299621
510	380	0.000294252
510	380	0.000327049
510	380	0.000295885
510	380	0.000294879
510	380	0.000318319
510	380	0.000347093
510	380	0.000321818
510	380	0.000317974
510	380	0.000375488
510	380	0.000374869
510	380	0.000375305
510	380	0.000384474
510	380	0.000374434
510	380	0.000390181
510	380	0.000401289
510	380	0.000401624
510	380	0.000420506
510	380	0.000424059
510	380	0.000442934
510	380	0.000516237
510	380	0.000591662
510	380	0.000525802
510	380	0.000500816
510	380	0.000500906
510	380	0.000573350
510	380	0.000564474
510	380	0.000515632
510	380	0.000564982
510	380	0.000518539
510	380	0.000555504
510	380	0.000573057
510	380	0.000502142
510	380	0.000525912
510	380	0.000551580
510	380	0.000547269
510	380	0.000532551
510	380	0.000485729
510	380	0.000508973
510	380	0.000538819
510	380	0.000495638
510	380	0.000556715
510	380	0.000586776
510	380	0.000551554
510	380	0.000559942
510	380	0.000523781
510	380	0.000548448
510	380	0.000595326
510	380	0.000527584
510	380	0.000571508
510	380	0.000496178
510	380	0.000563769
510	380	0.000541903
510	380	0.000501624
510	380	0.000514359
510	380	0.000538375
510	380	0.000499999
510	380	0.000572160
510	380	0.000503728
510	380	0.000546891
510	380	0.000514762
510	380	0.000551223
510	380	0.000585905
510	380	0.000537921
510	380	0.000517515
510	380	0.000516049
510	380	0.000547579
510	380	0.000564767
510	380	0.000526298
510	380	0.000526097
510	380	0.000542964
510	380	0.000559936
510	380	0.000527096
510	380	0.000604176
510	380	0.000509516
510	380	0.000593536
510	380	0.000574122
510	380	0.000533930
510	380	0.000502441
510	380	0.000504232
510	380	0.000536562
510	510	0.000367859
510	510	0.000372074
510	510	0.000402064
510	510	0.000389583
510	510	0.000357584
510	510	0.000389803
510	510	0.000362990
510	510	0.000356442
510	510	0.000362135
510	510	0.000365339
510	510	0.000366343
510	510	0.000397794
510	510	0.000393301
510	510	0.000378824
510	510	0.000389648
510	510	0.000394344
510	510	0.000362342
510	510	0.000356371
510	510	0.000389285
510	510	0.000357082
510	510	0.000362395
510	510	0.000362634
510	510	0.000367213
510	510	0.000367248
510	510	0.000373616
510	510	0.000399358
510	510	0.000407765
510	510	0.000380907
510	510	0.000391634
510	510	0.000436033
510	510	0.000414727
510	510	0.000414291
510	510	0.000368837
510	510	0.000403866
510	510	0.000403547
510	510	0.000415595
510	510	0.000416003
510	510	0.000417322
510	510	0.000422903
510	510	0.000423389
510	510	0.000422835
510	510	0.000433390
510	510	0.000474476
510	510	0.000483512
510	510	0.000453940
510	510	0.000472929
510	510	0.000478516
510	510	0.000524462
510	510	0.000475699
510	510	0.000507239
510	510	0.000544928
510	510	0.000449779
510	510	0.000440110
510	510	0.000490507
510	510	0.000554844
510	510	0.000633330
510	510	0.000579692
510	510	0.000555564
510	510	0.000612078
510	510	0.000587117
510	510	0.000632426
510	510	0.000659546
510	510	0.000697978
510	510	0.000641621
510	510	0.000620871
510	510	0.000709438
510	510	0.000660523
510	510	0.000674489
510	510	0.000641825
510	510	0.000674770
510	510	0.000617552
510	510	0.000685435
510	510	0.000622917
510	510	0.000690160
510	510	0.000682027
510	510	0.000613059
510	510	0.000607137
510	510	0.000655117
510	510	0.000612495
510	510	0.000641052
510	510	0.000586952
510	510	0.000689895
510	510	0.000630436
510	510	0.000631692
510	510	0.000596377
510	510	0.000622243
510	510	0.000594327
510	510	0.000605291
510	510	0.000624154
510	510	0.000646657
510	510	0.000622989
510	510	0.000665078
510	510	0.000686274
510	510	0.000632663
510	510	0.000686493
510	510	0.000692771
510	510	0.000678301
510	510	0.000619274
510	510	0.000636814
510	510	0.000659178
510	600	0.000506374
510	600	0.000501872
510	600	0.000483683
510	600	0.000513293
510	600	0.000487812
510	600	0.000485629
510	600	0.000509732
510	600	0.000503711
510	600	0.000470123
510	600	0.000503739
510	600	0.000511012
510	600	0.000471196
510	600	0.000470186
510	600	0.000511306
510	600	0.000512585
510	600	0.000475990
510	600	0.000480938
510	600	0.000470198
510	600	0.000503969
510	600	0.000540975
510	600	0.000604492
510	600	0.000611739
510	600	0.000514371
510	600	0.000508946
510	600	0.000513473
510	600	0.000527655
510	600	0.000530892
510	600	0.000684148
510	600	0.000675621
510	600	0.000691997
510	600	0.000632873
510	600	0.000634908
510	600	0.000749850
510	600	0.000717179
510	600	0.000830076
510	600	0.000791710
510	600	0.000789321
510	600	0.000857244
510	600	0.000906488
510	600	0.000783892
510	600	0.000832110
510	600	0.000822437
510	600	0.000839385
510	600	0.000905647
510	600	0.000857993
510	600	0.000911888
510	600	0.000786524
510	600	0.000833623
510	600	0.000839211
510	600	0.000822583
510	600	0.000921570
510	600	0.000858044
510	600	0.000838683
510	600	0.000786877
510	600	0.000849824
510	600	0.000890346
510	600	0.000829975
510	600	0.000849966
510	600	0.000818549
510	600	0.000899641
510	600	0.000774828
510	600	0.000796485
510	600	0.000852884
510	600	0.000773947
510	600	0.000836074
510	600	0.000832637
510	600	0.000842090
510	600	0.000823121
510	600	0.000813732
510	600	0.000888088
510	600	0.000879057
510	600	0.000824274
510	600	0.000861765
510	600	0.000909152
510	600	0.000870310
510	600	0.000803950
510	600	0.000844127
510	600	0.000849401
510	600	0.000808664
510	600	0.000771251
510	600	0.000759164
510	600	0.000752925
510	600	0.000795374
510	600	0.000863120
510	600	0.000817174
510	600	0.000841416
510	600	0.000863471
510	600	0.000784163
510	600	0.000811217
510	600	0.000714127
510	600	0.000685795
510	600	0.000671311
510	600	0.000648590
510	600	0.000688915
510	600	0.000672103
510	600	0.000651016
510	600	0.000667414
510	600	0.000714959
510	600	0.000677573
510	600	0.000727035
600	128	0.000117824
600	128	0.000118594
600	128	0.000115281
600	128	0.000115288
600	128	0.000117872
600	128	0.000119149
600	128	0.000117739
600	128	0.000125128
600	128	0.000117950
600	128	0.000115137
600	128	0.000115853
600	128	0.000115305
600	128	0.000117900
600	128	0.000119180
600	128	0.000117733
600	128	0.000117821
600	128	0.000117772
600	128	0.000117853
600	128	0.000116176
600	128	0.000118288
600	128	0.000128500
600	128	0.000113844
600	128	0.000118105
600	128	0.000138341
600	128	0.000120098
600	128	0.000117797
600	128	0.000121703
600	128	0.000117826
600	128	0.000127765
600	128	0.000114100
600	128	0.000118813
600	128	0.000124780
600	128	0.000117533
600	128	0.000120512
600	128	0.000123633
600	128	0.000118958
600	128	0.000129117
600	128	0.000118047
600	128	0.000137762
600	128	0.000166858
600	128	0.000126944
600	128	0.000124987
600	128	0.000147055
600	128	0.000137424
600	128	0.000138512
600	128	0.000139017
600	128	0.000138807
600	128	0.000138500
600	128	0.000137563
600	128	0.000134674
600	128	0.000172038
600	128	0.000127530
600	128	0.000124459
600	128	0.000137392
600	128	0.000132965
600	128	0.000122314
600	128	0.000132481
600	128	0.000125985
600	128	0.000120113
600	128	0.000119733
600	128	0.000119470
600	128	0.000132877
600	128	0.000133009
600	128	0.000132620
600	128	0.000133489
600	128	0.000162261
600	128	0.000187250
600	128	0.000181527
600	128	0.000165831
600	128	0.000165002
600	128	0.000165441
600	128	0.000175574
600	128	0.000206089
600	128	0.000219733
600	128	0.000208345
600	128	0.000206754
600	128	0.000206174
600	128	0.000201854
600	128	0.000210878
600	128	0.000214403
600	128	0.000201528
600	128	0.000189774
600	128	0.000214737
600	128	0.000201965
600	128	0.000219537
600	128	0.000222866
600	128	0.000215113
600	128	0.000200736
600	128	0.000220049
600	128	0.000203733
600	128	0.000226430
600	128	0.000204962
600	128	0.000211329
600	128	0.000194777
600	128	0.000208564
600	128	0.000243302
600	128	0.000194262
600	128	0.000197160
600	128	0.000210230
600	128	0.000208582
600	256	0.000312544
600	256	0.000351349
600	256	0.000312815
600	256	0.000353671
600	256	0.000320044
600	256	0.000312433
600	256	0.000325677
600	256	0.000317276
600	256	0.000353172
600	256	0.000319733
600	256	0.000312967
600	256	0.000312509
600	256	0.000313693
600	256	0.000320071
600	256	0.000338879
600	256	0.000324004
600	256	0.000320653
600	256	0.000361457
600	256	0.000320520
600	256	0.000312637
600	256	0.000324951
600	256	0.000369188
600	256	0.000338642
600	256	0.000313560
600	256	0.000366998
600	256	0.000413733
600	256	0.000410494
600	256	0.000448421
600	256	0.000407184
600	256	0.000407057
600	256	0.000407632
600	256	0.000400542
600	256	0.000392651
600	256	0.000365699
600	256	0.000364598
600	256	0.000421252
600	256	0.000447769
600	256	0.000495072
600	256	0.000547285
600	256	0.000526741
600	256	0.000524106
600	256	0.000515459
600	256	0.000613817
600	256	0.000566905
600	256	0.000560317
600	256	0.000554532
600	256	0.000547921
600	256	0.000566201
600	256	0.000546944
600	256	0.000570148
600	256	0.000526089
600	256	0.000568743
600	256	0.000535954
600	256	0.000616498
600	256	0.000567126
600	256	0.000544715
600	256	0.000514579
600	256	0.000477510
600	256	0.000522739
600	256	0.000471394
600	256	0.000493629
600	256	0.000550004
600	256	0.000593639
600	256	0.000565395
600	256	0.000579077
600	256	0.000523687
600	256	0.000536991
600	256	0.000544758
600	256	0.000570364
600	256	0.000592739
600	256	0.000545134
600	256	0.000555607
600	256	0.000530542
600	256	0.000565035
600	256	0.000615075
600	256	0.000568999
600	256	0.000611629
600	256	0.000548751
600	256	0.000582178
600	256	0.000552739
600	256	0.000628534
600	256	0.000498814
600	256	0.000489963
600	256	0.000486218
600	256	0.000523224
600	256	0.000540923
600	256	0.000540051
600	256	0.000585590
600	256	0.000527239
600	256	0.000523785
600	256	0.000426398
600	256	0.000423899
600	256	0.000419709
600	256	0.000460742
600	256	0.000519120
600	256	0.000464470
600	256	0.000574978
600	256	0.000630687
600	256	0.000548952
600	256	0.000548999
600	380	0.000393812
600	380	0.000385456
600	380	0.000353199
600	380	0.000385170
600	380	0.000346653
600	380	0.000346781
600	380	0.000346292
600	380	0.000347957
600	380	0.000354269
600	380	0.000376257
600	380	0.000353433
600	380	0.000361565
600	380	0.000346346
600	380	0.000385718
600	380	0.000347352
600	380	0.000346178
600	380	0.000394251
600	380	0.000375594
600	380	0.000352236
600	380	0.000393895
600	380	0.000346959
600	380	0.000348418
600	380	0.000348806
600	380	0.000346239
600	380	0.000354281
600	380	0.000388375
600	380	0.000379672
600	380	0.000394558
600	380	0.000353311
600	380	0.000346827
600	380	0.000353374
600	380	0.000346714
600	380	0.000353995
600	380	0.000352082
600	380	0.000322962
600	380	0.000357456
600	380	0.000347389
600	380	0.000385465
600	380	0.000346649
600	380	0.000354760
600	380	0.000370614
600	380	0.000404868
600	380	0.000303344
600	380	0.000415325
600	380	0.000301769
600	380	0.000469159
600	380	0.000423163
600	380	0.000421789
600	380	0.000430397
600	380	0.000431450
600	380	0.000340853
600	380	0.000480079
600	380	0.000430506
600	380	0.000455467
600	380	0.000364258
600	380	0.000353313
600	380	0.000470078
600	380	0.000447935
600	380	0.000309215
600	380	0.000396327
600	380	0.000449351
600	380	0.000449967
600	380	0.000498613
600	380	0.000551708
600	380	0.000382947
600	380	0.000500023
600	380	0.000513948
600	380	0.000488265
600	380	0.000450390
600	380	0.000441702
600	380	0.000442566
600	380	0.000472623
600	380	0.000463989
600	380	0.000472589
600	380	0.000441954
600	380	0.000432169
600	380	0.000404461
600	380	0.000490195
600	380	0.000456481
600	380	0.000509961
600	380	0.000527687
600	380	0.000498925
600	380	0.000490870
600	380	0.000449081
600	380	0.000459137
600	380	0.000515130
600	380	0.000522908
600	380	0.000445877
600	380	0.000410278
600	380	0.000442121
600	380	0.000432017
600	380	0.000479750
600	380	0.000450648
600	380	0.000470688
600	380	0.000525278
600	380	0.000660915
600	380	0.000582491
600	380	0.000589812
600	380	0.000599213
600	380	0.000619434
600	510	0.000425744
600	510	0.000458375
600	510	0.000457973
600	510	0.000466095
600	510	0.000475266
600	510	0.000418775
600	510	0.000419392
600	510	0.000466117
600	510	0.000458262
600	510	0.000420816
600	510	0.000427354
600	510	0.000419301
600	510	0.000466810
600	510	0.000457850
600	510	0.000425657
600	510	0.000457890
600	510	0.000466528
600	510	0.000419496
600	510	0.000466398
600	510	0.000467061
600	510	0.000466820
600	510	0.000425183
600	510	0.000424812
600	510	0.000468835
600	510	0.000478005
600	510	0.000577747
600	510	0.000546912
600	510	0.000562149
600	510	0.000568329
600	510	0.000559731
600	510	0.000744717
600	510	0.000760769
600	510	0.000720316
600	510	0.000707117
600	510	0.000713332
600	510	0.000738391
600	510	0.000773777
600	510	0.000716247
600	510	0.000753008
600	510	0.000752553
600	510	0.000725509
600	510	0.000747977
600	510	0.000777054
600	510	0.000777884
600	510	0.000752487
600	510	0.000742951
600	510	0.000725316
600	510	0.000820865
600	510	0.000730147
600	510	0.000714219
600	510	0.000798205
600	510	0.000789943
600	510	0.000777489
600	510	0.000689369
600	510	0.000709873
600	510	0.000817255
600	510	0.000662626
600	510	0.000679662
600	510	0.000734424
600	510	0.000706371
600	510	0.000794017
600	510	0.000744672
600	510	0.000775239
600	510	0.000697560
600	510	0.000698973
600	510	0.000767116
600	510	0.000744069
600	510	0.000719664
600	510	0.000755033
600	510	0.000694542
600	510	0.000749511
600	510	0.000745890
600	510	0.000746321
600	510	0.000755788
600	510	0.000798138
600	510	0.000741426
600	510	0.000787008
600	510	0.000733720
600	510	0.000718596
600	510	0.000758717
600	510	0.000724863
600	510	0.000741238
600	510	0.000754935
600	510	0.000741819
600	510	0.000734155
600	510	0.000709188
600	510	0.000777181
600	510	0.000797793
600	510	0.000704126
600	510	0.000742596
600	510	0.000731643
600	510	0.000728755
600	510	0.000707683
600	510	0.000706484
600	510	0.000710076
600	510	0.000768160
600	510	0.000701366
600	510	0.000761146
600	510	0.000713608
600	510	0.000779029
600	600	0.000560943
600	600	0.000584274
600	600	0.000592877
600	600	0.000600422
600	600	0.000554369
600	600	0.000602049
600	600	0.000561969
600	600	0.000597763
600	600	0.000587964
600	600	0.000565528
600	600	0.000567932
600	600	0.000600913
600	600	0.000560158
600	600	0.000600285
600	600	0.000605742
600	600	0.000593960
600	600	0.000578252
600	600	0.000621389
600	600	0.000554441
600	600	0.000591960
600	600	0.000553835
600	600	0.000600871
600	600	0.000566392
600	600	0.000558968
600	600	0.000569177
600	600	0.000558052
600	600	0.000611383
600	600	0.000659203
600	600	0.000647399
600	600	0.000678656
600	600	0.000711762
600	600	0.000714596
600	600	0.000717500
600	600	0.000815657
600	600	0.000878610
600	600	0.000874392
600	600	0.000885770
600	600	0.000873909
600	600	0.000870566
600	600	0.000790382
600	600	0.000777245
600	600	0.000827408
600	600	0.000830112
600	600	0.000681291
600	600	0.000724112
600	600	0.000645809
600	600	0.000692856
600	600	0.000704625
600	600	0.000690001
600	600	0.000701690
600	600	0.000696638
600	600	0.000720684
600	600	0.000876988
600	600	0.000927865
600	600	0.000928754
600	600	0.000867007
600	600	0.000823629
600	600	0.000736854
600	600	0.000753603
600	600	0.000712374
600	600	0.000757912
600	600	0.000782893
600	600	0.000807801
600	600	0.000719021
600	600	0.000715421
600	600	0.000710614
600	600	0.000773912
600	600	0.000752964
600	600	0.000735694
600	600	0.000753631
600	600	0.000712427
600	600	0.000764972
600	600	0.000808807
600	600	0.000817305
600	600	0.000995479
600	600	0.000975207
600	600	0.000962216
600	600	0.000953936
600	600	0.001015944
600	600	0.000974979
600	600	0.001065498
600	600	0.000976084
600	600	0.001002074
600	600	0.000963235
600	600	0.000940073
600	600	0.001013812
600	600	0.001050286
600	600	0.001023751
600	600	0.001004151
600	600	0.001023642
600	600	0.001022649
600	600	0.000939744
600	600	0.000921739
600	600	0.000997332
600	600	0.000918489
600	600	0.000965355
600	600	0.001013481
600	600	0.000959247
600	600	0.000943366
600	600	0.000790156
