120	128	0.000013647
120	128	0.000019433
120	128	0.000013673
120	128	0.000013688
120	128	0.000013654
120	128	0.000013699
120	128	0.000013700
120	128	0.000013686
120	128	0.000013667
120	128	0.000013697
120	128	0.000013721
120	128	0.000013278
120	128	0.000013681
120	128	0.000013663
120	128	0.000013708
120	128	0.000013709
120	128	0.000013308
120	128	0.000013677
120	128	0.000013710
120	128	0.000013668
120	128	0.000013697
120	128	0.000013702
120	128	0.000013289
120	128	0.000013696
120	128	0.000013706
120	128	0.000013676
120	128	0.000013677
120	128	0.000013687
120	128	0.000013687
120	128	0.000013685
120	128	0.000013680
120	128	0.000013678
120	128	0.000013679
120	128	0.000013721
120	128	0.000013699
120	128	0.000013703
120	128	0.000015977
120	128	0.000015989
120	128	0.000015971
120	128	0.000015942
120	128	0.000015922
120	128	0.000016676
120	128	0.000016650
120	128	0.000016646
120	128	0.000016632
120	128	0.000016647
120	128	0.000016642
120	128	0.000018242
120	128	0.000018250
120	128	0.000018225
120	128	0.000018248
120	128	0.000021293
120	128	0.000021294
120	128	0.000021291
120	128	0.000021304
120	128	0.000023943
120	128	0.000023955
120	128	0.000023945
120	128	0.000023924
120	128	0.000023311
120	128	0.000024005
120	128	0.000023198
120	128	0.000023941
120	128	0.000036089
120	128	0.000023999
120	128	0.000023975
120	128	0.000023959
120	128	0.000022485
120	128	0.000022560
120	128	0.000023956
120	128	0.000023975
120	128	0.000023942
120	128	0.000023995
120	128	0.000023942
120	128	0.000023928
120	128	0.000033106
120	128	0.000023906
120	128	0.000023894
120	128	0.000023896
120	128	0.000023927
120	128	0.000023929
120	128	0.000023967
120	128	0.000023966
120	128	0.000023948
120	128	0.000023964
120	128	0.000023961
120	128	0.000025536
120	128	0.000023915
120	128	0.000023938
120	128	0.000023893
120	128	0.000023914
120	128	0.000022557
120	128	0.000023944
120	128	0.000023264
120	128	0.000023997
120	128	0.000023913
120	128	0.000023930
120	128	0.000023938
120	128	0.000023926
120	128	0.000023969
120	256	0.000026332
120	256	0.000025470
120	256	0.000026285
120	256	0.000026293
120	256	0.000025486
120	256	0.000026288
120	256	0.000026300
120	256	0.000026298
120	256	0.000026339
120	256	0.000025474
120	256	0.000026272
120	256	0.000026314
120	256	0.000026313
120	256	0.000026313
120	256	0.000026292
120	256	0.000025485
120	256	0.000026322
120	256	0.000026322
120	256	0.000026311
120	256	0.000026325
120	256	0.000026322
120	256	0.000026295
120	256	0.000026306
120	256	0.000026313
120	256	0.000026317
120	256	0.000026291
120	256	0.000026300
120	256	0.000026331
120	256	0.000026298
120	256	0.000026335
120	256	0.000026294
120	256	0.000025496
120	256	0.000026305
120	256	0.000026313
120	256	0.000026346
120	256	0.000025469
120	256	0.000026306
120	256	0.000026331
120	256	0.000026317
120	256	0.000026299
120	256	0.000026321
120	256	0.000030695
120	256	0.000030671
120	256	0.000026300
120	256	0.000026331
120	256	0.000026314
120	256	0.000037243
120	256	0.000026319
120	256	0.000026302
120	256	0.000026294
120	256	0.000026316
120	256	0.000026280
120	256	0.000026315
120	256	0.000026312
120	256	0.000026327
120	256	0.000026321
120	256	0.000026315
120	256	0.000026319
120	256	0.000032297
120	256	0.000026310
120	256	0.000026306
120	256	0.000026313
120	256	0.000026326
120	256	0.000026312
120	256	0.000026317
120	256	0.000026339
120	256	0.000026336
120	256	0.000026318
120	256	0.000026314
120	256	0.000026311
120	256	0.000026316
120	256	0.000026311
120	256	0.000026325
120	256	0.000026308
120	256	0.000026317
120	256	0.000025518
120	256	0.000026301
120	256	0.000026291
120	256	0.000026304
120	256	0.000026326
120	256	0.000026310
120	256	0.000026282
120	256	0.000026315
120	256	0.000026292
120	256	0.000026308
120	256	0.000026303
120	256	0.000026315
120	256	0.000026313
120	256	0.000026347
120	256	0.000026323
120	256	0.000028101
120	256	0.000026312
120	256	0.000026520
120	256	0.000026322
120	256	0.000026323
120	256	0.000026323
120	256	0.000032696
120	256	0.000026310
120	256	0.000026321
120	256	0.000026323
120	380	0.000038023
120	380	0.000038043
120	380	0.000038030
120	380	0.000038045
120	380	0.000038044
120	380	0.000038031
120	380	0.000038077
120	380	0.000038041
120	380	0.000038032
120	380	0.000046173
120	380	0.000038049
120	380	0.000038019
120	380	0.000038050
120	380	0.000038032
120	380	0.000038029
120	380	0.000038065
120	380	0.000038014
120	380	0.000038075
120	380	0.000038037
120	380	0.000038032
120	380	0.000038049
120	380	0.000038053
120	380	0.000038053
120	380	0.000038020
120	380	0.000038065
120	380	0.000038041
120	380	0.000038039
120	380	0.000038037
120	380	0.000038045
120	380	0.000038058
120	380	0.000044478
120	380	0.000038027
120	380	0.000039739
120	380	0.000040957
120	380	0.000040928
120	380	0.000040943
120	380	0.000040980
120	380	0.000046875
120	380	0.000048416
120	380	0.000048452
120	380	0.000048405
120	380	0.000048400
120	380	0.000048420
120	380	0.000048422
120	380	0.000048455
120	380	0.000046888
120	380	0.000046910
120	380	0.000046348
120	380	0.000046308
120	380	0.000046299
120	380	0.000046341
120	380	0.000046315
120	380	0.000050685
120	380	0.000050709
120	380	0.000050740
120	380	0.000050713
120	380	0.000056076
120	380	0.000056066
120	380	0.000056072
120	380	0.000056095
120	380	0.000066597
120	380	0.000066616
120	380	0.000066605
120	380	0.000066589
120	380	0.000066614
120	380	0.000066553
120	380	0.000062644
120	380	0.000066567
120	380	0.000066610
120	380	0.000066564
120	380	0.000066607
120	380	0.000066658
120	380	0.000066525
120	380	0.000062654
120	380	0.000066582
120	380	0.000066599
120	380	0.000066582
120	380	0.000066538
120	380	0.000066527
120	380	0.000062642
120	380	0.000071069
120	380	0.000066537
120	380	0.000066568
120	380	0.000066564
120	380	0.000066569
120	380	0.000066575
120	380	0.000066550
120	380	0.000066594
120	380	0.000066574
120	380	0.000073469
120	380	0.000066580
120	380	0.000066574
120	380	0.000066563
120	380	0.000066588
120	380	0.000066549
120	380	0.000066562
120	380	0.000066520
120	380	0.000066555
120	380	0.000068249
120	380	0.000064457
120	510	0.000050620
120	510	0.000050600
120	510	0.000050575
120	510	0.000050613
120	510	0.000050638
120	510	0.000050619
120	510	0.000050600
120	510	0.000057573
120	510	0.000048941
120	510	0.000058540
120	510	0.000050602
120	510	0.000050611
120	510	0.000048947
120	510	0.000050561
120	510	0.000050615
120	510	0.000050623
120	510	0.000050612
120	510	0.000048941
120	510	0.000048980
120	510	0.000050634
120	510	0.000050601
120	510	0.000050638
120	510	0.000050648
120	510	0.000050587
120	510	0.000050596
120	510	0.000050600
120	510	0.000050625
120	510	0.000050636
120	510	0.000050617
120	510	0.000050583
120	510	0.000050608
120	510	0.000050611
120	510	0.000050575
120	510	0.000050617
120	510	0.000050587
120	510	0.000050591
120	510	0.000050610
120	510	0.000050604
120	510	0.000048983
120	510	0.000050616
120	510	0.000054963
120	510	0.000050615
120	510	0.000050612
120	510	0.000050605
120	510	0.000050626
120	510	0.000050588
120	510	0.000050566
120	510	0.000050601
120	510	0.000050593
120	510	0.000050598
120	510	0.000050571
120	510	0.000050625
120	510	0.000050631
120	510	0.000050602
120	510	0.000050613
120	510	0.000050638
120	510	0.000056701
120	510	0.000056710
120	510	0.000056680
120	510	0.000056695
120	510	0.000056707
120	510	0.000059053
120	510	0.000059038
120	510	0.000059036
120	510	0.000059038
120	510	0.000059015
120	510	0.000064403
120	510	0.000062346
120	510	0.000064390
120	510	0.000064403
120	510	0.000067473
120	510	0.000067485
120	510	0.000067463
120	510	0.000067455
120	510	0.000067465
120	510	0.000067463
120	510	0.000077603
120	510	0.000074572
120	510	0.000074546
120	510	0.000074581
120	510	0.000072147
120	510	0.000074576
120	510	0.000072180
120	510	0.000074599
120	510	0.000074561
120	510	0.000074587
120	510	0.000074523
120	510	0.000074584
120	510	0.000074551
120	510	0.000083332
120	510	0.000083325
120	510	0.000083356
120	510	0.000094460
120	510	0.000088560
120	510	0.000090891
120	510	0.000088560
120	510	0.000088520
120	510	0.000088539
120	510	0.000088539
120	510	0.000088590
120	600	0.000059556
120	600	0.000059570
120	600	0.000059547
120	600	0.000059590
120	600	0.000059552
120	600	0.000059573
120	600	0.000059572
120	600	0.000059556
120	600	0.000059577
120	600	0.000059541
120	600	0.000059543
120	600	0.000066398
120	600	0.000059573
120	600	0.000059524
120	600	0.000059564
120	600	0.000059575
120	600	0.000057623
120	600	0.000059578
120	600	0.000064273
120	600	0.000059574
120	600	0.000063617
120	600	0.000059542
120	600	0.000059572
120	600	0.000059557
120	600	0.000059562
120	600	0.000059533
120	600	0.000059565
120	600	0.000059577
120	600	0.000059577
120	600	0.000059573
120	600	0.000059544
120	600	0.000059552
120	600	0.000059558
120	600	0.000059571
120	600	0.000059587
120	600	0.000059555
120	600	0.000059577
120	600	0.000059589
120	600	0.000059547
120	600	0.000059574
120	600	0.000066999
120	600	0.000061784
120	600	0.000061789
120	600	0.000061771
120	600	0.000061774
120	600	0.000075606
120	600	0.000069469
120	600	0.000069498
120	600	0.000074658
120	600	0.000069490
120	600	0.000072511
120	600	0.000072513
120	600	0.000072487
120	600	0.000072486
120	600	0.000075784
120	600	0.000073382
120	600	0.000075762
120	600	0.000075813
120	600	0.000079413
120	600	0.000079396
120	600	0.000076845
120	600	0.000079400
120	600	0.000079417
120	600	0.000079396
120	600	0.000079425
120	600	0.000079422
120	600	0.000076821
120	600	0.000083409
120	600	0.000083351
120	600	0.000083372
120	600	0.000084966
120	600	0.000083365
120	600	0.000083377
120	600	0.000083405
120	600	0.000087781
120	600	0.000087804
120	600	0.000087766
120	600	0.000092652
120	600	0.000092643
120	600	0.000092681
120	600	0.000092645
120	600	0.000092662
120	600	0.000092651
120	600	0.000092623
120	600	0.000104227
120	600	0.000104175
120	600	0.000104233
120	600	0.000104207
120	600	0.000104242
120	600	0.000104199
120	600	0.000100850
120	600	0.000104228
120	600	0.000104242
120	600	0.000100812
120	600	0.000104239
120	600	0.000104235
120	600	0.000104231
120	600	0.000104204
120	600	0.000104224
120	600	0.000104152
250	128	0.000027000
250	128	0.000026967
250	128	0.000031876
250	128	0.000026981
250	128	0.000026968
250	128	0.000026568
250	128	0.000026985
250	128	0.000026990
250	128	0.000033486
250	128	0.000026996
250	128	0.000026980
250	128	0.000027002
250	128	0.000026591
250	128	0.000026986
250	128	0.000040574
250	128	0.000027007
250	128	0.000026981
250	128	0.000026981
250	128	0.000027021
250	128	0.000027010
250	128	0.000026986
250	128	0.000027003
250	128	0.000026986
250	128	0.000027021
250	128	0.000026999
250	128	0.000029730
250	128	0.000027002
250	128	0.000027012
250	128	0.000026993
250	128	0.000026973
250	128	0.000028012
250	128	0.000028006
250	128	0.000027990
250	128	0.000027992
250	128	0.000027997
250	128	0.000028004
250	128	0.000031500
250	128	0.000041891
250	128	0.000031494
250	128	0.000031497
250	128	0.000031488
250	128	0.000037756
250	128	0.000037761
250	128	0.000037803
250	128	0.000037786
250	128	0.000044487
250	128	0.000043904
250	128	0.000044509
250	128	0.000044475
250	128	0.000047282
250	128	0.000047257
250	128	0.000047257
250	128	0.000048693
250	128	0.000050384
250	128	0.000047238
250	128	0.000046603
250	128	0.000047262
250	128	0.000047224
250	128	0.000047225
250	128	0.000047259
250	128	0.000047247
250	128	0.000050382
250	128	0.000054739
250	128	0.000047186
250	128	0.000047263
250	128	0.000047249
250	128	0.000047220
250	128	0.000047271
250	128	0.000047220
250	128	0.000047232
250	128	0.000047248
250	128	0.000047211
250	128	0.000047245
250	128	0.000047272
250	128	0.000047242
250	128	0.000047243
250	128	0.000047242
250	128	0.000047243
250	128	0.000047226
250	128	0.000047234
250	128	0.000044481
250	128	0.000047229
250	128	0.000047257
250	128	0.000047255
250	128	0.000047248
250	128	0.000047192
250	128	0.000047260
250	128	0.000046575
250	128	0.000047194
250	128	0.000046492
250	128	0.000047244
250	128	0.000054234
250	128	0.000047267
250	128	0.000047267
250	128	0.000047215
250	128	0.000047212
250	128	0.000047228
250	128	0.000047254
250	128	0.000047209
250	128	0.000057764
250	256	0.000051798
250	256	0.000051826
250	256	0.000051799
250	256	0.000051805
250	256	0.000051807
250	256	0.000051821
250	256	0.000051816
250	256	0.000051808
250	256	0.000051119
250	256	0.000051800
250	256	0.000051829
250	256	0.000051827
250	256	0.000051789
250	256	0.000051813
250	256	0.000051816
250	256	0.000051791
250	256	0.000051792
250	256	0.000050149
250	256	0.000051811
250	256	0.000051811
250	256	0.000051836
250	256	0.000051843
250	256	0.000051833
250	256	0.000051812
250	256	0.000057578
250	256	0.000051793
250	256	0.000050966
250	256	0.000051802
250	256	0.000051800
250	256	0.000051829
250	256	0.000051815
250	256	0.000051799
250	256	0.000051850
250	256	0.000051803
250	256	0.000051798
250	256	0.000051773
250	256	0.000051798
250	256	0.000051793
250	256	0.000051848
250	256	0.000051806
250	256	0.000051825
250	256	0.000051826
250	256	0.000051833
250	256	0.000051786
250	256	0.000051784
250	256	0.000051790
250	256	0.000051815
250	256	0.000051809
250	256	0.000051819
250	256	0.000051823
250	256	0.000051807
250	256	0.000051851
250	256	0.000051811
250	256	0.000051839
250	256	0.000051779
250	256	0.000051789
250	256	0.000051823
250	256	0.000051782
250	256	0.000051831
250	256	0.000051825
250	256	0.000051846
250	256	0.000051797
250	256	0.000051846
250	256	0.000051797
250	256	0.000051811
250	256	0.000051847
250	256	0.000051841
250	256	0.000051780
250	256	0.000051809
250	256	0.000057396
250	256	0.000051846
250	256	0.000051839
250	256	0.000051793
250	256	0.000051832
250	256	0.000051812
250	256	0.000051800
250	256	0.000051814
250	256	0.000051785
250	256	0.000051851
250	256	0.000051787
250	256	0.000051806
250	256	0.000051801
250	256	0.000051829
250	256	0.000051821
250	256	0.000051839
250	256	0.000064524
250	256	0.000051791
250	256	0.000051834
250	256	0.000051816
250	256	0.000051779
250	256	0.000051825
250	256	0.000051812
250	256	0.000051846
250	256	0.000051781
250	256	0.000051809
250	256	0.000051798
250	256	0.000051815
250	256	0.000051799
250	256	0.000051807
250	256	0.000051830
250	380	0.000074791
250	380	0.000074778
250	380	0.000074802
250	380	0.000074787
250	380	0.000074761
250	380	0.000074798
250	380	0.000073582
250	380	0.000074789
250	380	0.000074806
250	380	0.000074798
250	380	0.000074816
250	380	0.000074827
250	380	0.000079426
250	380	0.000074802
250	380	0.000074782
250	380	0.000074804
250	380	0.000074802
250	380	0.000074826
250	380	0.000074826
250	380	0.000099333
250	380	0.000074783
250	380	0.000074815
250	380	0.000074787
250	380	0.000074802
250	380	0.000074793
250	380	0.000074815
250	380	0.000080569
250	380	0.000079311
250	380	0.000080544
250	380	0.000080552
250	380	0.000099723
250	380	0.000099771
250	380	0.000099709
250	380	0.000099728
250	380	0.000116350
250	380	0.000116350
250	380	0.000116348
250	380	0.000130913
250	380	0.000130910
250	380	0.000130877
250	380	0.000130915
250	380	0.000130949
250	380	0.000130943
250	380	0.000130875
250	380	0.000130873
250	380	0.000155858
250	380	0.000130884
250	380	0.000141148
250	380	0.000142532
250	380	0.000130932
250	380	0.000142774
250	380	0.000123192
250	380	0.000130923
250	380	0.000128794
250	380	0.000131055
250	380	0.000130883
250	380	0.000135681
250	380	0.000139628
250	380	0.000130874
250	380	0.000130929
250	380	0.000130935
250	380	0.000130895
250	380	0.000130916
250	380	0.000130876
250	380	0.000130917
250	380	0.000128854
250	380	0.000130937
250	380	0.000123222
250	380	0.000130864
250	380	0.000130888
250	380	0.000137314
250	380	0.000178158
250	380	0.000137372
250	380	0.000130940
250	380	0.000130910
250	380	0.000123230
250	380	0.000123181
250	380	0.000125297
250	380	0.000128761
250	380	0.000130882
250	380	0.000130892
250	380	0.000130898
250	380	0.000138083
250	380	0.000139658
250	380	0.000139651
250	380	0.000130907
250	380	0.000128767
250	380	0.000130895
250	380	0.000143227
250	380	0.000130896
250	380	0.000140482
250	380	0.000139053
250	380	0.000141802
250	380	0.000130904
250	380	0.000130863
250	380	0.000130912
250	380	0.000139652
250	380	0.000139588
250	380	0.000130918
250	380	0.000128785
250	510	0.000099468
250	510	0.000099476
250	510	0.000099458
250	510	0.000099465
250	510	0.000099478
250	510	0.000099489
250	510	0.000105301
250	510	0.000099445
250	510	0.000099467
250	510	0.000105034
250	510	0.000099451
250	510	0.000099445
250	510	0.000099482
250	510	0.000099465
250	510	0.000099473
250	510	0.000097836
250	510	0.000099471
250	510	0.000099470
250	510	0.000102645
250	510	0.000099470
250	510	0.000099459
250	510	0.000099494
250	510	0.000099444
250	510	0.000099486
250	510	0.000099469
250	510	0.000099445
250	510	0.000099469
250	510	0.000099481
250	510	0.000099469
250	510	0.000099471
250	510	0.000099497
250	510	0.000099488
250	510	0.000099447
250	510	0.000099444
250	510	0.000099481
250	510	0.000099463
250	510	0.000099487
250	510	0.000104803
250	510	0.000099468
250	510	0.000099450
250	510	0.000099489
250	510	0.000099444
250	510	0.000104410
250	510	0.000099464
250	510	0.000105003
250	510	0.000097821
250	510	0.000099429
250	510	0.000104587
250	510	0.000099466
250	510	0.000099493
250	510	0.000099465
250	510	0.000099483
250	510	0.000099480
250	510	0.000097830
250	510	0.000099468
250	510	0.000099492
250	510	0.000099472
250	510	0.000098671
250	510	0.000099470
250	510	0.000099472
250	510	0.000099451
250	510	0.000099486
250	510	0.000099479
250	510	0.000103155
250	510	0.000099457
250	510	0.000099481
250	510	0.000101057
250	510	0.000099444
250	510	0.000116039
250	510	0.000121256
250	510	0.000116036
250	510	0.000116059
250	510	0.000132626
250	510	0.000139730
250	510	0.000132623
250	510	0.000138953
250	510	0.000146541
250	510	0.000146586
250	510	0.000146578
250	510	0.000174053
250	510	0.000174058
250	510	0.000174075
250	510	0.000174084
250	510	0.000211726
250	510	0.000185055
250	510	0.000174095
250	510	0.000173828
250	510	0.000166558
250	510	0.000174092
250	510	0.000174025
250	510	0.000174077
250	510	0.000171207
250	510	0.000184601
250	510	0.000174626
250	510	0.000170721
250	510	0.000174055
250	510	0.000174034
250	510	0.000174108
250	510	0.000171270
250	510	0.000174062
250	600	0.000117076
250	600	0.000117083
250	600	0.000117070
250	600	0.000117125
250	600	0.000117078
250	600	0.000117090
250	600	0.000117089
250	600	0.000122313
250	600	0.000117070
250	600	0.000117089
250	600	0.000117040
250	600	0.000117066
250	600	0.000115116
250	600	0.000117065
250	600	0.000117092
250	600	0.000117088
250	600	0.000117112
250	600	0.000117119
250	600	0.000117069
250	600	0.000117074
250	600	0.000117055
250	600	0.000117060
250	600	0.000120578
250	600	0.000117075
250	600	0.000117125
250	600	0.000117069
250	600	0.000117086
250	600	0.000117084
250	600	0.000117065
250	600	0.000117076
250	600	0.000117087
250	600	0.000117097
250	600	0.000115136
250	600	0.000117064
250	600	0.000117072
250	600	0.000117062
250	600	0.000117052
250	600	0.000117081
250	600	0.000117106
250	600	0.000121404
250	600	0.000121384
250	600	0.000121444
250	600	0.000124297
250	600	0.000125458
250	600	0.000131126
250	600	0.000131137
250	600	0.000137488
250	600	0.000131135
250	600	0.000136603
250	600	0.000136562
250	600	0.000136552
250	600	0.000149003
250	600	0.000148986
250	600	0.000148962
250	600	0.000148997
250	600	0.000182131
250	600	0.000182118
250	600	0.000182112
250	600	0.000182160
250	600	0.000179098
250	600	0.000182109
250	600	0.000182115
250	600	0.000182082
250	600	0.000182118
250	600	0.000192824
250	600	0.000192822
250	600	0.000198271
250	600	0.000213233
250	600	0.000201524
250	600	0.000192835
250	600	0.000204886
250	600	0.000204880
250	600	0.000204899
250	600	0.000204841
250	600	0.000213419
250	600	0.000204829
250	600	0.000204865
250	600	0.000204844
250	600	0.000204872
250	600	0.000204846
250	600	0.000204919
250	600	0.000213762
250	600	0.000192826
250	600	0.000200003
250	600	0.000204864
250	600	0.000204858
250	600	0.000204889
250	600	0.000204897
250	600	0.000202472
250	600	0.000211019
250	600	0.000215348
250	600	0.000204872
250	600	0.000201479
250	600	0.000204925
250	600	0.000204905
250	600	0.000204873
250	600	0.000206354
250	600	0.000244181
250	600	0.000204871
250	600	0.000204817
380	128	0.000040308
380	128	0.000040315
380	128	0.000040277
380	128	0.000040302
380	128	0.000040305
380	128	0.000040314
380	128	0.000039896
380	128	0.000045282
380	128	0.000040289
380	128	0.000040300
380	128	0.000039877
380	128	0.000040314
380	128	0.000040315
380	128	0.000040303
380	128	0.000040308
380	128	0.000046240
380	128	0.000040312
380	128	0.000040291
380	128	0.000040304
380	128	0.000040336
380	128	0.000040292
380	128	0.000040334
380	128	0.000040274
380	128	0.000040309
380	128	0.000040311
380	128	0.000040289
380	128	0.000040280
380	128	0.000040277
380	128	0.000040344
380	128	0.000040333
380	128	0.000040287
380	128	0.000040337
380	128	0.000040320
380	128	0.000040326
380	128	0.000040295
380	128	0.000040299
380	128	0.000040328
380	128	0.000040272
380	128	0.000040296
380	128	0.000040282
380	128	0.000046727
380	128	0.000041791
380	128	0.000041794
380	128	0.000041817
380	128	0.000040287
380	128	0.000040312
380	128	0.000040312
380	128	0.000040328
380	128	0.000040287
380	128	0.000040289
380	128	0.000040309
380	128	0.000040296
380	128	0.000040291
380	128	0.000040310
380	128	0.000040323
380	128	0.000040312
380	128	0.000040291
380	128	0.000040343
380	128	0.000040257
380	128	0.000040315
380	128	0.000040281
380	128	0.000040301
380	128	0.000040313
380	128	0.000040316
380	128	0.000040303
380	128	0.000040335
380	128	0.000040311
380	128	0.000040282
380	128	0.000040309
380	128	0.000040303
380	128	0.000040317
380	128	0.000040275
380	128	0.000040261
380	128	0.000039908
380	128	0.000040303
380	128	0.000040322
380	128	0.000040322
380	128	0.000040324
380	128	0.000040294
380	128	0.000040322
380	128	0.000040282
380	128	0.000040315
380	128	0.000040309
380	128	0.000040312
380	128	0.000040295
380	128	0.000040324
380	128	0.000040315
380	128	0.000040311
380	128	0.000040284
380	128	0.000040293
380	128	0.000040335
380	128	0.000040320
380	128	0.000057484
380	128	0.000039874
380	128	0.000039465
380	128	0.000040336
380	128	0.000040300
380	128	0.000040306
380	128	0.000040314
380	128	0.000040308
380	256	0.000077276
380	256	0.000082332
380	256	0.000077305
380	256	0.000077295
380	256	0.000077313
380	256	0.000077322
380	256	0.000077306
380	256	0.000083632
380	256	0.000077310
380	256	0.000077300
380	256	0.000077332
380	256	0.000077278
380	256	0.000080695
380	256	0.000077310
380	256	0.000077346
380	256	0.000077310
380	256	0.000077321
380	256	0.000081113
380	256	0.000077294
380	256	0.000077301
380	256	0.000077332
380	256	0.000077300
380	256	0.000077316
380	256	0.000076501
380	256	0.000077291
380	256	0.000076762
380	256	0.000077296
380	256	0.000077304
380	256	0.000077269
380	256	0.000080173
380	256	0.000080170
380	256	0.000080193
380	256	0.000080189
380	256	0.000087886
380	256	0.000090188
380	256	0.000090212
380	256	0.000097451
380	256	0.000103093
380	256	0.000103083
380	256	0.000103115
380	256	0.000103104
380	256	0.000113929
380	256	0.000113962
380	256	0.000113925
380	256	0.000113904
380	256	0.000135304
380	256	0.000135334
380	256	0.000135313
380	256	0.000135399
380	256	0.000132111
380	256	0.000130902
380	256	0.000135256
380	256	0.000144388
380	256	0.000135274
380	256	0.000127450
380	256	0.000135305
380	256	0.000135275
380	256	0.000135319
380	256	0.000135279
380	256	0.000135278
380	256	0.000135281
380	256	0.000135266
380	256	0.000135233
380	256	0.000143407
380	256	0.000144293
380	256	0.000132093
380	256	0.000131288
380	256	0.000135290
380	256	0.000131266
380	256	0.000135292
380	256	0.000135330
380	256	0.000135307
380	256	0.000133845
380	256	0.000135293
380	256	0.000135289
380	256	0.000135260
380	256	0.000135314
380	256	0.000135291
380	256	0.000135294
380	256	0.000135310
380	256	0.000135265
380	256	0.000127342
380	256	0.000135267
380	256	0.000135321
380	256	0.000135277
380	256	0.000127326
380	256	0.000135305
380	256	0.000133846
380	256	0.000127335
380	256	0.000135317
380	256	0.000135294
380	256	0.000135286
380	256	0.000145408
380	256	0.000135301
380	256	0.000146867
380	256	0.000144527
380	256	0.000134616
380	256	0.000130635
380	256	0.000133862
380	256	0.000135288
380	380	0.000110331
380	380	0.000111531
380	380	0.000114765
380	380	0.000111541
380	380	0.000111568
380	380	0.000111587
380	380	0.000111535
380	380	0.000111551
380	380	0.000111566
380	380	0.000111536
380	380	0.000118921
380	380	0.000111565
380	380	0.000111604
380	380	0.000111558
380	380	0.000111564
380	380	0.000128236
380	380	0.000111565
380	380	0.000111562
380	380	0.000116065
380	380	0.000111526
380	380	0.000111564
380	380	0.000119419
380	380	0.000111553
380	380	0.000111593
380	380	0.000111552
380	380	0.000110380
380	380	0.000111584
380	380	0.000111533
380	380	0.000111542
380	380	0.000118082
380	380	0.000111554
380	380	0.000111563
380	380	0.000116238
380	380	0.000111540
380	380	0.000111555
380	380	0.000111575
380	380	0.000111561
380	380	0.000111599
380	380	0.000111559
380	380	0.000111582
380	380	0.000111542
380	380	0.000118049
380	380	0.000111577
380	380	0.000111592
380	380	0.000120251
380	380	0.000115677
380	380	0.000115720
380	380	0.000115693
380	380	0.000115710
380	380	0.000124949
380	380	0.000124948
380	380	0.000131238
380	380	0.000130144
380	380	0.000130153
380	380	0.000130208
380	380	0.000130170
380	380	0.000153855
380	380	0.000148769
380	380	0.000148751
380	380	0.000151790
380	380	0.000156197
380	380	0.000156198
380	380	0.000156195
380	380	0.000157304
380	380	0.000185768
380	380	0.000154490
380	380	0.000148762
380	380	0.000148744
380	380	0.000148793
380	380	0.000148794
380	380	0.000164390
380	380	0.000164422
380	380	0.000164367
380	380	0.000164414
380	380	0.000164421
380	380	0.000164413
380	380	0.000173598
380	380	0.000173539
380	380	0.000173507
380	380	0.000183763
380	380	0.000183736
380	380	0.000183785
380	380	0.000195273
380	380	0.000206130
380	380	0.000205088
380	380	0.000183793
380	380	0.000195240
380	380	0.000183776
380	380	0.000195238
380	380	0.000195193
380	380	0.000195211
380	380	0.000202378
380	380	0.000183758
380	380	0.000195264
380	380	0.000195216
380	380	0.000195277
380	380	0.000195270
380	380	0.000195271
380	380	0.000195232
380	380	0.000208281
380	510	0.000146678
380	510	0.000148322
380	510	0.000148342
380	510	0.000153105
380	510	0.000148320
380	510	0.000148318
380	510	0.000148311
380	510	0.000161204
380	510	0.000148312
380	510	0.000148350
380	510	0.000148326
380	510	0.000148322
380	510	0.000148331
380	510	0.000148325
380	510	0.000153048
380	510	0.000148323
380	510	0.000148316
380	510	0.000152011
380	510	0.000148321
380	510	0.000148316
380	510	0.000148324
380	510	0.000152521
380	510	0.000146675
380	510	0.000148350
380	510	0.000166115
380	510	0.000184641
380	510	0.000166098
380	510	0.000166106
380	510	0.000207673
380	510	0.000207673
380	510	0.000207658
380	510	0.000259566
380	510	0.000259572
380	510	0.000269472
380	510	0.000259567
380	510	0.000259563
380	510	0.000272636
380	510	0.000259574
380	510	0.000259604
380	510	0.000269367
380	510	0.000253218
380	510	0.000259519
380	510	0.000259594
380	510	0.000259555
380	510	0.000244291
380	510	0.000269520
380	510	0.000269356
380	510	0.000259556
380	510	0.000259595
380	510	0.000272028
380	510	0.000259578
380	510	0.000259586
380	510	0.000252862
380	510	0.000259563
380	510	0.000259591
380	510	0.000259529
380	510	0.000252015
380	510	0.000259559
380	510	0.000244315
380	510	0.000259617
380	510	0.000259542
380	510	0.000270894
380	510	0.000259552
380	510	0.000259560
380	510	0.000274609
380	510	0.000259535
380	510	0.000256671
380	510	0.000259575
380	510	0.000266958
380	510	0.000244292
380	510	0.000259539
380	510	0.000259547
380	510	0.000269685
380	510	0.000251880
380	510	0.000259584
380	510	0.000259594
380	510	0.000259539
380	510	0.000270519
380	510	0.000265365
380	510	0.000259595
380	510	0.000259567
380	510	0.000259575
380	510	0.000251648
380	510	0.000253810
380	510	0.000251049
380	510	0.000259602
380	510	0.000259591
380	510	0.000271308
380	510	0.000253274
380	510	0.000259607
380	510	0.000283458
380	510	0.000273792
380	510	0.000259602
380	510	0.000259541
380	510	0.000268509
380	510	0.000244274
380	510	0.000259598
380	510	0.000268597
380	510	0.000259538
380	510	0.000259553
380	600	0.000179672
380	600	0.000174577
380	600	0.000174592
380	600	0.000174581
380	600	0.000177750
380	600	0.000172635
380	600	0.000174607
380	600	0.000174603
380	600	0.000179345
380	600	0.000172637
380	600	0.000174596
380	600	0.000174586
380	600	0.000174591
380	600	0.000179049
380	600	0.000174612
380	600	0.000174631
380	600	0.000174596
380	600	0.000206635
380	600	0.000174593
380	600	0.000174598
380	600	0.000174595
380	600	0.000178285
380	600	0.000174577
380	600	0.000174574
380	600	0.000188048
380	600	0.000191575
380	600	0.000188042
380	600	0.000188027
380	600	0.000222203
380	600	0.000222185
380	600	0.000222237
380	600	0.000232790
380	600	0.000232777
380	600	0.000232790
380	600	0.000257288
380	600	0.000257290
380	600	0.000257296
380	600	0.000257278
380	600	0.000257275
380	600	0.000278321
380	600	0.000293374
380	600	0.000271565
380	600	0.000257305
380	600	0.000257287
380	600	0.000257261
380	600	0.000257314
380	600	0.000257290
380	600	0.000295024
380	600	0.000277356
380	600	0.000271575
380	600	0.000305500
380	600	0.000305544
380	600	0.000312479
380	600	0.000305503
380	600	0.000305496
380	600	0.000294363
380	600	0.000305510
380	600	0.000305519
380	600	0.000293142
380	600	0.000306542
380	600	0.000287566
380	600	0.000305525
380	600	0.000308891
380	600	0.000305573
380	600	0.000305557
380	600	0.000294269
380	600	0.000313399
380	600	0.000305544
380	600	0.000305554
380	600	0.000313684
380	600	0.000287563
380	600	0.000305533
380	600	0.000312011
380	600	0.000290178
380	600	0.000305558
380	600	0.000305547
380	600	0.000311833
380	600	0.000305533
380	600	0.000304766
380	600	0.000305560
380	600	0.000294764
380	600	0.000295678
380	600	0.000305525
380	600	0.000305521
380	600	0.000304381
380	600	0.000305488
380	600	0.000305543
380	600	0.000313359
380	600	0.000305515
380	600	0.000305524
380	600	0.000312737
380	600	0.000305522
380	600	0.000287579
380	600	0.000305519
380	600	0.000349629
380	600	0.000287580
380	600	0.000305572
380	600	0.000302137
380	600	0.000305575
380	600	0.000305527
510	128	0.000053628
510	128	0.000053584
510	128	0.000053611
510	128	0.000053608
510	128	0.000053612
510	128	0.000053596
510	128	0.000053598
510	128	0.000053586
510	128	0.000053648
510	128	0.000053614
510	128	0.000053619
510	128	0.000053618
510	128	0.000053583
510	128	0.000053599
510	128	0.000053589
510	128	0.000053608
510	128	0.000053629
510	128	0.000053594
510	128	0.000053626
510	128	0.000053601
510	128	0.000053629
510	128	0.000053587
510	128	0.000053597
510	128	0.000056993
510	128	0.000053619
510	128	0.000053573
510	128	0.000053616
510	128	0.000053621
510	128	0.000053618
510	128	0.000053617
510	128	0.000053609
510	128	0.000053590
510	128	0.000053611
510	128	0.000053578
510	128	0.000053618
510	128	0.000053617
510	128	0.000053621
510	128	0.000053612
510	128	0.000068232
510	128	0.000137037
510	128	0.000068261
510	128	0.000068247
510	128	0.000068252
510	128	0.000076731
510	128	0.000068224
510	128	0.000068254
510	128	0.000071508
510	128	0.000081611
510	128	0.000071484
510	128	0.000071458
510	128	0.000079039
510	128	0.000079044
510	128	0.000078990
510	128	0.000083554
510	128	0.000082759
510	128	0.000083374
510	128	0.000083436
510	128	0.000093831
510	128	0.000093824
510	128	0.000093848
510	128	0.000093837
510	128	0.000093839
510	128	0.000093838
510	128	0.000093825
510	128	0.000093814
510	128	0.000100077
510	128	0.000093084
510	128	0.000100117
510	128	0.000093804
510	128	0.000093812
510	128	0.000093861
510	128	0.000093806
510	128	0.000093799
510	128	0.000100042
510	128	0.000093801
510	128	0.000093812
510	128	0.000093800
510	128	0.000093802
510	128	0.000093804
510	128	0.000093801
510	128	0.000093797
510	128	0.000093798
510	128	0.000093805
510	128	0.000093805
510	128	0.000093805
510	128	0.000100041
510	128	0.000093800
510	128	0.000093828
510	128	0.000093848
510	128	0.000088293
510	128	0.000088300
510	128	0.000093798
510	128	0.000093848
510	128	0.000093084
510	128	0.000093794
510	128	0.000093097
510	128	0.000093876
510	128	0.000093783
510	128	0.000093795
510	128	0.000093796
510	256	0.000102809
510	256	0.000102796
510	256	0.000102789
510	256	0.000102770
510	256	0.000102824
510	256	0.000102851
510	256	0.000102842
510	256	0.000102841
510	256	0.000107669
510	256	0.000102799
510	256	0.000102831
510	256	0.000102786
510	256	0.000102825
510	256	0.000102817
510	256	0.000102825
510	256	0.000102793
510	256	0.000102816
510	256	0.000102789
510	256	0.000102796
510	256	0.000102809
510	256	0.000102814
510	256	0.000102806
510	256	0.000102808
510	256	0.000102791
510	256	0.000102816
510	256	0.000102827
510	256	0.000102803
510	256	0.000102812
510	256	0.000102792
510	256	0.000102817
510	256	0.000102814
510	256	0.000102802
510	256	0.000108582
510	256	0.000102820
510	256	0.000102827
510	256	0.000102796
510	256	0.000102831
510	256	0.000102799
510	256	0.000102817
510	256	0.000102814
510	256	0.000102833
510	256	0.000102811
510	256	0.000102834
510	256	0.000106589
510	256	0.000106608
510	256	0.000106611
510	256	0.000106599
510	256	0.000125166
510	256	0.000125129
510	256	0.000125153
510	256	0.000125179
510	256	0.000158635
510	256	0.000143963
510	256	0.000143982
510	256	0.000143944
510	256	0.000137079
510	256	0.000146600
510	256	0.000137087
510	256	0.000179886
510	256	0.000179917
510	256	0.000169353
510	256	0.000179909
510	256	0.000188474
510	256	0.000176033
510	256	0.000173380
510	256	0.000179332
510	256	0.000179933
510	256	0.000179922
510	256	0.000179914
510	256	0.000179954
510	256	0.000179944
510	256	0.000179927
510	256	0.000179902
510	256	0.000186512
510	256	0.000179710
510	256	0.000179920
510	256	0.000178489
510	256	0.000179936
510	256	0.000182406
510	256	0.000179932
510	256	0.000179912
510	256	0.000179912
510	256	0.000179946
510	256	0.000192668
510	256	0.000179537
510	256	0.000179915
510	256	0.000174578
510	256	0.000179903
510	256	0.000179978
510	256	0.000179906
510	256	0.000179928
510	256	0.000178489
510	256	0.000189251
510	256	0.000179942
510	256	0.000175557
510	256	0.000180233
510	256	0.000179931
510	256	0.000179959
510	256	0.000187522
510	256	0.000204021
510	380	0.000153256
510	380	0.000152195
510	380	0.000148336
510	380	0.000148326
510	380	0.000148324
510	380	0.000153011
510	380	0.000148322
510	380	0.000148329
510	380	0.000148315
510	380	0.000148319
510	380	0.000148326
510	380	0.000148313
510	380	0.000148301
510	380	0.000148337
510	380	0.000148345
510	380	0.000148317
510	380	0.000153349
510	380	0.000147370
510	380	0.000148331
510	380	0.000148313
510	380	0.000148323
510	380	0.000148304
510	380	0.000148302
510	380	0.000148355
510	380	0.000148323
510	380	0.000154149
510	380	0.000148314
510	380	0.000148349
510	380	0.000148335
510	380	0.000148344
510	380	0.000148315
510	380	0.000148302
510	380	0.000166141
510	380	0.000172538
510	380	0.000166115
510	380	0.000168199
510	380	0.000171610
510	380	0.000173038
510	380	0.000173205
510	380	0.000183110
510	380	0.000159759
510	380	0.000159732
510	380	0.000159715
510	380	0.000178564
510	380	0.000173034
510	380	0.000173069
510	380	0.000173059
510	380	0.000188808
510	380	0.000188806
510	380	0.000203778
510	380	0.000194649
510	380	0.000188785
510	380	0.000188787
510	380	0.000193851
510	380	0.000207650
510	380	0.000207646
510	380	0.000214877
510	380	0.000230744
510	380	0.000228812
510	380	0.000252527
510	380	0.000242277
510	380	0.000244309
510	380	0.000259577
510	380	0.000268434
510	380	0.000250694
510	380	0.000259568
510	380	0.000244309
510	380	0.000263725
510	380	0.000259535
510	380	0.000276854
510	380	0.000267101
510	380	0.000259535
510	380	0.000259570
510	380	0.000259613
510	380	0.000268121
510	380	0.000259600
510	380	0.000259537
510	380	0.000257427
510	380	0.000253553
510	380	0.000244283
510	380	0.000259606
510	380	0.000259579
510	380	0.000268931
510	380	0.000252142
510	380	0.000250977
510	380	0.000259554
510	380	0.000259605
510	380	0.000293444
510	380	0.000269755
510	380	0.000259540
510	380	0.000264671
510	380	0.000267188
510	380	0.000244283
510	380	0.000252109
510	380	0.000259560
510	380	0.000259587
510	380	0.000272776
510	380	0.000257403
510	380	0.000259577
510	380	0.000283454
510	510	0.000197179
510	510	0.000197193
510	510	0.000197174
510	510	0.000197184
510	510	0.000197214
510	510	0.000201755
510	510	0.000197171
510	510	0.000197185
510	510	0.000195539
510	510	0.000202461
510	510	0.000197208
510	510	0.000197223
510	510	0.000197202
510	510	0.000197159
510	510	0.000205678
510	510	0.000197175
510	510	0.000197174
510	510	0.000195591
510	510	0.000214056
510	510	0.000197191
510	510	0.000197172
510	510	0.000197199
510	510	0.000197211
510	510	0.000214963
510	510	0.000258952
510	510	0.000259707
510	510	0.000270054
510	510	0.000270230
510	510	0.000262955
510	510	0.000270758
510	510	0.000270952
510	510	0.000268441
510	510	0.000301927
510	510	0.000297811
510	510	0.000290601
510	510	0.000306752
510	510	0.000306770
510	510	0.000285370
510	510	0.000262924
510	510	0.000270122
510	510	0.000273948
510	510	0.000302234
510	510	0.000290568
510	510	0.000306777
510	510	0.000304163
510	510	0.000306770
510	510	0.000306755
510	510	0.000312309
510	510	0.000331325
510	510	0.000324752
510	510	0.000345101
510	510	0.000349128
510	510	0.000345060
510	510	0.000345055
510	510	0.000351016
510	510	0.000345058
510	510	0.000353731
510	510	0.000331063
510	510	0.000345053
510	510	0.000352421
510	510	0.000342486
510	510	0.000345092
510	510	0.000352328
510	510	0.000345058
510	510	0.000371016
510	510	0.000337405
510	510	0.000345065
510	510	0.000370824
510	510	0.000322041
510	510	0.000353656
510	510	0.000345116
510	510	0.000345066
510	510	0.000333834
510	510	0.000345095
510	510	0.000332199
510	510	0.000345066
510	510	0.000345074
510	510	0.000353710
510	510	0.000339199
510	510	0.000345072
510	510	0.000380552
510	510	0.000345063
510	510	0.000340819
510	510	0.000330686
510	510	0.000324740
510	510	0.000333163
510	510	0.000345062
510	510	0.000357498
510	510	0.000324778
510	510	0.000356285
510	510	0.000330834
510	510	0.000345089
510	510	0.000332498
510	510	0.000345060
510	510	0.000342194
510	510	0.000353569
510	510	0.000345092
510	510	0.000345068
510	510	0.000354786
510	510	0.000345108
510	600	0.000232107
510	600	0.000232104
510	600	0.000232109
510	600	0.000232118
510	600	0.000232143
510	600	0.000232125
510	600	0.000232099
510	600	0.000232113
510	600	0.000235896
510	600	0.000232151
510	600	0.000232111
510	600	0.000232099
510	600	0.000232106
510	600	0.000232096
510	600	0.000232094
510	600	0.000232103
510	600	0.000232087
510	600	0.000259945
510	600	0.000259921
510	600	0.000259981
510	600	0.000282607
510	600	0.000282571
510	600	0.000282569
510	600	0.000309465
510	600	0.000309501
510	600	0.000281202
510	600	0.000270791
510	600	0.000270777
510	600	0.000275473
510	600	0.000295463
510	600	0.000295387
510	600	0.000278476
510	600	0.000270762
510	600	0.000270795
510	600	0.000280331
510	600	0.000295423
510	600	0.000295398
510	600	0.000317856
510	600	0.000363712
510	600	0.000342320
510	600	0.000324951
510	600	0.000324986
510	600	0.000324912
510	600	0.000324903
510	600	0.000330935
510	600	0.000342038
510	600	0.000342057
510	600	0.000346590
510	600	0.000373674
510	600	0.000361046
510	600	0.000382288
510	600	0.000393571
510	600	0.000382276
510	600	0.000389159
510	600	0.000382283
510	600	0.000382287
510	600	0.000379083
510	600	0.000382294
510	600	0.000415113
510	600	0.000382302
510	600	0.000393183
510	600	0.000406208
510	600	0.000409695
510	600	0.000402812
510	600	0.000413252
510	600	0.000382340
510	600	0.000406181
510	600	0.000393400
510	600	0.000406689
510	600	0.000410649
510	600	0.000399674
510	600	0.000406175
510	600	0.000388856
510	600	0.000382298
510	600	0.000382249
510	600	0.000389237
510	600	0.000382290
510	600	0.000382366
510	600	0.000387877
510	600	0.000382243
510	600	0.000342026
510	600	0.000350581
510	600	0.000382329
510	600	0.000382278
510	600	0.000394342
510	600	0.000361067
510	600	0.000383824
510	600	0.000390048
510	600	0.000398347
510	600	0.000382326
510	600	0.000388599
510	600	0.000382291
510	600	0.000393779
510	600	0.000382319
510	600	0.000406175
510	600	0.000406483
510	600	0.000406177
510	600	0.000413854
510	600	0.000382284
510	600	0.000406152
600	128	0.000063096
600	128	0.000063092
600	128	0.000063081
600	128	0.000063095
600	128	0.000063109
600	128	0.000063104
600	128	0.000063123
600	128	0.000063086
600	128	0.000063091
600	128	0.000067733
600	128	0.000063097
600	128	0.000063097
600	128	0.000063096
600	128	0.000063073
600	128	0.000063094
600	128	0.000063118
600	128	0.000063083
600	128	0.000063090
600	128	0.000063104
600	128	0.000063098
600	128	0.000063097
600	128	0.000063089
600	128	0.000063108
600	128	0.000063085
600	128	0.000063076
600	128	0.000063097
600	128	0.000068155
600	128	0.000063116
600	128	0.000063106
600	128	0.000063097
600	128	0.000063110
600	128	0.000063091
600	128	0.000063067
600	128	0.000063073
600	128	0.000063070
600	128	0.000076800
600	128	0.000076810
600	128	0.000076819
600	128	0.000076831
600	128	0.000076794
600	128	0.000088365
600	128	0.000088399
600	128	0.000088304
600	128	0.000088331
600	128	0.000110438
600	128	0.000110409
600	128	0.000110460
600	128	0.000110389
600	128	0.000110442
600	128	0.000110420
600	128	0.000110412
600	128	0.000110459
600	128	0.000122601
600	128	0.000121532
600	128	0.000189624
600	128	0.000103949
600	128	0.000110429
600	128	0.000110428
600	128	0.000110436
600	128	0.000121326
600	128	0.000110418
600	128	0.000110455
600	128	0.000110458
600	128	0.000108312
600	128	0.000110466
600	128	0.000110406
600	128	0.000110389
600	128	0.000110415
600	128	0.000103913
600	128	0.000110503
600	128	0.000103943
600	128	0.000103902
600	128	0.000107830
600	128	0.000110402
600	128	0.000110488
600	128	0.000110397
600	128	0.000110436
600	128	0.000110421
600	128	0.000109547
600	128	0.000110385
600	128	0.000110400
600	128	0.000110448
600	128	0.000110442
600	128	0.000110430
600	128	0.000110447
600	128	0.000109557
600	128	0.000110384
600	128	0.000110404
600	128	0.000110395
600	128	0.000103975
600	128	0.000110412
600	128	0.000110416
600	128	0.000110477
600	128	0.000110427
600	128	0.000110428
600	128	0.000110447
600	128	0.000110341
600	128	0.000110428
600	128	0.000109570
600	128	0.000110414
600	256	0.000120987
600	256	0.000121010
600	256	0.000126922
600	256	0.000121005
600	256	0.000121009
600	256	0.000121014
600	256	0.000125647
600	256	0.000121012
600	256	0.000121011
600	256	0.000126232
600	256	0.000121015
600	256	0.000121007
600	256	0.000122935
600	256	0.000121004
600	256	0.000121005
600	256	0.000132421
600	256	0.000121003
600	256	0.000120995
600	256	0.000127507
600	256	0.000120992
600	256	0.000121019
600	256	0.000121000
600	256	0.000121041
600	256	0.000121012
600	256	0.000121015
600	256	0.000121024
600	256	0.000121030
600	256	0.000120996
600	256	0.000121012
600	256	0.000121033
600	256	0.000121003
600	256	0.000120999
600	256	0.000121026
600	256	0.000126268
600	256	0.000121036
600	256	0.000121013
600	256	0.000121030
600	256	0.000120046
600	256	0.000121041
600	256	0.000128279
600	256	0.000121024
600	256	0.000121010
600	256	0.000135350
600	256	0.000130304
600	256	0.000130329
600	256	0.000134792
600	256	0.000130355
600	256	0.000135556
600	256	0.000135537
600	256	0.000135548
600	256	0.000135532
600	256	0.000135527
600	256	0.000135538
600	256	0.000135544
600	256	0.000135558
600	256	0.000178281
600	256	0.000178380
600	256	0.000178326
600	256	0.000169390
600	256	0.000174139
600	256	0.000176578
600	256	0.000161344
600	256	0.000161346
600	256	0.000161360
600	256	0.000161342
600	256	0.000211771
600	256	0.000211757
600	256	0.000206703
600	256	0.000218053
600	256	0.000211814
600	256	0.000197425
600	256	0.000199335
600	256	0.000199340
600	256	0.000211770
600	256	0.000211771
600	256	0.000220136
600	256	0.000211779
600	256	0.000211779
600	256	0.000199297
600	256	0.000211773
600	256	0.000211795
600	256	0.000221463
600	256	0.000199344
600	256	0.000211764
600	256	0.000199289
600	256	0.000211846
600	256	0.000211739
600	256	0.000220649
600	256	0.000247366
600	256	0.000211791
600	256	0.000199309
600	256	0.000211763
600	256	0.000211756
600	256	0.000211721
600	256	0.000207923
600	256	0.000238919
600	256	0.000220154
600	256	0.000201581
600	256	0.000211764
600	256	0.000211774
600	380	0.000174603
600	380	0.000174578
600	380	0.000174570
600	380	0.000174592
600	380	0.000174564
600	380	0.000174591
600	380	0.000179039
600	380	0.000174618
600	380	0.000174581
600	380	0.000173394
600	380	0.000174640
600	380	0.000174609
600	380	0.000174600
600	380	0.000174589
600	380	0.000174602
600	380	0.000185538
600	380	0.000174581
600	380	0.000174617
600	380	0.000174586
600	380	0.000174585
600	380	0.000174568
600	380	0.000174599
600	380	0.000174570
600	380	0.000174624
600	380	0.000174605
600	380	0.000174646
600	380	0.000174625
600	380	0.000182436
600	380	0.000174577
600	380	0.000174630
600	380	0.000174620
600	380	0.000208962
600	380	0.000211563
600	380	0.000203662
600	380	0.000218801
600	380	0.000220031
600	380	0.000222202
600	380	0.000222206
600	380	0.000244434
600	380	0.000244462
600	380	0.000244422
600	380	0.000287557
600	380	0.000287563
600	380	0.000296947
600	380	0.000305543
600	380	0.000305547
600	380	0.000313061
600	380	0.000319480
600	380	0.000305535
600	380	0.000305536
600	380	0.000314921
600	380	0.000305538
600	380	0.000287567
600	380	0.000315640
600	380	0.000305538
600	380	0.000287586
600	380	0.000313346
600	380	0.000287583
600	380	0.000305530
600	380	0.000313919
600	380	0.000305528
600	380	0.000305526
600	380	0.000308201
600	380	0.000305532
600	380	0.000305542
600	380	0.000294694
600	380	0.000306322
600	380	0.000303433
600	380	0.000305505
600	380	0.000325708
600	380	0.000300476
600	380	0.000305544
600	380	0.000305515
600	380	0.000302563
600	380	0.000305534
600	380	0.000305531
600	380	0.000308875
600	380	0.000305537
600	380	0.000305582
600	380	0.000301806
600	380	0.000305511
600	380	0.000305511
600	380	0.000305595
600	380	0.000313364
600	380	0.000305518
600	380	0.000325928
600	380	0.000314825
600	380	0.000306353
600	380	0.000305554
600	380	0.000293502
600	380	0.000305524
600	380	0.000314510
600	380	0.000305515
600	380	0.000305537
600	380	0.000287567
600	380	0.000319391
600	380	0.000305511
600	380	0.000287543
600	380	0.000297000
600	380	0.000305531
600	510	0.000232114
600	510	0.000229750
600	510	0.000232098
600	510	0.000232106
600	510	0.000232137
600	510	0.000237048
600	510	0.000237467
600	510	0.000232137
600	510	0.000232091
600	510	0.000232133
600	510	0.000232100
600	510	0.000232096
600	510	0.000232125
600	510	0.000237997
600	510	0.000232135
600	510	0.000232115
600	510	0.000232122
600	510	0.000232126
600	510	0.000232131
600	510	0.000232086
600	510	0.000232130
600	510	0.000239242
600	510	0.000240011
600	510	0.000232141
600	510	0.000232104
600	510	0.000232106
600	510	0.000232128
600	510	0.000232107
600	510	0.000236950
600	510	0.000232107
600	510	0.000232096
600	510	0.000232106
600	510	0.000232151
600	510	0.000232093
600	510	0.000260027
600	510	0.000273082
600	510	0.000268440
600	510	0.000254898
600	510	0.000240729
600	510	0.000240712
600	510	0.000240692
600	510	0.000309450
600	510	0.000309484
600	510	0.000315946
600	510	0.000337359
600	510	0.000346912
600	510	0.000361074
600	510	0.000361054
600	510	0.000406567
600	510	0.000361061
600	510	0.000391107
600	510	0.000382270
600	510	0.000387741
600	510	0.000393156
600	510	0.000393594
600	510	0.000413966
600	510	0.000406182
600	510	0.000414106
600	510	0.000382263
600	510	0.000391062
600	510	0.000406179
600	510	0.000413836
600	510	0.000382283
600	510	0.000413921
600	510	0.000382301
600	510	0.000402903
600	510	0.000406252
600	510	0.000382270
600	510	0.000427661
600	510	0.000406178
600	510	0.000391100
600	510	0.000382308
600	510	0.000406209
600	510	0.000412695
600	510	0.000406210
600	510	0.000392516
600	510	0.000406169
600	510	0.000414098
600	510	0.000403511
600	510	0.000439960
600	510	0.000406163
600	510	0.000393930
600	510	0.000382292
600	510	0.000388774
600	510	0.000406220
600	510	0.000414896
600	510	0.000406219
600	510	0.000413906
600	510	0.000406185
600	510	0.000416434
600	510	0.000406171
600	510	0.000414674
600	510	0.000382271
600	510	0.000413730
600	510	0.000406195
600	510	0.000413558
600	510	0.000386846
600	510	0.000413370
600	510	0.000406131
600	510	0.000390545
600	600	0.000280407
600	600	0.000278850
600	600	0.000278894
600	600	0.000280266
600	600	0.000279630
600	600	0.000278594
600	600	0.000273227
600	600	0.000273236
600	600	0.000273214
600	600	0.000273188
600	600	0.000273221
600	600	0.000273203
600	600	0.000273232
600	600	0.000273241
600	600	0.000276843
600	600	0.000277099
600	600	0.000273230
600	600	0.000273197
600	600	0.000273243
600	600	0.000273198
600	600	0.000273202
600	600	0.000273218
600	600	0.000273221
600	600	0.000273193
600	600	0.000273211
600	600	0.000273222
600	600	0.000273205
600	600	0.000273208
600	600	0.000270912
600	600	0.000273194
600	600	0.000273224
600	600	0.000273216
600	600	0.000283333
600	600	0.000287817
600	600	0.000283339
600	600	0.000288019
600	600	0.000288145
600	600	0.000288791
600	600	0.000300632
600	600	0.000317739
600	600	0.000299623
600	600	0.000374679
600	600	0.000361179
600	600	0.000367690
600	600	0.000391651
600	600	0.000388415
600	600	0.000402602
600	600	0.000416492
600	600	0.000402615
600	600	0.000402630
600	600	0.000411958
600	600	0.000402621
600	600	0.000488632
600	600	0.000478145
600	600	0.000478773
600	600	0.000478108
600	600	0.000468074
600	600	0.000471369
600	600	0.000478102
600	600	0.000480499
600	600	0.000487414
600	600	0.000462572
600	600	0.000483852
600	600	0.000478109
600	600	0.000486934
600	600	0.000478947
600	600	0.000478101
600	600	0.000487685
600	600	0.000450033
600	600	0.000461329
600	600	0.000478105
600	600	0.000481674
600	600	0.000455425
600	600	0.000478120
600	600	0.000515969
600	600	0.000424960
600	600	0.000429200
600	600	0.000433302
600	600	0.000425024
600	600	0.000478123
600	600	0.000478092
600	600	0.000490670
600	600	0.000478125
600	600	0.000478123
600	600	0.000497064
600	600	0.000478258
600	600	0.000478100
600	600	0.000485153
600	600	0.000470181
600	600	0.000480772
600	600	0.000478092
600	600	0.000479901
600	600	0.000478138
600	600	0.000472804
600	600	0.000449991
600	600	0.000455951
600	600	0.000478098
600	600	0.000464423
600	600	0.000478116
600	600	0.000485810
