120	128	0.000003085
120	128	0.000003071
120	128	0.000003081
120	128	0.000003061
120	128	0.000003095
120	128	0.000003310
120	128	0.000003102
120	128	0.000003117
120	128	0.000003114
120	128	0.000003345
120	128	0.000003115
120	128	0.000003329
120	128	0.000003081
120	128	0.000003332
120	128	0.000003091
120	128	0.000003114
120	128	0.000003320
120	128	0.000003049
120	128	0.000003085
120	128	0.000003096
120	128	0.000003071
120	128	0.000003095
120	128	0.000003362
120	128	0.000003103
120	128	0.000003035
120	128	0.000003310
120	128	0.000003086
120	128	0.000003094
120	128	0.000003014
120	128	0.000003006
120	128	0.000003028
120	128	0.000003100
120	128	0.000003341
120	128	0.000003094
120	128	0.000003100
120	128	0.000003043
120	128	0.000003045
120	128	0.000003101
120	128	0.000003097
120	128	0.000003340
120	128	0.000003065
120	128	0.000003324
120	128	0.000003122
120	128	0.000003097
120	128	0.000003026
120	128	0.000003050
120	128	0.000003334
120	128	0.000003364
120	128	0.000003358
120	128	0.000003360
120	128	0.000003057
120	128	0.000003369
120	128	0.000003322
120	128	0.000003032
120	128	0.000003016
120	128	0.000003043
120	128	0.000003061
120	128	0.000003053
120	128	0.000003127
120	128	0.000003313
120	128	0.000003024
120	128	0.000003005
120	128	0.000003051
120	128	0.000003044
120	128	0.000003037
120	128	0.000003045
120	128	0.000003310
120	128	0.000003000
120	128	0.000003042
120	128	0.000003043
120	128	0.000003053
120	128	0.000003087
120	128	0.000003060
120	128	0.000003310
120	128	0.000003338
120	128	0.000003183
120	128	0.000003350
120	128	0.000003346
120	128	0.000003037
120	128	0.000003100
120	128	0.000002996
120	128	0.000003117
120	128	0.000003081
120	128	0.000003108
120	128	0.000003040
120	128	0.000003099
120	128	0.000003101
120	128	0.000003034
120	128	0.000003086
120	128	0.000003125
120	128	0.000003326
120	128	0.000003108
120	128	0.000003083
120	128	0.000003037
120	128	0.000003111
120	128	0.000003107
120	128	0.000003064
120	128	0.000003065
120	128	0.000003077
120	128	0.000003070
120	256	0.000004498
120	256	0.000004569
120	256	0.000004577
120	256	0.000004561
120	256	0.000004567
120	256	0.000004527
120	256	0.000004508
120	256	0.000004496
120	256	0.000004537
120	256	0.000004826
120	256	0.000004833
120	256	0.000004816
120	256	0.000004489
120	256	0.000004549
120	256	0.000004576
120	256	0.000004558
120	256	0.000004526
120	256	0.000004572
120	256	0.000004499
120	256	0.000004828
120	256	0.000004828
120	256	0.000004568
120	256	0.000004557
120	256	0.000004547
120	256	0.000004508
120	256	0.000004530
120	256	0.000004558
120	256	0.000004521
120	256	0.000004562
120	256	0.000004871
120	256	0.000004809
120	256	0.000004500
120	256	0.000004824
120	256	0.000004809
120	256	0.000004678
120	256	0.000004693
120	256	0.000004515
120	256	0.000004512
120	256	0.000004831
120	256	0.000004525
120	256	0.000004544
120	256	0.000004569
120	256	0.000004541
120	256	0.000004510
120	256	0.000004524
120	256	0.000004532
120	256	0.000004525
120	256	0.000004622
120	256	0.000004802
120	256	0.000004497
120	256	0.000004544
120	256	0.000004506
120	256	0.000004496
120	256	0.000004560
120	256	0.000004551
120	256	0.000004515
120	256	0.000004828
120	256	0.000004549
120	256	0.000004548
120	256	0.000004500
120	256	0.000004562
120	256	0.000004525
120	256	0.000004494
120	256	0.000004545
120	256	0.000004785
120	256	0.000004529
120	256	0.000004499
120	256	0.000004558
120	256	0.000004533
120	256	0.000004559
120	256	0.000004802
120	256	0.000004519
120	256	0.000004525
120	256	0.000004839
120	256	0.000004554
120	256	0.000004515
120	256	0.000004585
120	256	0.000004548
120	256	0.000004508
120	256	0.000004507
120	256	0.000004523
120	256	0.000004792
120	256	0.000004523
120	256	0.000004586
120	256	0.000004563
120	256	0.000004535
120	256	0.000004757
120	256	0.000004570
120	256	0.000004806
120	256	0.000004825
120	256	0.000004816
120	256	0.000004553
120	256	0.000004504
120	256	0.000004513
120	256	0.000004789
120	256	0.000004821
120	256	0.000004821
120	256	0.000004553
120	256	0.000004547
120	256	0.000004503
120	380	0.000005817
120	380	0.000005603
120	380	0.000005610
120	380	0.000005573
120	380	0.000005533
120	380	0.000006108
120	380	0.000005532
120	380	0.000005602
120	380	0.000005578
120	380	0.000005807
120	380	0.000005592
120	380	0.000005544
120	380	0.000005814
120	380	0.000005525
120	380	0.000005536
120	380	0.000005571
120	380	0.000005535
120	380	0.000005619
120	380	0.000005530
120	380	0.000005844
120	380	0.000005549
120	380	0.000005810
120	380	0.000005617
120	380	0.000005530
120	380	0.000005612
120	380	0.000005609
120	380	0.000005630
120	380	0.000005764
120	380	0.000005614
120	380	0.000005812
120	380	0.000005618
120	380	0.000005571
120	380	0.000005616
120	380	0.000005534
120	380	0.000005649
120	380	0.000005623
120	380	0.000005798
120	380	0.000005516
120	380	0.000005608
120	380	0.000005834
120	380	0.000005516
120	380	0.000005613
120	380	0.000005858
120	380	0.000005836
120	380	0.000006536
120	380	0.000006568
120	380	0.000006448
120	380	0.000006521
120	380	0.000006793
120	380	0.000005618
120	380	0.000005544
120	380	0.000005582
120	380	0.000005802
120	380	0.000005823
120	380	0.000005623
120	380	0.000005816
120	380	0.000005616
120	380	0.000005819
120	380	0.000005612
120	380	0.000005623
120	380	0.000005607
120	380	0.000005578
120	380	0.000005803
120	380	0.000005777
120	380	0.000005624
120	380	0.000005804
120	380	0.000005502
120	380	0.000005803
120	380	0.000005612
120	380	0.000005825
120	380	0.000005815
120	380	0.000005836
120	380	0.000005844
120	380	0.000005633
120	380	0.000005538
120	380	0.000005817
120	380	0.000005806
120	380	0.000005613
120	380	0.000005810
120	380	0.000005812
120	380	0.000005812
120	380	0.000005549
120	380	0.000005763
120	380	0.000005557
120	380	0.000005532
120	380	0.000005624
120	380	0.000005538
120	380	0.000005554
120	380	0.000005601
120	380	0.000005494
120	380	0.000005609
120	380	0.000005791
120	380	0.000005535
120	380	0.000005651
120	380	0.000005563
120	380	0.000005796
120	380	0.000005817
120	380	0.000005582
120	380	0.000005849
120	380	0.000005507
120	510	0.000007189
120	510	0.000007200
120	510	0.000006878
120	510	0.000006944
120	510	0.000006845
120	510	0.000007196
120	510	0.000006960
120	510	0.000006971
120	510	0.000006948
120	510	0.000006971
120	510	0.000006946
120	510	0.000007204
120	510	0.000007191
120	510	0.000006975
120	510	0.000007178
120	510	0.000006869
120	510	0.000007065
120	510	0.000006914
120	510	0.000006981
120	510	0.000007170
120	510	0.000006948
120	510	0.000006901
120	510	0.000006939
120	510	0.000006966
120	510	0.000006948
120	510	0.000006909
120	510	0.000006942
120	510	0.000006890
120	510	0.000006875
120	510	0.000006833
120	510	0.000007165
120	510	0.000006892
120	510	0.000006894
120	510	0.000007147
120	510	0.000006961
120	510	0.000006976
120	510	0.000007181
120	510	0.000007166
120	510	0.000006951
120	510	0.000006913
120	510	0.000007176
120	510	0.000007173
120	510	0.000007161
120	510	0.000007181
120	510	0.000007202
120	510	0.000006989
120	510	0.000006981
120	510	0.000006973
120	510	0.000006973
120	510	0.000006949
120	510	0.000007369
120	510	0.000006974
120	510	0.000006911
120	510	0.000006967
120	510	0.000006957
120	510	0.000006870
120	510	0.000006890
120	510	0.000007163
120	510	0.000006885
120	510	0.000006975
120	510	0.000006986
120	510	0.000006988
120	510	0.000006939
120	510	0.000006903
120	510	0.000006891
120	510	0.000007000
120	510	0.000006991
120	510	0.000007182
120	510	0.000006864
120	510	0.000006938
120	510	0.000007000
120	510	0.000006877
120	510	0.000006973
120	510	0.000007190
120	510	0.000006950
120	510	0.000006976
120	510	0.000007148
120	510	0.000007169
120	510	0.000011519
120	510	0.000006973
120	510	0.000007189
120	510	0.000007186
120	510	0.000006968
120	510	0.000006910
120	510	0.000007192
120	510	0.000006975
120	510	0.000006922
120	510	0.000007237
120	510	0.000006973
120	510	0.000006966
120	510	0.000006964
120	510	0.000007010
120	510	0.000006951
120	510	0.000007171
120	510	0.000006933
120	510	0.000006899
120	510	0.000007193
120	510	0.000006859
120	510	0.000006969
120	510	0.000006967
120	600	0.000008538
120	600	0.000008523
120	600	0.000008452
120	600	0.000008478
120	600	0.000008778
120	600	0.000008513
120	600	0.000008475
120	600	0.000008424
120	600	0.000008535
120	600	0.000008496
120	600	0.000008542
120	600	0.000008481
120	600	0.000008515
120	600	0.000008546
120	600	0.000008512
120	600	0.000008752
120	600	0.000008542
120	600	0.000008724
120	600	0.000008545
120	600	0.000008568
120	600	0.000008566
120	600	0.000008528
120	600	0.000008585
120	600	0.000008462
120	600	0.000008889
120	600	0.000008780
120	600	0.000008532
120	600	0.000008549
120	600	0.000008774
120	600	0.000008766
120	600	0.000008521
120	600	0.000008771
120	600	0.000008582
120	600	0.000008526
120	600	0.000008771
120	600	0.000014987
120	600	0.000008423
120	600	0.000008606
120	600	0.000008766
120	600	0.000008429
120	600	0.000008520
120	600	0.000008480
120	600	0.000008787
120	600	0.000008452
120	600	0.000008723
120	600	0.000008461
120	600	0.000008572
120	600	0.000008528
120	600	0.000008497
120	600	0.000008542
120	600	0.000008780
120	600	0.000008738
120	600	0.000008479
120	600	0.000008566
120	600	0.000008774
120	600	0.000008548
120	600	0.000008566
120	600	0.000008709
120	600	0.000008528
120	600	0.000008564
120	600	0.000008470
120	600	0.000008788
120	600	0.000008449
120	600	0.000008533
120	600	0.000008786
120	600	0.000008503
120	600	0.000008553
120	600	0.000008546
120	600	0.000008465
120	600	0.000008768
120	600	0.000008462
120	600	0.000008769
120	600	0.000008538
120	600	0.000008773
120	600	0.000008768
120	600	0.000008620
120	600	0.000008751
120	600	0.000008596
120	600	0.000008776
120	600	0.000008727
120	600	0.000008745
120	600	0.000008734
120	600	0.000008783
120	600	0.000008762
120	600	0.000008472
120	600	0.000008767
120	600	0.000008790
120	600	0.000008523
120	600	0.000008543
120	600	0.000008784
120	600	0.000008468
120	600	0.000008557
120	600	0.000008530
120	600	0.000008595
120	600	0.000008514
120	600	0.000008709
120	600	0.000008501
120	600	0.000008843
120	600	0.000008541
120	600	0.000008763
250	128	0.000007386
250	128	0.000007111
250	128	0.000007111
250	128	0.000007217
250	128	0.000007433
250	128	0.000007173
250	128	0.000007396
250	128	0.000006759
250	128	0.000006160
250	128	0.000005907
250	128	0.000007396
250	128	0.000005890
250	128	0.000005979
250	128	0.000007417
250	128	0.000007355
250	128	0.000007407
250	128	0.000005322
250	128	0.000006208
250	128	0.000007397
250	128	0.000007120
250	128	0.000007131
250	128	0.000007170
250	128	0.000007204
250	128	0.000007191
250	128	0.000006172
250	128	0.000005885
250	128	0.000007180
250	128	0.000007153
250	128	0.000007377
250	128	0.000007156
250	128	0.000007155
250	128	0.000007121
250	128	0.000007130
250	128	0.000006157
250	128	0.000006786
250	128	0.000007398
250	128	0.000005819
250	128	0.000007407
250	128	0.000005963
250	128	0.000007187
250	128	0.000007159
250	128	0.000006166
250	128	0.000007135
250	128	0.000007193
250	128	0.000007174
250	128	0.000007134
250	128	0.000007379
250	128	0.000007166
250	128	0.000007151
250	128	0.000007392
250	128	0.000005869
250	128	0.000005860
250	128	0.000006179
250	128	0.000007438
250	128	0.000007164
250	128	0.000006714
250	128	0.000005899
250	128	0.000007159
250	128	0.000007132
250	128	0.000007148
250	128	0.000007193
250	128	0.000007402
250	128	0.000007392
250	128	0.000007169
250	128	0.000007375
250	128	0.000007140
250	128	0.000006203
250	128	0.000005885
250	128	0.000007118
250	128	0.000007373
250	128	0.000013623
250	128	0.000007173
250	128	0.000007160
250	128	0.000007173
250	128	0.000007178
250	128	0.000005983
250	128	0.000007165
250	128	0.000005901
250	128	0.000007157
250	128	0.000007392
250	128	0.000005933
250	128	0.000005860
250	128	0.000006148
250	128	0.000006156
250	128	0.000007145
250	128	0.000007194
250	128	0.000007133
250	128	0.000007403
250	128	0.000005959
250	128	0.000006854
250	128	0.000007151
250	128	0.000007399
250	128	0.000007149
250	128	0.000007459
250	128	0.000007132
250	128	0.000007395
250	128	0.000007137
250	128	0.000007390
250	128	0.000005889
250	128	0.000007108
250	256	0.000008649
250	256	0.000011145
250	256	0.000011659
250	256	0.000011147
250	256	0.000011091
250	256	0.000009217
250	256	0.000008632
250	256	0.000010295
250	256	0.000008735
250	256	0.000008647
250	256	0.000008627
250	256	0.000009165
250	256	0.000011170
250	256	0.000011154
250	256	0.000008627
250	256	0.000011161
250	256	0.000009228
250	256	0.000010265
250	256	0.000011172
250	256	0.000008762
250	256	0.000009243
250	256	0.000008720
250	256	0.000010245
250	256	0.000011176
250	256	0.000011072
250	256	0.000010425
250	256	0.000010451
250	256	0.000008697
250	256	0.000011697
250	256	0.000011055
250	256	0.000011171
250	256	0.000008640
250	256	0.000011113
250	256	0.000012560
250	256	0.000009283
250	256	0.000009292
250	256	0.000011901
250	256	0.000012612
250	256	0.000009837
250	256	0.000014210
250	256	0.000014221
250	256	0.000013568
250	256	0.000013539
250	256	0.000013586
250	256	0.000014225
250	256	0.000015648
250	256	0.000015606
250	256	0.000012059
250	256	0.000012711
250	256	0.000016414
250	256	0.000012839
250	256	0.000012845
250	256	0.000017226
250	256	0.000027845
250	256	0.000019523
250	256	0.000019489
250	256	0.000015112
250	256	0.000019508
250	256	0.000020458
250	256	0.000017136
250	256	0.000019504
250	256	0.000017415
250	256	0.000019516
250	256	0.000019555
250	256	0.000019491
250	256	0.000014279
250	256	0.000019521
250	256	0.000018616
250	256	0.000015103
250	256	0.000015978
250	256	0.000015105
250	256	0.000019414
250	256	0.000015260
250	256	0.000015117
250	256	0.000019539
250	256	0.000019536
250	256	0.000016007
250	256	0.000015047
250	256	0.000019417
250	256	0.000028750
250	256	0.000018382
250	256	0.000019362
250	256	0.000014902
250	256	0.000014947
250	256	0.000014090
250	256	0.000019464
250	256	0.000019496
250	256	0.000015999
250	256	0.000016029
250	256	0.000015132
250	256	0.000016051
250	256	0.000020438
250	256	0.000020354
250	256	0.000015118
250	256	0.000016083
250	256	0.000016160
250	256	0.000019378
250	256	0.000017968
250	256	0.000018379
250	256	0.000015114
250	380	0.000010377
250	380	0.000010569
250	380	0.000014113
250	380	0.000010279
250	380	0.000010295
250	380	0.000010298
250	380	0.000022926
250	380	0.000014336
250	380	0.000010579
250	380	0.000014073
250	380	0.000014165
250	380	0.000014140
250	380	0.000014093
250	380	0.000010362
250	380	0.000014099
250	380	0.000014115
250	380	0.000010350
250	380	0.000014118
250	380	0.000010385
250	380	0.000014070
250	380	0.000014325
250	380	0.000014358
250	380	0.000014328
250	380	0.000010382
250	380	0.000014343
250	380	0.000010345
250	380	0.000014113
250	380	0.000010525
250	380	0.000014135
250	380	0.000014136
250	380	0.000014310
250	380	0.000014351
250	380	0.000016424
250	380	0.000016738
250	380	0.000016694
250	380	0.000016724
250	380	0.000016472
250	380	0.000022351
250	380	0.000012023
250	380	0.000018263
250	380	0.000018239
250	380	0.000017955
250	380	0.000014352
250	380	0.000014133
250	380	0.000010408
250	380	0.000014117
250	380	0.000014366
250	380	0.000010689
250	380	0.000010383
250	380	0.000014076
250	380	0.000014322
250	380	0.000010366
250	380	0.000014126
250	380	0.000010394
250	380	0.000010576
250	380	0.000014114
250	380	0.000014121
250	380	0.000010580
250	380	0.000014169
250	380	0.000010562
250	380	0.000014321
250	380	0.000010582
250	380	0.000010631
250	380	0.000010511
250	380	0.000014099
250	380	0.000014319
250	380	0.000010874
250	380	0.000010335
250	380	0.000014129
250	380	0.000014182
250	380	0.000014677
250	380	0.000014347
250	380	0.000014301
250	380	0.000010356
250	380	0.000014340
250	380	0.000014051
250	380	0.000014142
250	380	0.000014018
250	380	0.000014327
250	380	0.000010614
250	380	0.000010295
250	380	0.000014358
250	380	0.000014134
250	380	0.000014097
250	380	0.000010718
250	380	0.000014101
250	380	0.000010276
250	380	0.000014347
250	380	0.000014284
250	380	0.000014341
250	380	0.000014146
250	380	0.000014318
250	380	0.000010370
250	380	0.000010574
250	380	0.000014125
250	380	0.000010273
250	380	0.000014326
250	380	0.000010302
250	380	0.000010506
250	380	0.000014118
250	510	0.000013067
250	510	0.000012890
250	510	0.000017951
250	510	0.000013498
250	510	0.000017954
250	510	0.000012890
250	510	0.000017977
250	510	0.000013024
250	510	0.000018412
250	510	0.000013323
250	510	0.000018405
250	510	0.000017794
250	510	0.000012865
250	510	0.000017943
250	510	0.000013501
250	510	0.000017947
250	510	0.000018416
250	510	0.000018409
250	510	0.000012878
250	510	0.000012909
250	510	0.000018369
250	510	0.000017988
250	510	0.000018382
250	510	0.000017930
250	510	0.000018382
250	510	0.000018379
250	510	0.000018417
250	510	0.000018359
250	510	0.000013315
250	510	0.000018402
250	510	0.000012673
250	510	0.000013323
250	510	0.000018442
250	510	0.000018373
250	510	0.000018386
250	510	0.000012873
250	510	0.000017946
250	510	0.000017926
250	510	0.000017954
250	510	0.000017932
250	510	0.000012896
250	510	0.000013077
250	510	0.000017792
250	510	0.000013345
250	510	0.000018373
250	510	0.000018437
250	510	0.000012676
250	510	0.000013047
250	510	0.000012739
250	510	0.000017924
250	510	0.000012705
250	510	0.000017970
250	510	0.000018385
250	510	0.000012867
250	510	0.000017944
250	510	0.000013474
250	510	0.000013041
250	510	0.000017915
250	510	0.000017947
250	510	0.000012909
250	510	0.000017795
250	510	0.000018407
250	510	0.000018421
250	510	0.000017932
250	510	0.000017957
250	510	0.000017952
250	510	0.000018399
250	510	0.000016534
250	510	0.000017957
250	510	0.000017963
250	510	0.000018424
250	510	0.000018387
250	510	0.000017991
250	510	0.000013485
250	510	0.000017985
250	510	0.000017958
250	510	0.000013348
250	510	0.000017955
250	510	0.000017937
250	510	0.000018398
250	510	0.000017926
250	510	0.000018395
250	510	0.000017958
250	510	0.000017958
250	510	0.000016106
250	510	0.000017952
250	510	0.000012688
250	510	0.000013313
250	510	0.000017936
250	510	0.000017971
250	510	0.000017945
250	510	0.000018394
250	510	0.000017958
250	510	0.000012895
250	510	0.000012686
250	510	0.000018376
250	510	0.000013089
250	510	0.000018370
250	510	0.000017933
250	510	0.000012893
250	600	0.000022341
250	600	0.000022305
250	600	0.000022310
250	600	0.000022298
250	600	0.000019781
250	600	0.000021884
250	600	0.000021696
250	600	0.000022325
250	600	0.000021860
250	600	0.000015943
250	600	0.000021878
250	600	0.000021877
250	600	0.000021698
250	600	0.000021878
250	600	0.000021692
250	600	0.000021871
250	600	0.000022325
250	600	0.000021847
250	600	0.000016117
250	600	0.000022307
250	600	0.000021848
250	600	0.000019758
250	600	0.000016582
250	600	0.000022310
250	600	0.000022316
250	600	0.000022286
250	600	0.000021691
250	600	0.000016327
250	600	0.000016360
250	600	0.000015940
250	600	0.000016347
250	600	0.000022299
250	600	0.000015777
250	600	0.000021702
250	600	0.000015919
250	600	0.000021884
250	600	0.000015918
250	600	0.000015724
250	600	0.000021701
250	600	0.000016978
250	600	0.000023578
250	600	0.000023502
250	600	0.000017156
250	600	0.000024010
250	600	0.000024027
250	600	0.000024024
250	600	0.000026021
250	600	0.000025512
250	600	0.000025994
250	600	0.000026005
250	600	0.000015887
250	600	0.000021873
250	600	0.000015881
250	600	0.000022332
250	600	0.000021684
250	600	0.000021858
250	600	0.000022313
250	600	0.000016341
250	600	0.000021871
250	600	0.000022309
250	600	0.000019748
250	600	0.000022346
250	600	0.000021836
250	600	0.000021707
250	600	0.000015906
250	600	0.000021871
250	600	0.000021856
250	600	0.000016352
250	600	0.000021874
250	600	0.000021702
250	600	0.000022336
250	600	0.000016099
250	600	0.000022327
250	600	0.000016072
250	600	0.000022331
250	600	0.000021675
250	600	0.000017791
250	600	0.000021874
250	600	0.000021678
250	600	0.000022309
250	600	0.000022289
250	600	0.000019794
250	600	0.000016096
250	600	0.000028265
250	600	0.000021878
250	600	0.000021840
250	600	0.000022311
250	600	0.000021848
250	600	0.000021873
250	600	0.000021857
250	600	0.000021843
250	600	0.000020567
250	600	0.000022324
250	600	0.000021847
250	600	0.000021689
250	600	0.000021875
250	600	0.000021893
250	600	0.000021845
250	600	0.000022309
250	600	0.000022309
380	128	0.000010130
380	128	0.000010167
380	128	0.000010116
380	128	0.000010135
380	128	0.000010082
380	128	0.000010143
380	128	0.000010385
380	128	0.000010368
380	128	0.000009680
380	128	0.000010103
380	128	0.000010153
380	128	0.000010111
380	128	0.000010100
380	128	0.000027501
380	128	0.000010152
380	128	0.000010341
380	128	0.000010075
380	128	0.000010121
380	128	0.000010383
380	128	0.000010112
380	128	0.000010369
380	128	0.000008716
380	128	0.000010145
380	128	0.000010079
380	128	0.000010140
380	128	0.000010096
380	128	0.000010085
380	128	0.000010139
380	128	0.000010122
380	128	0.000010060
380	128	0.000010338
380	128	0.000010112
380	128	0.000010371
380	128	0.000009791
380	128	0.000010093
380	128	0.000010156
380	128	0.000010055
380	128	0.000010098
380	128	0.000009817
380	128	0.000010113
380	128	0.000010156
380	128	0.000010130
380	128	0.000010156
380	128	0.000010394
380	128	0.000010089
380	128	0.000010364
380	128	0.000010363
380	128	0.000010131
380	128	0.000009840
380	128	0.000010113
380	128	0.000010385
380	128	0.000010137
380	128	0.000010410
380	128	0.000010130
380	128	0.000010071
380	128	0.000010099
380	128	0.000010091
380	128	0.000010322
380	128	0.000010121
380	128	0.000010077
380	128	0.000010131
380	128	0.000010114
380	128	0.000010103
380	128	0.000010121
380	128	0.000010123
380	128	0.000010109
380	128	0.000010080
380	128	0.000009760
380	128	0.000010137
380	128	0.000009765
380	128	0.000008504
380	128	0.000010137
380	128	0.000010092
380	128	0.000010132
380	128	0.000010136
380	128	0.000010141
380	128	0.000010146
380	128	0.000009762
380	128	0.000010153
380	128	0.000010388
380	128	0.000010143
380	128	0.000010115
380	128	0.000010138
380	128	0.000010346
380	128	0.000010392
380	128	0.000010371
380	128	0.000010121
380	128	0.000010094
380	128	0.000010094
380	128	0.000010376
380	128	0.000010364
380	128	0.000010110
380	128	0.000010133
380	128	0.000010086
380	128	0.000009780
380	128	0.000010149
380	128	0.000010101
380	128	0.000010102
380	128	0.000010096
380	128	0.000010379
380	256	0.000015977
380	256	0.000015351
380	256	0.000015455
380	256	0.000015487
380	256	0.000015459
380	256	0.000015439
380	256	0.000015385
380	256	0.000015972
380	256	0.000015347
380	256	0.000016012
380	256	0.000015487
380	256	0.000014604
380	256	0.000015994
380	256	0.000015939
380	256	0.000015927
380	256	0.000015478
380	256	0.000016187
380	256	0.000015969
380	256	0.000015983
380	256	0.000015388
380	256	0.000015380
380	256	0.000015368
380	256	0.000015469
380	256	0.000015440
380	256	0.000015357
380	256	0.000015981
380	256	0.000015481
380	256	0.000015437
380	256	0.000015440
380	256	0.000015473
380	256	0.000015977
380	256	0.000015401
380	256	0.000015394
380	256	0.000015483
380	256	0.000015987
380	256	0.000015481
380	256	0.000014801
380	256	0.000017385
380	256	0.000017267
380	256	0.000017301
380	256	0.000017296
380	256	0.000017201
380	256	0.000017311
380	256	0.000017307
380	256	0.000020647
380	256	0.000021299
380	256	0.000020531
380	256	0.000015402
380	256	0.000016022
380	256	0.000015957
380	256	0.000015430
380	256	0.000015935
380	256	0.000015466
380	256	0.000015418
380	256	0.000015452
380	256	0.000015436
380	256	0.000015451
380	256	0.000015989
380	256	0.000015962
380	256	0.000015474
380	256	0.000015457
380	256	0.000015968
380	256	0.000015492
380	256	0.000015465
380	256	0.000015970
380	256	0.000015385
380	256	0.000015440
380	256	0.000015508
380	256	0.000015985
380	256	0.000015964
380	256	0.000014628
380	256	0.000015467
380	256	0.000015970
380	256	0.000014596
380	256	0.000015967
380	256	0.000015970
380	256	0.000030555
380	256	0.000015463
380	256	0.000015447
380	256	0.000015975
380	256	0.000015376
380	256	0.000015979
380	256	0.000015470
380	256	0.000015368
380	256	0.000015944
380	256	0.000015457
380	256	0.000014657
380	256	0.000015464
380	256	0.000015967
380	256	0.000015452
380	256	0.000015436
380	256	0.000016007
380	256	0.000015973
380	256	0.000015963
380	256	0.000015471
380	256	0.000021066
380	256	0.000014593
380	256	0.000015420
380	256	0.000015975
380	256	0.000015986
380	380	0.000019199
380	380	0.000019477
380	380	0.000019318
380	380	0.000019534
380	380	0.000018004
380	380	0.000019518
380	380	0.000018059
380	380	0.000019301
380	380	0.000019307
380	380	0.000019524
380	380	0.000019222
380	380	0.000019291
380	380	0.000019473
380	380	0.000019508
380	380	0.000019305
380	380	0.000018009
380	380	0.000019311
380	380	0.000019273
380	380	0.000027435
380	380	0.000019505
380	380	0.000019503
380	380	0.000018023
380	380	0.000018050
380	380	0.000019270
380	380	0.000019450
380	380	0.000019496
380	380	0.000019494
380	380	0.000019487
380	380	0.000019310
380	380	0.000019512
380	380	0.000019217
380	380	0.000019496
380	380	0.000019481
380	380	0.000019488
380	380	0.000019497
380	380	0.000019512
380	380	0.000019293
380	380	0.000019476
380	380	0.000054554
380	380	0.000019293
380	380	0.000019227
380	380	0.000019297
380	380	0.000019227
380	380	0.000019455
380	380	0.000018056
380	380	0.000019268
380	380	0.000022093
380	380	0.000019490
380	380	0.000019507
380	380	0.000019496
380	380	0.000019512
380	380	0.000019308
380	380	0.000019331
380	380	0.000018340
380	380	0.000019496
380	380	0.000019300
380	380	0.000019466
380	380	0.000019502
380	380	0.000019499
380	380	0.000019290
380	380	0.000023245
380	380	0.000019311
380	380	0.000019285
380	380	0.000019254
380	380	0.000018063
380	380	0.000019288
380	380	0.000019287
380	380	0.000019293
380	380	0.000018049
380	380	0.000019266
380	380	0.000019506
380	380	0.000019496
380	380	0.000019479
380	380	0.000059010
380	380	0.000019473
380	380	0.000018069
380	380	0.000019489
380	380	0.000019480
380	380	0.000019271
380	380	0.000025098
380	380	0.000019507
380	380	0.000019478
380	380	0.000019297
380	380	0.000019521
380	380	0.000019199
380	380	0.000027022
380	380	0.000019318
380	380	0.000031111
380	380	0.000019497
380	380	0.000019280
380	380	0.000019289
380	380	0.000019293
380	380	0.000019303
380	380	0.000019469
380	380	0.000019239
380	380	0.000018098
380	380	0.000019485
380	380	0.000019271
380	380	0.000019281
380	380	0.000019276
380	510	0.000024410
380	510	0.000025075
380	510	0.000024383
380	510	0.000025116
380	510	0.000024146
380	510	0.000024391
380	510	0.000025094
380	510	0.000025095
380	510	0.000024420
380	510	0.000024146
380	510	0.000024128
380	510	0.000025097
380	510	0.000025074
380	510	0.000024167
380	510	0.000024434
380	510	0.000024422
380	510	0.000024424
380	510	0.000025095
380	510	0.000024405
380	510	0.000024408
380	510	0.000024413
380	510	0.000024382
380	510	0.000024409
380	510	0.000024419
380	510	0.000025082
380	510	0.000024399
380	510	0.000022582
380	510	0.000025091
380	510	0.000024438
380	510	0.000024122
380	510	0.000024424
380	510	0.000025102
380	510	0.000024420
380	510	0.000024436
380	510	0.000024412
380	510	0.000024410
380	510	0.000024414
380	510	0.000030379
380	510	0.000025118
380	510	0.000024421
380	510	0.000022941
380	510	0.000024427
380	510	0.000024411
380	510	0.000024428
380	510	0.000025089
380	510	0.000024431
380	510	0.000025100
380	510	0.000025090
380	510	0.000025086
380	510	0.000039729
380	510	0.000027349
380	510	0.000027320
380	510	0.000024421
380	510	0.000024428
380	510	0.000025074
380	510	0.000024400
380	510	0.000024413
380	510	0.000025094
380	510	0.000025044
380	510	0.000025099
380	510	0.000024129
380	510	0.000025126
380	510	0.000025090
380	510	0.000024388
380	510	0.000024152
380	510	0.000025085
380	510	0.000025079
380	510	0.000024410
380	510	0.000024406
380	510	0.000022904
380	510	0.000024400
380	510	0.000025098
380	510	0.000025105
380	510	0.000025085
380	510	0.000022938
380	510	0.000024135
380	510	0.000025091
380	510	0.000025101
380	510	0.000024417
380	510	0.000025091
380	510	0.000022596
380	510	0.000024415
380	510	0.000025114
380	510	0.000025080
380	510	0.000025091
380	510	0.000025108
380	510	0.000025108
380	510	0.000025090
380	510	0.000030948
380	510	0.000025086
380	510	0.000024425
380	510	0.000024171
380	510	0.000024433
380	510	0.000025087
380	510	0.000025078
380	510	0.000024432
380	510	0.000032752
380	510	0.000024395
380	510	0.000025081
380	510	0.000025083
380	600	0.000030567
380	600	0.000030542
380	600	0.000030580
380	600	0.000030535
380	600	0.000029610
380	600	0.000030534
380	600	0.000029871
380	600	0.000029883
380	600	0.000029602
380	600	0.000029882
380	600	0.000029643
380	600	0.000030541
380	600	0.000030553
380	600	0.000030551
380	600	0.000029625
380	600	0.000030538
380	600	0.000030534
380	600	0.000050341
380	600	0.000029895
380	600	0.000029912
380	600	0.000029862
380	600	0.000029891
380	600	0.000029611
380	600	0.000029886
380	600	0.000030544
380	600	0.000029873
380	600	0.000030547
380	600	0.000030547
380	600	0.000029611
380	600	0.000029879
380	600	0.000029879
380	600	0.000030547
380	600	0.000029614
380	600	0.000030544
380	600	0.000030543
380	600	0.000030566
380	600	0.000029846
380	600	0.000029903
380	600	0.000029813
380	600	0.000029891
380	600	0.000028145
380	600	0.000029857
380	600	0.000029879
380	600	0.000029880
380	600	0.000055702
380	600	0.000027718
380	600	0.000029595
380	600	0.000030535
380	600	0.000030550
380	600	0.000029878
380	600	0.000029594
380	600	0.000030548
380	600	0.000029920
380	600	0.000029870
380	600	0.000035648
380	600	0.000035645
380	600	0.000034867
380	600	0.000029872
380	600	0.000029873
380	600	0.000029837
380	600	0.000029872
380	600	0.000030542
380	600	0.000029881
380	600	0.000029856
380	600	0.000028162
380	600	0.000030573
380	600	0.000029854
380	600	0.000029895
380	600	0.000029871
380	600	0.000030555
380	600	0.000029600
380	600	0.000029864
380	600	0.000030563
380	600	0.000029862
380	600	0.000030540
380	600	0.000030561
380	600	0.000029859
380	600	0.000030542
380	600	0.000029857
380	600	0.000029608
380	600	0.000029877
380	600	0.000029857
380	600	0.000029908
380	600	0.000029887
380	600	0.000030557
380	600	0.000029868
380	600	0.000030542
380	600	0.000029866
380	600	0.000030546
380	600	0.000030532
380	600	0.000029886
380	600	0.000029858
380	600	0.000030575
380	600	0.000028170
380	600	0.000029865
380	600	0.000029881
380	600	0.000029874
380	600	0.000029880
380	600	0.000030553
380	600	0.000030547
510	128	0.000013117
510	128	0.000013124
510	128	0.000013089
510	128	0.000013028
510	128	0.000013125
510	128	0.000013052
510	128	0.000013344
510	128	0.000014654
510	128	0.000013068
510	128	0.000013149
510	128	0.000013050
510	128	0.000013103
510	128	0.000013151
510	128	0.000013057
510	128	0.000013325
510	128	0.000013101
510	128	0.000013333
510	128	0.000013352
510	128	0.000013091
510	128	0.000013144
510	128	0.000013124
510	128	0.000013122
510	128	0.000013069
510	128	0.000018827
510	128	0.000013353
510	128	0.000013341
510	128	0.000013107
510	128	0.000013262
510	128	0.000013328
510	128	0.000013334
510	128	0.000013350
510	128	0.000013101
510	128	0.000013278
510	128	0.000013106
510	128	0.000013089
510	128	0.000013079
510	128	0.000013351
510	128	0.000013100
510	128	0.000013104
510	128	0.000013321
510	128	0.000013333
510	128	0.000013093
510	128	0.000013341
510	128	0.000013348
510	128	0.000013004
510	128	0.000013076
510	128	0.000016217
510	128	0.000014677
510	128	0.000014925
510	128	0.000014945
510	128	0.000014681
510	128	0.000014961
510	128	0.000015906
510	128	0.000016220
510	128	0.000015950
510	128	0.000016248
510	128	0.000015548
510	128	0.000018695
510	128	0.000013335
510	128	0.000013067
510	128	0.000013337
510	128	0.000012702
510	128	0.000013118
510	128	0.000013375
510	128	0.000013341
510	128	0.000013329
510	128	0.000013325
510	128	0.000013342
510	128	0.000013055
510	128	0.000012790
510	128	0.000013099
510	128	0.000013312
510	128	0.000013086
510	128	0.000013332
510	128	0.000013284
510	128	0.000013328
510	128	0.000013290
510	128	0.000013052
510	128	0.000013127
510	128	0.000013067
510	128	0.000013328
510	128	0.000013324
510	128	0.000013081
510	128	0.000013316
510	128	0.000013091
510	128	0.000013101
510	128	0.000013086
510	128	0.000013319
510	128	0.000013068
510	128	0.000013130
510	128	0.000013358
510	128	0.000013047
510	128	0.000013071
510	128	0.000013078
510	128	0.000013092
510	128	0.000013333
510	128	0.000013100
510	128	0.000013124
510	128	0.000013098
510	128	0.000013073
510	256	0.000019682
510	256	0.000019801
510	256	0.000019670
510	256	0.000019669
510	256	0.000020271
510	256	0.000020284
510	256	0.000019712
510	256	0.000019770
510	256	0.000019702
510	256	0.000020280
510	256	0.000020001
510	256	0.000020296
510	256	0.000031700
510	256	0.000019776
510	256	0.000019778
510	256	0.000019683
510	256	0.000020286
510	256	0.000020292
510	256	0.000020273
510	256	0.000020264
510	256	0.000019755
510	256	0.000020299
510	256	0.000020254
510	256	0.000020290
510	256	0.000019784
510	256	0.000019753
510	256	0.000018844
510	256	0.000020261
510	256	0.000019778
510	256	0.000020283
510	256	0.000020279
510	256	0.000019750
510	256	0.000018936
510	256	0.000019764
510	256	0.000020289
510	256	0.000020306
510	256	0.000021211
510	256	0.000021292
510	256	0.000021852
510	256	0.000021839
510	256	0.000021839
510	256	0.000019801
510	256	0.000023536
510	256	0.000019766
510	256	0.000019749
510	256	0.000019770
510	256	0.000020267
510	256	0.000020309
510	256	0.000020272
510	256	0.000020266
510	256	0.000019682
510	256	0.000019757
510	256	0.000019769
510	256	0.000020318
510	256	0.000019751
510	256	0.000019751
510	256	0.000018931
510	256	0.000020255
510	256	0.000020272
510	256	0.000019752
510	256	0.000019752
510	256	0.000019721
510	256	0.000020277
510	256	0.000019774
510	256	0.000020267
510	256	0.000019784
510	256	0.000020292
510	256	0.000019778
510	256	0.000019769
510	256	0.000019680
510	256	0.000019758
510	256	0.000019790
510	256	0.000019790
510	256	0.000019757
510	256	0.000019800
510	256	0.000019756
510	256	0.000019762
510	256	0.000020264
510	256	0.000020305
510	256	0.000019760
510	256	0.000020253
510	256	0.000020292
510	256	0.000020315
510	256	0.000019750
510	256	0.000019766
510	256	0.000020294
510	256	0.000020298
510	256	0.000020303
510	256	0.000019784
510	256	0.000018868
510	256	0.000019772
510	256	0.000019748
510	256	0.000019747
510	256	0.000020289
510	256	0.000019679
510	256	0.000019704
510	256	0.000019767
510	256	0.000020313
510	256	0.000020290
510	256	0.000019772
510	380	0.000024664
510	380	0.000024652
510	380	0.000030387
510	380	0.000024444
510	380	0.000023178
510	380	0.000024666
510	380	0.000024678
510	380	0.000024373
510	380	0.000024480
510	380	0.000024679
510	380	0.000024658
510	380	0.000024652
510	380	0.000024402
510	380	0.000024487
510	380	0.000024369
510	380	0.000024671
510	380	0.000024465
510	380	0.000024371
510	380	0.000024461
510	380	0.000024647
510	380	0.000024677
510	380	0.000024644
510	380	0.000024389
510	380	0.000024452
510	380	0.000024463
510	380	0.000024668
510	380	0.000024355
510	380	0.000024449
510	380	0.000029768
510	380	0.000029764
510	380	0.000029780
510	380	0.000030032
510	380	0.000036308
510	380	0.000042903
510	380	0.000036363
510	380	0.000036315
510	380	0.000042685
510	380	0.000043170
510	380	0.000042785
510	380	0.000043131
510	380	0.000043135
510	380	0.000043188
510	380	0.000043162
510	380	0.000042791
510	380	0.000043134
510	380	0.000042806
510	380	0.000042769
510	380	0.000042820
510	380	0.000049401
510	380	0.000043140
510	380	0.000042666
510	380	0.000043123
510	380	0.000042803
510	380	0.000042672
510	380	0.000042700
510	380	0.000042818
510	380	0.000043142
510	380	0.000042799
510	380	0.000043145
510	380	0.000043203
510	380	0.000042673
510	380	0.000045862
510	380	0.000040539
510	380	0.000042825
510	380	0.000042700
510	380	0.000042674
510	380	0.000042768
510	380	0.000042849
510	380	0.000042845
510	380	0.000042671
510	380	0.000043160
510	380	0.000043139
510	380	0.000043134
510	380	0.000042772
510	380	0.000040535
510	380	0.000043129
510	380	0.000043090
510	380	0.000043156
510	380	0.000043128
510	380	0.000043115
510	380	0.000043155
510	380	0.000042650
510	380	0.000042640
510	380	0.000043194
510	380	0.000042809
510	380	0.000040629
510	380	0.000042780
510	380	0.000042759
510	380	0.000042774
510	380	0.000042649
510	380	0.000042645
510	380	0.000042634
510	380	0.000042822
510	380	0.000042820
510	380	0.000043124
510	380	0.000043134
510	380	0.000042834
510	380	0.000042812
510	380	0.000043136
510	380	0.000040271
510	510	0.000030530
510	510	0.000030513
510	510	0.000030879
510	510	0.000030512
510	510	0.000031789
510	510	0.000034750
510	510	0.000031804
510	510	0.000030874
510	510	0.000030921
510	510	0.000031814
510	510	0.000030876
510	510	0.000028949
510	510	0.000031811
510	510	0.000030867
510	510	0.000031794
510	510	0.000030537
510	510	0.000031792
510	510	0.000030844
510	510	0.000030850
510	510	0.000030876
510	510	0.000031800
510	510	0.000029316
510	510	0.000030881
510	510	0.000030538
510	510	0.000031769
510	510	0.000030884
510	510	0.000031794
510	510	0.000030908
510	510	0.000030846
510	510	0.000031789
510	510	0.000030857
510	510	0.000030872
510	510	0.000031818
510	510	0.000031798
510	510	0.000031791
510	510	0.000031789
510	510	0.000030532
510	510	0.000031811
510	510	0.000029290
510	510	0.000030879
510	510	0.000030873
510	510	0.000030878
510	510	0.000031770
510	510	0.000030902
510	510	0.000031787
510	510	0.000031812
510	510	0.000031783
510	510	0.000031792
510	510	0.000065621
510	510	0.000030887
510	510	0.000035117
510	510	0.000030534
510	510	0.000034515
510	510	0.000028958
510	510	0.000031791
510	510	0.000030881
510	510	0.000035611
510	510	0.000034591
510	510	0.000034584
510	510	0.000034579
510	510	0.000042338
510	510	0.000035615
510	510	0.000036038
510	510	0.000036004
510	510	0.000036031
510	510	0.000033724
510	510	0.000036024
510	510	0.000039339
510	510	0.000039315
510	510	0.000040476
510	510	0.000039318
510	510	0.000039314
510	510	0.000038680
510	510	0.000038691
510	510	0.000037616
510	510	0.000038738
510	510	0.000037586
510	510	0.000046891
510	510	0.000045505
510	510	0.000045549
510	510	0.000045546
510	510	0.000050845
510	510	0.000050864
510	510	0.000050269
510	510	0.000050877
510	510	0.000050864
510	510	0.000050842
510	510	0.000055934
510	510	0.000055686
510	510	0.000053443
510	510	0.000052385
510	510	0.000055677
510	510	0.000054033
510	510	0.000055674
510	510	0.000053439
510	510	0.000056315
510	510	0.000054059
510	510	0.000055629
510	510	0.000052407
510	510	0.000055641
510	600	0.000037898
510	600	0.000037858
510	600	0.000037872
510	600	0.000038785
510	600	0.000037836
510	600	0.000035600
510	600	0.000043729
510	600	0.000037876
510	600	0.000037838
510	600	0.000037487
510	600	0.000037868
510	600	0.000038809
510	600	0.000038790
510	600	0.000035572
510	600	0.000037882
510	600	0.000035611
510	600	0.000037526
510	600	0.000037521
510	600	0.000037894
510	600	0.000037858
510	600	0.000037873
510	600	0.000040009
510	600	0.000037520
510	600	0.000038797
510	600	0.000038779
510	600	0.000038764
510	600	0.000037885
510	600	0.000037872
510	600	0.000037860
510	600	0.000037896
510	600	0.000037862
510	600	0.000038783
510	600	0.000037873
510	600	0.000037862
510	600	0.000047500
510	600	0.000038796
510	600	0.000042334
510	600	0.000037867
510	600	0.000038805
510	600	0.000042426
510	600	0.000043428
510	600	0.000042420
510	600	0.000043450
510	600	0.000042430
510	600	0.000042420
510	600	0.000043411
510	600	0.000046142
510	600	0.000046135
510	600	0.000046085
510	600	0.000053040
510	600	0.000053032
510	600	0.000053072
510	600	0.000062978
510	600	0.000054672
510	600	0.000055267
510	600	0.000055834
510	600	0.000063905
510	600	0.000055264
510	600	0.000063876
510	600	0.000062410
510	600	0.000065956
510	600	0.000065621
510	600	0.000066298
510	600	0.000062457
510	600	0.000066301
510	600	0.000067849
510	600	0.000065627
510	600	0.000066279
510	600	0.000067878
510	600	0.000066327
510	600	0.000067861
510	600	0.000062370
510	600	0.000061776
510	600	0.000065632
510	600	0.000066280
510	600	0.000062248
510	600	0.000066262
510	600	0.000067889
510	600	0.000066331
510	600	0.000066273
510	600	0.000065664
510	600	0.000065692
510	600	0.000066285
510	600	0.000067819
510	600	0.000066293
510	600	0.000066249
510	600	0.000067883
510	600	0.000067865
510	600	0.000067918
510	600	0.000067872
510	600	0.000066272
510	600	0.000066238
510	600	0.000066286
510	600	0.000067814
510	600	0.000066255
510	600	0.000062232
510	600	0.000066287
510	600	0.000096796
510	600	0.000067872
510	600	0.000066258
600	128	0.000015840
600	128	0.000015854
600	128	0.000015805
600	128	0.000015783
600	128	0.000016068
600	128	0.000015866
600	128	0.000016068
600	128	0.000015846
600	128	0.000016115
600	128	0.000016050
600	128	0.000015860
600	128	0.000018959
600	128	0.000015830
600	128	0.000015817
600	128	0.000015828
600	128	0.000015836
600	128	0.000015861
600	128	0.000015849
600	128	0.000015842
600	128	0.000015806
600	128	0.000016098
600	128	0.000015812
600	128	0.000016086
600	128	0.000016075
600	128	0.000015843
600	128	0.000015884
600	128	0.000015798
600	128	0.000015831
600	128	0.000015829
600	128	0.000016101
600	128	0.000016085
600	128	0.000015806
600	128	0.000015846
600	128	0.000015830
600	128	0.000017887
600	128	0.000015848
600	128	0.000016066
600	128	0.000015835
600	128	0.000015829
600	128	0.000016050
600	128	0.000015767
600	128	0.000015826
600	128	0.000015842
600	128	0.000016036
600	128	0.000015824
600	128	0.000015846
600	128	0.000015833
600	128	0.000016063
600	128	0.000015551
600	128	0.000015843
600	128	0.000015795
600	128	0.000016044
600	128	0.000016066
600	128	0.000016082
600	128	0.000015862
600	128	0.000015783
600	128	0.000015430
600	128	0.000015832
600	128	0.000015832
600	128	0.000015808
600	128	0.000015837
600	128	0.000016085
600	128	0.000015538
600	128	0.000016087
600	128	0.000015831
600	128	0.000015849
600	128	0.000015791
600	128	0.000015850
600	128	0.000015833
600	128	0.000015850
600	128	0.000015847
600	128	0.000015429
600	128	0.000015862
600	128	0.000015826
600	128	0.000015833
600	128	0.000015825
600	128	0.000016069
600	128	0.000016089
600	128	0.000015831
600	128	0.000015834
600	128	0.000016085
600	128	0.000015816
600	128	0.000016091
600	128	0.000015818
600	128	0.000015822
600	128	0.000016088
600	128	0.000016083
600	128	0.000016068
600	128	0.000015819
600	128	0.000015817
600	128	0.000016056
600	128	0.000015849
600	128	0.000015822
600	128	0.000015816
600	128	0.000016060
600	128	0.000015819
600	128	0.000016076
600	128	0.000015848
600	128	0.000015817
600	128	0.000015851
600	256	0.000024628
600	256	0.000024109
600	256	0.000024119
600	256	0.000024084
600	256	0.000024640
600	256	0.000024634
600	256	0.000024245
600	256	0.000024648
600	256	0.000029915
600	256	0.000024127
600	256	0.000032252
600	256	0.000024124
600	256	0.000024139
600	256	0.000024048
600	256	0.000024616
600	256	0.000024129
600	256	0.000024626
600	256	0.000024058
600	256	0.000024634
600	256	0.000023239
600	256	0.000024020
600	256	0.000024026
600	256	0.000024102
600	256	0.000024044
600	256	0.000024651
600	256	0.000024022
600	256	0.000024065
600	256	0.000024097
600	256	0.000024616
600	256	0.000024642
600	256	0.000024627
600	256	0.000024127
600	256	0.000024143
600	256	0.000024633
600	256	0.000024112
600	256	0.000024040
600	256	0.000025019
600	256	0.000025008
600	256	0.000025009
600	256	0.000025551
600	256	0.000025553
600	256	0.000025044
600	256	0.000026539
600	256	0.000026510
600	256	0.000026540
600	256	0.000025993
600	256	0.000026000
600	256	0.000024129
600	256	0.000024072
600	256	0.000024643
600	256	0.000024663
600	256	0.000024651
600	256	0.000024614
600	256	0.000024023
600	256	0.000024654
600	256	0.000024046
600	256	0.000024642
600	256	0.000024145
600	256	0.000024065
600	256	0.000024656
600	256	0.000024110
600	256	0.000024111
600	256	0.000024635
600	256	0.000024642
600	256	0.000024119
600	256	0.000024019
600	256	0.000024121
600	256	0.000024105
600	256	0.000024645
600	256	0.000024648
600	256	0.000024630
600	256	0.000024665
600	256	0.000024116
600	256	0.000024111
600	256	0.000033730
600	256	0.000024626
600	256	0.000023446
600	256	0.000024650
600	256	0.000024020
600	256	0.000024147
600	256	0.000024139
600	256	0.000024127
600	256	0.000024637
600	256	0.000024633
600	256	0.000024624
600	256	0.000024633
600	256	0.000024140
600	256	0.000030806
600	256	0.000024106
600	256	0.000024140
600	256	0.000024130
600	256	0.000024125
600	256	0.000024604
600	256	0.000024642
600	256	0.000024135
600	256	0.000024065
600	256	0.000024150
600	256	0.000024122
600	256	0.000024114
600	256	0.000024794
600	380	0.000030068
600	380	0.000029978
600	380	0.000030346
600	380	0.000029990
600	380	0.000030095
600	380	0.000030068
600	380	0.000030254
600	380	0.000030081
600	380	0.000030280
600	380	0.000029996
600	380	0.000030252
600	380	0.000030279
600	380	0.000028782
600	380	0.000029998
600	380	0.000030290
600	380	0.000030065
600	380	0.000030069
600	380	0.000030067
600	380	0.000030072
600	380	0.000030263
600	380	0.000030088
600	380	0.000030234
600	380	0.000030074
600	380	0.000030266
600	380	0.000030005
600	380	0.000029991
600	380	0.000030025
600	380	0.000030291
600	380	0.000030093
600	380	0.000029985
600	380	0.000030072
600	380	0.000030106
600	380	0.000030099
600	380	0.000030063
600	380	0.000030008
600	380	0.000030276
600	380	0.000030064
600	380	0.000030074
600	380	0.000029994
600	380	0.000029987
600	380	0.000030068
600	380	0.000034381
600	380	0.000030068
600	380	0.000030104
600	380	0.000030067
600	380	0.000030067
600	380	0.000030277
600	380	0.000030187
600	380	0.000030279
600	380	0.000030083
600	380	0.000030055
600	380	0.000030268
600	380	0.000030244
600	380	0.000034292
600	380	0.000030295
600	380	0.000030276
600	380	0.000030061
600	380	0.000030060
600	380	0.000030087
600	380	0.000030308
600	380	0.000030086
600	380	0.000030811
600	380	0.000030282
600	380	0.000034426
600	380	0.000030072
600	380	0.000030282
600	380	0.000030275
600	380	0.000029987
600	380	0.000030289
600	380	0.000030271
600	380	0.000030092
600	380	0.000030080
600	380	0.000030283
600	380	0.000030068
600	380	0.000030273
600	380	0.000030035
600	380	0.000038704
600	380	0.000030073
600	380	0.000030074
600	380	0.000030088
600	380	0.000030071
600	380	0.000030223
600	380	0.000029987
600	380	0.000030078
600	380	0.000030037
600	380	0.000030062
600	380	0.000029984
600	380	0.000030089
600	380	0.000030301
600	380	0.000030093
600	380	0.000030284
600	380	0.000030068
600	380	0.000030272
600	380	0.000030270
600	380	0.000030058
600	380	0.000040992
600	380	0.000030084
600	380	0.000030270
600	380	0.000030091
600	380	0.000033869
600	510	0.000037671
600	510	0.000038119
600	510	0.000039174
600	510	0.000039171
600	510	0.000042146
600	510	0.000038100
600	510	0.000038098
600	510	0.000038103
600	510	0.000039147
600	510	0.000036026
600	510	0.000038079
600	510	0.000038110
600	510	0.000038112
600	510	0.000038109
600	510	0.000038118
600	510	0.000038105
600	510	0.000048064
600	510	0.000037676
600	510	0.000037644
600	510	0.000037655
600	510	0.000038106
600	510	0.000039153
600	510	0.000037656
600	510	0.000037679
600	510	0.000038112
600	510	0.000037667
600	510	0.000038075
600	510	0.000038101
600	510	0.000039188
600	510	0.000039161
600	510	0.000037700
600	510	0.000037629
600	510	0.000038091
600	510	0.000043962
600	510	0.000045702
600	510	0.000045724
600	510	0.000044408
600	510	0.000044460
600	510	0.000053321
600	510	0.000054829
600	510	0.000059337
600	510	0.000066700
600	510	0.000068550
600	510	0.000068526
600	510	0.000066649
600	510	0.000068551
600	510	0.000066685
600	510	0.000066699
600	510	0.000068532
600	510	0.000068544
600	510	0.000066666
600	510	0.000068522
600	510	0.000065921
600	510	0.000068586
600	510	0.000065935
600	510	0.000068550
600	510	0.000066657
600	510	0.000068544
600	510	0.000065930
600	510	0.000068533
600	510	0.000080020
600	510	0.000074797
600	510	0.000065924
600	510	0.000075999
600	510	0.000066682
600	510	0.000062779
600	510	0.000068550
600	510	0.000062737
600	510	0.000068545
600	510	0.000062790
600	510	0.000064534
600	510	0.000068466
600	510	0.000065930
600	510	0.000068550
600	510	0.000068569
600	510	0.000066639
600	510	0.000066664
600	510	0.000063133
600	510	0.000066683
600	510	0.000074348
600	510	0.000068558
600	510	0.000066660
600	510	0.000066615
600	510	0.000065904
600	510	0.000066671
600	510	0.000065945
600	510	0.000068540
600	510	0.000068565
600	510	0.000066653
600	510	0.000066670
600	510	0.000066702
600	510	0.000066662
600	510	0.000074697
600	510	0.000065952
600	510	0.000066645
600	510	0.000066644
600	510	0.000065939
600	510	0.000066628
600	510	0.000063085
600	510	0.000065894
600	600	0.000046634
600	600	0.000047700
600	600	0.000046221
600	600	0.000047713
600	600	0.000047733
600	600	0.000047726
600	600	0.000047718
600	600	0.000046224
600	600	0.000047701
600	600	0.000046187
600	600	0.000046629
600	600	0.000047687
600	600	0.000047689
600	600	0.000047697
600	600	0.000047716
600	600	0.000058335
600	600	0.000046650
600	600	0.000047705
600	600	0.000046638
600	600	0.000047703
600	600	0.000044317
600	600	0.000046181
600	600	0.000046228
600	600	0.000047704
600	600	0.000047689
600	600	0.000046614
600	600	0.000047699
600	600	0.000046194
600	600	0.000046238
600	600	0.000046664
600	600	0.000046633
600	600	0.000046608
600	600	0.000047735
600	600	0.000046658
600	600	0.000044327
600	600	0.000052507
600	600	0.000046637
600	600	0.000046217
600	600	0.000047732
600	600	0.000051386
600	600	0.000050241
600	600	0.000051360
600	600	0.000050199
600	600	0.000052765
600	600	0.000053426
600	600	0.000053418
600	600	0.000053449
600	600	0.000052232
600	600	0.000052225
600	600	0.000050225
600	600	0.000049751
600	600	0.000050206
600	600	0.000051391
600	600	0.000049790
600	600	0.000059180
600	600	0.000059343
600	600	0.000059392
600	600	0.000059350
600	600	0.000059345
600	600	0.000062184
600	600	0.000046650
600	600	0.000046641
600	600	0.000051689
600	600	0.000046648
600	600	0.000046614
600	600	0.000046647
600	600	0.000047692
600	600	0.000046227
600	600	0.000046239
600	600	0.000046627
600	600	0.000046672
600	600	0.000046220
600	600	0.000046622
600	600	0.000074189
600	600	0.000046656
600	600	0.000047721
600	600	0.000046632
600	600	0.000047734
600	600	0.000047722
600	600	0.000046628
600	600	0.000046642
600	600	0.000046601
600	600	0.000047689
600	600	0.000046646
600	600	0.000046224
600	600	0.000046683
600	600	0.000047716
600	600	0.000046232
600	600	0.000046616
600	600	0.000047733
600	600	0.000046640
600	600	0.000051795
600	600	0.000046614
600	600	0.000044300
600	600	0.000046625
600	600	0.000046662
600	600	0.000047708
600	600	0.000047739
600	600	0.000047711
600	600	0.000047669
