120	128	0.000013708
120	128	0.000013659
120	128	0.000013650
120	128	0.000013672
120	128	0.000013674
120	128	0.000013698
120	128	0.000013675
120	128	0.000013258
120	128	0.000013690
120	128	0.000013689
120	128	0.000013693
120	128	0.000013650
120	128	0.000013685
120	128	0.000013705
120	128	0.000013698
120	128	0.000013711
120	128	0.000013699
120	128	0.000013702
120	128	0.000013661
120	128	0.000020138
120	128	0.000013683
120	128	0.000013677
120	128	0.000013677
120	128	0.000013670
120	128	0.000013675
120	128	0.000013710
120	128	0.000013653
120	128	0.000013703
120	128	0.000013666
120	128	0.000013704
120	128	0.000013678
120	128	0.000013647
120	128	0.000013685
120	128	0.000013683
120	128	0.000013673
120	128	0.000013686
120	128	0.000013696
120	128	0.000019536
120	128	0.000013698
120	128	0.000013688
120	128	0.000013692
120	128	0.000013656
120	128	0.000013676
120	128	0.000013664
120	128	0.000013713
120	128	0.000013677
120	128	0.000013677
120	128	0.000013676
120	128	0.000013679
120	128	0.000013683
120	128	0.000013653
120	128	0.000013694
120	128	0.000013700
120	128	0.000013684
120	128	0.000013659
120	128	0.000014759
120	128	0.000013703
120	128	0.000013662
120	128	0.000013675
120	128	0.000013698
120	128	0.000013692
120	128	0.000013652
120	128	0.000013690
120	128	0.000013684
120	128	0.000013679
120	128	0.000013666
120	128	0.000013718
120	128	0.000013703
120	128	0.000013682
120	128	0.000013678
120	128	0.000013677
120	128	0.000013657
120	128	0.000013696
120	128	0.000013683
120	128	0.000013663
120	128	0.000013655
120	128	0.000013686
120	128	0.000013657
120	128	0.000013675
120	128	0.000013670
120	128	0.000013676
120	128	0.000013678
120	128	0.000013660
120	128	0.000013701
120	128	0.000013699
120	128	0.000013697
120	128	0.000013671
120	128	0.000013654
120	128	0.000013702
120	128	0.000013699
120	128	0.000013701
120	128	0.000013682
120	128	0.000013709
120	128	0.000013675
120	128	0.000013675
120	128	0.000013659
120	128	0.000013675
120	128	0.000013697
120	128	0.000013688
120	128	0.000013662
120	256	0.000026313
120	256	0.000026303
120	256	0.000026297
120	256	0.000026309
120	256	0.000026298
120	256	0.000026315
120	256	0.000026304
120	256	0.000026321
120	256	0.000026294
120	256	0.000026302
120	256	0.000026330
120	256	0.000026316
120	256	0.000026325
120	256	0.000026333
120	256	0.000026305
120	256	0.000026299
120	256	0.000026318
120	256	0.000025515
120	256	0.000026296
120	256	0.000026314
120	256	0.000026292
120	256	0.000026329
120	256	0.000026322
120	256	0.000025475
120	256	0.000026328
120	256	0.000028819
120	256	0.000033462
120	256	0.000033488
120	256	0.000033513
120	256	0.000033489
120	256	0.000038781
120	256	0.000038781
120	256	0.000038786
120	256	0.000038772
120	256	0.000046053
120	256	0.000046070
120	256	0.000046031
120	256	0.000046063
120	256	0.000044669
120	256	0.000046066
120	256	0.000046013
120	256	0.000047974
120	256	0.000062382
120	256	0.000046023
120	256	0.000045353
120	256	0.000043371
120	256	0.000046043
120	256	0.000046085
120	256	0.000046037
120	256	0.000046074
120	256	0.000046046
120	256	0.000046054
120	256	0.000046043
120	256	0.000046056
120	256	0.000046026
120	256	0.000046070
120	256	0.000055774
120	256	0.000046041
120	256	0.000046043
120	256	0.000045993
120	256	0.000044620
120	256	0.000046014
120	256	0.000046007
120	256	0.000046028
120	256	0.000046065
120	256	0.000046001
120	256	0.000045995
120	256	0.000046064
120	256	0.000046034
120	256	0.000046050
120	256	0.000046027
120	256	0.000046053
120	256	0.000043290
120	256	0.000043287
120	256	0.000046018
120	256	0.000046035
120	256	0.000046058
120	256	0.000046070
120	256	0.000046073
120	256	0.000046036
120	256	0.000043352
120	256	0.000046074
120	256	0.000046031
120	256	0.000046039
120	256	0.000046087
120	256	0.000046022
120	256	0.000046047
120	256	0.000046016
120	256	0.000046059
120	256	0.000043380
120	256	0.000046015
120	256	0.000050296
120	256	0.000046064
120	256	0.000046024
120	256	0.000045986
120	256	0.000046032
120	256	0.000046068
120	256	0.000046060
120	256	0.000044637
120	256	0.000044633
120	380	0.000038040
120	380	0.000038030
120	380	0.000038041
120	380	0.000038035
120	380	0.000038029
120	380	0.000038023
120	380	0.000038036
120	380	0.000038033
120	380	0.000038058
120	380	0.000038036
120	380	0.000036817
120	380	0.000038032
120	380	0.000036851
120	380	0.000038042
120	380	0.000038033
120	380	0.000038020
120	380	0.000038013
120	380	0.000038014
120	380	0.000038052
120	380	0.000038024
120	380	0.000038048
120	380	0.000038074
120	380	0.000038068
120	380	0.000038050
120	380	0.000044847
120	380	0.000038052
120	380	0.000067966
120	380	0.000038060
120	380	0.000038023
120	380	0.000038048
120	380	0.000038007
120	380	0.000038040
120	380	0.000038016
120	380	0.000038030
120	380	0.000038043
120	380	0.000038048
120	380	0.000038055
120	380	0.000038019
120	380	0.000038026
120	380	0.000038040
120	380	0.000038046
120	380	0.000038018
120	380	0.000038020
120	380	0.000038052
120	380	0.000038053
120	380	0.000038074
120	380	0.000038048
120	380	0.000038065
120	380	0.000038053
120	380	0.000038046
120	380	0.000038016
120	380	0.000041358
120	380	0.000038027
120	380	0.000038021
120	380	0.000038050
120	380	0.000038045
120	380	0.000038038
120	380	0.000038040
120	380	0.000038037
120	380	0.000038027
120	380	0.000038028
120	380	0.000038115
120	380	0.000038045
120	380	0.000038053
120	380	0.000038063
120	380	0.000038028
120	380	0.000038055
120	380	0.000038040
120	380	0.000038054
120	380	0.000038045
120	380	0.000038047
120	380	0.000038033
120	380	0.000038036
120	380	0.000038074
120	380	0.000038068
120	380	0.000038040
120	380	0.000038052
120	380	0.000038042
120	380	0.000038054
120	380	0.000043298
120	380	0.000038049
120	380	0.000038038
120	380	0.000038047
120	380	0.000036860
120	380	0.000038048
120	380	0.000038034
120	380	0.000038035
120	380	0.000038034
120	380	0.000038051
120	380	0.000038021
120	380	0.000038023
120	380	0.000038037
120	380	0.000038058
120	380	0.000038045
120	380	0.000038070
120	380	0.000038058
120	380	0.000038054
120	380	0.000038065
120	380	0.000038033
120	380	0.000038024
120	510	0.000048977
120	510	0.000050598
120	510	0.000050613
120	510	0.000050605
120	510	0.000050587
120	510	0.000050590
120	510	0.000050626
120	510	0.000050598
120	510	0.000050588
120	510	0.000050620
120	510	0.000050610
120	510	0.000050578
120	510	0.000050591
120	510	0.000050607
120	510	0.000050593
120	510	0.000050599
120	510	0.000050599
120	510	0.000050611
120	510	0.000050598
120	510	0.000050623
120	510	0.000050613
120	510	0.000050593
120	510	0.000050589
120	510	0.000050615
120	510	0.000050605
120	510	0.000050617
120	510	0.000050616
120	510	0.000050604
120	510	0.000050615
120	510	0.000050631
120	510	0.000050588
120	510	0.000050621
120	510	0.000050618
120	510	0.000054498
120	510	0.000054484
120	510	0.000054496
120	510	0.000054491
120	510	0.000054502
120	510	0.000054470
120	510	0.000050612
120	510	0.000050588
120	510	0.000050579
120	510	0.000054171
120	510	0.000050606
120	510	0.000058163
120	510	0.000054499
120	510	0.000054511
120	510	0.000054523
120	510	0.000052774
120	510	0.000059070
120	510	0.000059051
120	510	0.000059040
120	510	0.000059037
120	510	0.000059030
120	510	0.000061096
120	510	0.000059617
120	510	0.000059342
120	510	0.000061590
120	510	0.000070862
120	510	0.000070849
120	510	0.000104748
120	510	0.000070870
120	510	0.000070866
120	510	0.000050590
120	510	0.000050620
120	510	0.000050636
120	510	0.000050573
120	510	0.000050607
120	510	0.000055324
120	510	0.000050602
120	510	0.000059640
120	510	0.000078753
120	510	0.000078749
120	510	0.000088588
120	510	0.000088565
120	510	0.000088560
120	510	0.000088552
120	510	0.000088524
120	510	0.000097078
120	510	0.000089549
120	510	0.000083458
120	510	0.000088557
120	510	0.000088575
120	510	0.000088550
120	510	0.000104811
120	510	0.000088535
120	510	0.000088550
120	510	0.000088576
120	510	0.000088570
120	510	0.000088595
120	510	0.000088571
120	510	0.000088524
120	510	0.000088562
120	510	0.000088533
120	510	0.000088549
120	510	0.000094435
120	510	0.000088560
120	510	0.000088538
120	510	0.000088559
120	510	0.000088536
120	600	0.000059560
120	600	0.000059584
120	600	0.000059542
120	600	0.000059522
120	600	0.000059569
120	600	0.000059572
120	600	0.000066097
120	600	0.000059558
120	600	0.000063878
120	600	0.000059543
120	600	0.000059545
120	600	0.000059566
120	600	0.000059558
120	600	0.000059538
120	600	0.000059603
120	600	0.000059568
120	600	0.000059598
120	600	0.000059556
120	600	0.000059545
120	600	0.000059542
120	600	0.000059566
120	600	0.000059563
120	600	0.000059562
120	600	0.000059542
120	600	0.000059563
120	600	0.000059581
120	600	0.000059589
120	600	0.000059580
120	600	0.000059563
120	600	0.000059579
120	600	0.000059540
120	600	0.000059578
120	600	0.000059558
120	600	0.000059551
120	600	0.000059564
120	600	0.000059591
120	600	0.000059566
120	600	0.000059566
120	600	0.000059555
120	600	0.000059537
120	600	0.000059574
120	600	0.000059538
120	600	0.000059564
120	600	0.000059553
120	600	0.000059564
120	600	0.000059556
120	600	0.000059553
120	600	0.000059571
120	600	0.000059590
120	600	0.000059540
120	600	0.000059552
120	600	0.000059558
120	600	0.000059550
120	600	0.000059753
120	600	0.000061767
120	600	0.000061779
120	600	0.000061788
120	600	0.000063582
120	600	0.000069474
120	600	0.000059565
120	600	0.000059549
120	600	0.000059565
120	600	0.000059556
120	600	0.000059556
120	600	0.000059564
120	600	0.000059564
120	600	0.000059560
120	600	0.000059587
120	600	0.000059565
120	600	0.000059561
120	600	0.000064127
120	600	0.000057682
120	600	0.000135830
120	600	0.000059578
120	600	0.000059568
120	600	0.000059555
120	600	0.000059549
120	600	0.000059573
120	600	0.000059538
120	600	0.000059549
120	600	0.000075984
120	600	0.000084979
120	600	0.000087788
120	600	0.000092401
120	600	0.000092670
120	600	0.000092657
120	600	0.000089566
120	600	0.000087740
120	600	0.000087767
120	600	0.000087777
120	600	0.000098068
120	600	0.000098097
120	600	0.000098070
120	600	0.000130149
120	600	0.000098053
120	600	0.000105730
120	600	0.000104223
120	600	0.000101150
120	600	0.000114406
120	600	0.000098115
250	128	0.000026990
250	128	0.000026577
250	128	0.000026995
250	128	0.000026593
250	128	0.000026979
250	128	0.000026978
250	128	0.000026974
250	128	0.000026994
250	128	0.000026977
250	128	0.000026982
250	128	0.000026982
250	128	0.000027005
250	128	0.000026997
250	128	0.000026997
250	128	0.000027001
250	128	0.000026983
250	128	0.000026977
250	128	0.000027012
250	128	0.000026991
250	128	0.000027008
250	128	0.000026988
250	128	0.000026993
250	128	0.000027002
250	128	0.000027001
250	128	0.000026986
250	128	0.000026995
250	128	0.000027004
250	128	0.000026998
250	128	0.000027007
250	128	0.000026574
250	128	0.000029039
250	128	0.000029068
250	128	0.000029088
250	128	0.000029084
250	128	0.000029074
250	128	0.000029079
250	128	0.000028624
250	128	0.000029072
250	128	0.000029073
250	128	0.000028619
250	128	0.000030951
250	128	0.000026986
250	128	0.000032097
250	128	0.000026686
250	128	0.000027005
250	128	0.000026987
250	128	0.000034642
250	128	0.000027012
250	128	0.000026981
250	128	0.000026576
250	128	0.000026988
250	128	0.000026993
250	128	0.000026986
250	128	0.000026966
250	128	0.000026986
250	128	0.000027026
250	128	0.000027011
250	128	0.000027013
250	128	0.000027013
250	128	0.000026998
250	128	0.000026983
250	128	0.000026973
250	128	0.000026980
250	128	0.000027016
250	128	0.000027013
250	128	0.000027006
250	128	0.000027004
250	128	0.000026997
250	128	0.000026998
250	128	0.000026986
250	128	0.000026608
250	128	0.000026993
250	128	0.000026995
250	128	0.000026988
250	128	0.000030452
250	128	0.000026996
250	128	0.000031245
250	128	0.000026580
250	128	0.000032639
250	128	0.000026999
250	128	0.000027010
250	128	0.000027008
250	128	0.000027002
250	128	0.000026999
250	128	0.000026975
250	128	0.000027006
250	128	0.000026984
250	128	0.000027017
250	128	0.000026990
250	128	0.000027006
250	128	0.000027002
250	128	0.000026997
250	128	0.000026996
250	128	0.000027008
250	128	0.000027004
250	128	0.000026978
250	128	0.000026977
250	128	0.000026990
250	128	0.000026988
250	128	0.000026992
250	256	0.000051818
250	256	0.000051808
250	256	0.000051810
250	256	0.000051811
250	256	0.000051822
250	256	0.000051790
250	256	0.000051795
250	256	0.000055400
250	256	0.000051799
250	256	0.000051807
250	256	0.000051800
250	256	0.000052742
250	256	0.000051815
250	256	0.000051817
250	256	0.000051812
250	256	0.000051811
250	256	0.000051818
250	256	0.000051801
250	256	0.000051805
250	256	0.000051822
250	256	0.000051823
250	256	0.000051811
250	256	0.000051790
250	256	0.000051832
250	256	0.000051852
250	256	0.000051807
250	256	0.000050997
250	256	0.000051807
250	256	0.000051820
250	256	0.000053723
250	256	0.000053705
250	256	0.000053714
250	256	0.000052916
250	256	0.000053735
250	256	0.000058015
250	256	0.000058025
250	256	0.000058036
250	256	0.000058045
250	256	0.000058050
250	256	0.000063103
250	256	0.000063083
250	256	0.000063094
250	256	0.000063087
250	256	0.000072771
250	256	0.000072579
250	256	0.000072523
250	256	0.000072573
250	256	0.000072532
250	256	0.000080550
250	256	0.000087386
250	256	0.000080575
250	256	0.000080526
250	256	0.000090644
250	256	0.000090670
250	256	0.000090649
250	256	0.000090661
250	256	0.000090684
250	256	0.000090652
250	256	0.000085358
250	256	0.000090652
250	256	0.000090649
250	256	0.000090690
250	256	0.000090629
250	256	0.000090696
250	256	0.000090695
250	256	0.000090660
250	256	0.000090687
250	256	0.000090670
250	256	0.000090646
250	256	0.000090695
250	256	0.000090635
250	256	0.000090684
250	256	0.000090666
250	256	0.000090702
250	256	0.000090647
250	256	0.000090628
250	256	0.000096709
250	256	0.000090642
250	256	0.000090642
250	256	0.000090635
250	256	0.000090696
250	256	0.000090645
250	256	0.000090646
250	256	0.000090685
250	256	0.000090657
250	256	0.000085322
250	256	0.000085365
250	256	0.000090677
250	256	0.000090645
250	256	0.000096768
250	256	0.000090646
250	256	0.000090650
250	256	0.000090631
250	256	0.000090650
250	256	0.000090669
250	256	0.000096714
250	256	0.000090678
250	256	0.000090672
250	256	0.000090647
250	256	0.000090640
250	380	0.000074821
250	380	0.000074808
250	380	0.000074790
250	380	0.000074791
250	380	0.000073578
250	380	0.000080676
250	380	0.000074801
250	380	0.000074826
250	380	0.000074800
250	380	0.000074774
250	380	0.000074816
250	380	0.000074817
250	380	0.000074811
250	380	0.000074796
250	380	0.000074824
250	380	0.000074822
250	380	0.000074798
250	380	0.000074807
250	380	0.000074800
250	380	0.000074831
250	380	0.000074828
250	380	0.000074831
250	380	0.000074794
250	380	0.000074831
250	380	0.000074847
250	380	0.000074817
250	380	0.000075307
250	380	0.000074772
250	380	0.000077540
250	380	0.000076281
250	380	0.000077541
250	380	0.000077579
250	380	0.000087306
250	380	0.000087273
250	380	0.000087263
250	380	0.000087280
250	380	0.000087263
250	380	0.000091091
250	380	0.000099459
250	380	0.000089554
250	380	0.000099053
250	380	0.000099729
250	380	0.000104645
250	380	0.000099729
250	380	0.000105374
250	380	0.000116389
250	380	0.000116329
250	380	0.000116331
250	380	0.000123185
250	380	0.000123194
250	380	0.000123183
250	380	0.000130888
250	380	0.000130890
250	380	0.000130884
250	380	0.000130899
250	380	0.000130914
250	380	0.000130879
250	380	0.000130854
250	380	0.000130915
250	380	0.000130898
250	380	0.000130892
250	380	0.000130868
250	380	0.000130898
250	380	0.000130879
250	380	0.000130920
250	380	0.000130870
250	380	0.000130869
250	380	0.000130894
250	380	0.000141529
250	380	0.000154783
250	380	0.000139731
250	380	0.000137152
250	380	0.000123222
250	380	0.000130899
250	380	0.000130888
250	380	0.000130898
250	380	0.000130920
250	380	0.000126760
250	380	0.000123232
250	380	0.000129413
250	380	0.000121189
250	380	0.000123180
250	380	0.000130939
250	380	0.000130889
250	380	0.000130942
250	380	0.000123211
250	380	0.000130897
250	380	0.000130954
250	380	0.000130930
250	380	0.000123188
250	380	0.000130877
250	380	0.000130902
250	380	0.000130904
250	380	0.000130933
250	380	0.000130877
250	380	0.000130898
250	380	0.000130898
250	380	0.000139672
250	380	0.000140392
250	380	0.000143414
250	510	0.000099469
250	510	0.000105037
250	510	0.000099475
250	510	0.000099462
250	510	0.000104257
250	510	0.000099460
250	510	0.000099457
250	510	0.000104932
250	510	0.000099484
250	510	0.000099482
250	510	0.000099445
250	510	0.000099469
250	510	0.000099475
250	510	0.000099472
250	510	0.000099476
250	510	0.000105885
250	510	0.000099493
250	510	0.000097820
250	510	0.000099481
250	510	0.000099485
250	510	0.000103378
250	510	0.000099445
250	510	0.000099466
250	510	0.000099428
250	510	0.000099465
250	510	0.000099462
250	510	0.000099488
250	510	0.000099483
250	510	0.000099473
250	510	0.000099479
250	510	0.000099468
250	510	0.000099490
250	510	0.000099456
250	510	0.000099473
250	510	0.000099496
250	510	0.000099469
250	510	0.000103139
250	510	0.000103157
250	510	0.000103141
250	510	0.000103137
250	510	0.000103156
250	510	0.000103167
250	510	0.000122883
250	510	0.000103149
250	510	0.000103190
250	510	0.000107128
250	510	0.000107078
250	510	0.000105353
250	510	0.000107105
250	510	0.000107131
250	510	0.000116058
250	510	0.000116045
250	510	0.000116048
250	510	0.000116054
250	510	0.000148763
250	510	0.000139278
250	510	0.000139230
250	510	0.000143668
250	510	0.000146599
250	510	0.000144148
250	510	0.000146519
250	510	0.000163796
250	510	0.000163846
250	510	0.000163828
250	510	0.000163820
250	510	0.000163830
250	510	0.000163843
250	510	0.000146631
250	510	0.000146607
250	510	0.000144177
250	510	0.000163825
250	510	0.000163789
250	510	0.000167929
250	510	0.000174049
250	510	0.000185633
250	510	0.000187848
250	510	0.000174059
250	510	0.000174039
250	510	0.000174051
250	510	0.000174059
250	510	0.000174052
250	510	0.000174051
250	510	0.000174075
250	510	0.000184351
250	510	0.000163777
250	510	0.000163820
250	510	0.000171907
250	510	0.000174102
250	510	0.000185631
250	510	0.000174050
250	510	0.000189238
250	510	0.000174085
250	510	0.000174054
250	510	0.000174045
250	510	0.000174077
250	510	0.000174051
250	510	0.000171199
250	510	0.000174031
250	510	0.000174044
250	510	0.000185750
250	600	0.000117063
250	600	0.000117060
250	600	0.000117072
250	600	0.000117097
250	600	0.000117047
250	600	0.000117082
250	600	0.000117087
250	600	0.000123601
250	600	0.000117077
250	600	0.000117071
250	600	0.000117195
250	600	0.000117087
250	600	0.000117094
250	600	0.000121658
250	600	0.000117052
250	600	0.000117059
250	600	0.000123665
250	600	0.000117059
250	600	0.000115150
250	600	0.000138693
250	600	0.000117082
250	600	0.000117091
250	600	0.000121594
250	600	0.000115152
250	600	0.000117073
250	600	0.000121760
250	600	0.000117078
250	600	0.000117094
250	600	0.000123306
250	600	0.000117084
250	600	0.000117069
250	600	0.000117059
250	600	0.000117061
250	600	0.000117069
250	600	0.000117108
250	600	0.000117091
250	600	0.000136565
250	600	0.000136582
250	600	0.000140912
250	600	0.000142500
250	600	0.000142491
250	600	0.000142533
250	600	0.000142539
250	600	0.000166467
250	600	0.000156092
250	600	0.000156085
250	600	0.000153528
250	600	0.000149030
250	600	0.000149013
250	600	0.000169545
250	600	0.000161188
250	600	0.000163902
250	600	0.000163919
250	600	0.000163889
250	600	0.000163876
250	600	0.000163924
250	600	0.000171120
250	600	0.000182097
250	600	0.000182126
250	600	0.000182129
250	600	0.000192864
250	600	0.000192825
250	600	0.000204885
250	600	0.000203461
250	600	0.000211373
250	600	0.000204840
250	600	0.000204899
250	600	0.000204915
250	600	0.000221195
250	600	0.000204857
250	600	0.000192821
250	600	0.000192817
250	600	0.000192811
250	600	0.000204851
250	600	0.000236388
250	600	0.000199041
250	600	0.000204751
250	600	0.000204856
250	600	0.000192842
250	600	0.000204867
250	600	0.000213409
250	600	0.000204887
250	600	0.000204828
250	600	0.000192809
250	600	0.000204826
250	600	0.000213170
250	600	0.000192860
250	600	0.000201369
250	600	0.000204876
250	600	0.000204932
250	600	0.000204882
250	600	0.000204861
250	600	0.000200152
250	600	0.000201526
250	600	0.000204876
250	600	0.000204901
250	600	0.000204890
250	600	0.000204912
250	600	0.000212762
250	600	0.000204993
380	128	0.000040279
380	128	0.000040280
380	128	0.000040324
380	128	0.000040274
380	128	0.000040309
380	128	0.000040314
380	128	0.000040316
380	128	0.000040269
380	128	0.000050736
380	128	0.000040294
380	128	0.000040309
380	128	0.000040298
380	128	0.000040271
380	128	0.000040292
380	128	0.000040262
380	128	0.000040304
380	128	0.000040312
380	128	0.000040269
380	128	0.000040285
380	128	0.000040289
380	128	0.000040294
380	128	0.000040286
380	128	0.000040288
380	128	0.000040312
380	128	0.000040289
380	128	0.000040291
380	128	0.000040304
380	128	0.000040292
380	128	0.000040328
380	128	0.000040318
380	128	0.000046588
380	128	0.000047019
380	128	0.000046994
380	128	0.000047070
380	128	0.000047011
380	128	0.000062949
380	128	0.000056405
380	128	0.000056437
380	128	0.000056438
380	128	0.000070511
380	128	0.000070534
380	128	0.000080431
380	128	0.000070553
380	128	0.000070523
380	128	0.000070550
380	128	0.000070499
380	128	0.000070537
380	128	0.000072376
380	128	0.000070556
380	128	0.000070547
380	128	0.000070602
380	128	0.000070530
380	128	0.000070518
380	128	0.000070519
380	128	0.000070507
380	128	0.000070548
380	128	0.000066350
380	128	0.000070564
380	128	0.000070523
380	128	0.000070473
380	128	0.000070534
380	128	0.000070547
380	128	0.000070546
380	128	0.000069786
380	128	0.000070506
380	128	0.000070506
380	128	0.000070522
380	128	0.000070500
380	128	0.000081149
380	128	0.000082880
380	128	0.000066387
380	128	0.000070495
380	128	0.000070521
380	128	0.000070555
380	128	0.000070553
380	128	0.000070548
380	128	0.000070430
380	128	0.000066376
380	128	0.000070494
380	128	0.000081751
380	128	0.000070547
380	128	0.000070540
380	128	0.000070544
380	128	0.000070518
380	128	0.000070536
380	128	0.000070574
380	128	0.000070493
380	128	0.000070558
380	128	0.000070544
380	128	0.000070536
380	128	0.000070504
380	128	0.000070563
380	128	0.000070509
380	128	0.000070506
380	128	0.000070536
380	128	0.000070483
380	128	0.000070496
380	128	0.000070558
380	128	0.000070574
380	128	0.000066359
380	256	0.000077274
380	256	0.000077314
380	256	0.000077335
380	256	0.000077334
380	256	0.000082041
380	256	0.000076477
380	256	0.000077299
380	256	0.000077321
380	256	0.000077311
380	256	0.000077353
380	256	0.000077328
380	256	0.000077335
380	256	0.000076482
380	256	0.000077335
380	256	0.000077288
380	256	0.000076503
380	256	0.000077298
380	256	0.000077311
380	256	0.000080204
380	256	0.000077355
380	256	0.000082074
380	256	0.000077294
380	256	0.000077320
380	256	0.000076487
380	256	0.000077339
380	256	0.000077285
380	256	0.000077302
380	256	0.000077335
380	256	0.000103226
380	256	0.000077326
380	256	0.000077335
380	256	0.000077314
380	256	0.000083232
380	256	0.000083280
380	256	0.000083255
380	256	0.000083276
380	256	0.000098374
380	256	0.000098379
380	256	0.000098386
380	256	0.000098401
380	256	0.000132997
380	256	0.000107093
380	256	0.000108238
380	256	0.000108281
380	256	0.000103106
380	256	0.000147346
380	256	0.000103110
380	256	0.000103076
380	256	0.000135298
380	256	0.000135306
380	256	0.000133894
380	256	0.000127311
380	256	0.000127311
380	256	0.000127349
380	256	0.000135267
380	256	0.000135229
380	256	0.000144217
380	256	0.000203336
380	256	0.000133796
380	256	0.000135280
380	256	0.000133830
380	256	0.000135289
380	256	0.000130623
380	256	0.000135279
380	256	0.000135293
380	256	0.000135285
380	256	0.000135279
380	256	0.000135326
380	256	0.000135265
380	256	0.000135298
380	256	0.000135305
380	256	0.000135297
380	256	0.000145827
380	256	0.000160615
380	256	0.000133889
380	256	0.000134387
380	256	0.000132332
380	256	0.000139860
380	256	0.000135296
380	256	0.000135263
380	256	0.000135289
380	256	0.000135275
380	256	0.000135277
380	256	0.000135273
380	256	0.000135279
380	256	0.000135276
380	256	0.000135283
380	256	0.000152652
380	256	0.000145373
380	256	0.000141362
380	256	0.000145179
380	256	0.000135326
380	256	0.000135305
380	256	0.000135303
380	256	0.000135322
380	256	0.000135309
380	256	0.000135281
380	256	0.000135287
380	256	0.000135275
380	256	0.000135277
380	380	0.000111565
380	380	0.000113314
380	380	0.000111593
380	380	0.000111597
380	380	0.000111556
380	380	0.000111560
380	380	0.000111600
380	380	0.000116197
380	380	0.000111588
380	380	0.000111537
380	380	0.000111569
380	380	0.000111560
380	380	0.000111586
380	380	0.000111543
380	380	0.000111564
380	380	0.000111542
380	380	0.000110357
380	380	0.000111577
380	380	0.000124353
380	380	0.000111577
380	380	0.000111533
380	380	0.000116492
380	380	0.000111551
380	380	0.000111580
380	380	0.000111566
380	380	0.000111545
380	380	0.000115491
380	380	0.000111580
380	380	0.000111557
380	380	0.000111583
380	380	0.000111560
380	380	0.000111560
380	380	0.000111588
380	380	0.000111552
380	380	0.000116588
380	380	0.000111599
380	380	0.000111563
380	380	0.000115778
380	380	0.000111584
380	380	0.000111567
380	380	0.000111554
380	380	0.000111570
380	380	0.000111572
380	380	0.000111569
380	380	0.000111558
380	380	0.000111588
380	380	0.000111586
380	380	0.000120162
380	380	0.000120128
380	380	0.000120153
380	380	0.000120151
380	380	0.000135808
380	380	0.000141319
380	380	0.000135860
380	380	0.000140315
380	380	0.000148779
380	380	0.000148764
380	380	0.000148721
380	380	0.000156478
380	380	0.000148750
380	380	0.000148737
380	380	0.000162625
380	380	0.000164441
380	380	0.000164391
380	380	0.000158657
380	380	0.000156195
380	380	0.000156187
380	380	0.000162604
380	380	0.000173560
380	380	0.000173520
380	380	0.000173554
380	380	0.000183767
380	380	0.000183738
380	380	0.000199008
380	380	0.000195238
380	380	0.000195255
380	380	0.000195299
380	380	0.000195204
380	380	0.000195190
380	380	0.000195294
380	380	0.000195252
380	380	0.000195220
380	380	0.000204975
380	380	0.000195222
380	380	0.000195221
380	380	0.000195236
380	380	0.000205335
380	380	0.000195225
380	380	0.000195216
380	380	0.000195214
380	380	0.000183740
380	380	0.000195245
380	380	0.000195209
380	380	0.000191580
380	380	0.000188643
380	380	0.000195305
380	380	0.000195253
380	380	0.000195237
380	380	0.000195257
380	380	0.000195219
380	510	0.000148334
380	510	0.000148359
380	510	0.000148341
380	510	0.000152089
380	510	0.000148297
380	510	0.000148344
380	510	0.000148302
380	510	0.000156657
380	510	0.000148349
380	510	0.000148319
380	510	0.000148304
380	510	0.000153645
380	510	0.000148334
380	510	0.000148347
380	510	0.000152982
380	510	0.000148334
380	510	0.000148346
380	510	0.000148341
380	510	0.000169104
380	510	0.000148347
380	510	0.000148330
380	510	0.000148335
380	510	0.000154844
380	510	0.000148307
380	510	0.000148330
380	510	0.000153434
380	510	0.000151888
380	510	0.000146681
380	510	0.000153703
380	510	0.000148360
380	510	0.000148351
380	510	0.000168167
380	510	0.000148357
380	510	0.000148374
380	510	0.000148307
380	510	0.000148310
380	510	0.000148322
380	510	0.000148335
380	510	0.000148291
380	510	0.000148316
380	510	0.000148328
380	510	0.000151998
380	510	0.000148348
380	510	0.000148326
380	510	0.000148344
380	510	0.000153212
380	510	0.000148334
380	510	0.000148318
380	510	0.000152026
380	510	0.000148363
380	510	0.000148322
380	510	0.000148329
380	510	0.000159737
380	510	0.000159732
380	510	0.000159752
380	510	0.000159733
380	510	0.000157755
380	510	0.000153817
380	510	0.000153849
380	510	0.000153825
380	510	0.000163952
380	510	0.000159724
380	510	0.000159771
380	510	0.000159734
380	510	0.000202256
380	510	0.000180595
380	510	0.000180568
380	510	0.000230739
380	510	0.000230754
380	510	0.000230761
380	510	0.000244289
380	510	0.000266308
380	510	0.000244316
380	510	0.000244304
380	510	0.000244305
380	510	0.000244330
380	510	0.000274252
380	510	0.000244336
380	510	0.000244271
380	510	0.000259511
380	510	0.000259563
380	510	0.000252780
380	510	0.000259537
380	510	0.000259559
380	510	0.000286842
380	510	0.000259564
380	510	0.000259625
380	510	0.000259543
380	510	0.000269031
380	510	0.000246349
380	510	0.000244297
380	510	0.000259546
380	510	0.000269168
380	510	0.000245904
380	510	0.000259565
380	510	0.000259589
380	510	0.000269029
380	510	0.000244246
380	510	0.000244311
380	510	0.000259574
380	600	0.000174594
380	600	0.000174586
380	600	0.000172664
380	600	0.000174577
380	600	0.000174573
380	600	0.000180179
380	600	0.000174604
380	600	0.000174594
380	600	0.000174578
380	600	0.000174564
380	600	0.000180435
380	600	0.000174621
380	600	0.000174590
380	600	0.000174602
380	600	0.000178275
380	600	0.000174583
380	600	0.000174590
380	600	0.000174594
380	600	0.000174608
380	600	0.000181620
380	600	0.000174607
380	600	0.000174580
380	600	0.000174626
380	600	0.000179937
380	600	0.000174627
380	600	0.000174575
380	600	0.000174573
380	600	0.000174571
380	600	0.000179111
380	600	0.000174588
380	600	0.000174587
380	600	0.000172664
380	600	0.000181058
380	600	0.000187033
380	600	0.000181047
380	600	0.000181044
380	600	0.000188013
380	600	0.000187993
380	600	0.000188024
380	600	0.000212571
380	600	0.000212541
380	600	0.000234643
380	600	0.000216182
380	600	0.000211453
380	600	0.000201432
380	600	0.000218878
380	600	0.000222183
380	600	0.000222210
380	600	0.000224306
380	600	0.000244415
380	600	0.000244437
380	600	0.000222242
380	600	0.000222230
380	600	0.000222229
380	600	0.000234458
380	600	0.000241718
380	600	0.000244429
380	600	0.000238009
380	600	0.000222171
380	600	0.000222190
380	600	0.000222199
380	600	0.000257332
380	600	0.000257311
380	600	0.000257298
380	600	0.000271580
380	600	0.000281609
380	600	0.000271582
380	600	0.000271624
380	600	0.000286499
380	600	0.000287573
380	600	0.000294711
380	600	0.000287577
380	600	0.000305529
380	600	0.000305509
380	600	0.000313277
380	600	0.000305517
380	600	0.000287534
380	600	0.000297368
380	600	0.000287542
380	600	0.000287572
380	600	0.000313690
380	600	0.000314867
380	600	0.000305498
380	600	0.000305524
380	600	0.000287605
380	600	0.000305509
380	600	0.000287550
380	600	0.000320408
380	600	0.000305516
380	600	0.000287569
380	600	0.000313094
380	600	0.000305491
380	600	0.000305532
380	600	0.000314946
380	600	0.000305527
380	600	0.000305552
380	600	0.000309150
380	600	0.000305532
380	600	0.000305567
380	600	0.000294778
510	128	0.000053626
510	128	0.000053615
510	128	0.000053186
510	128	0.000053206
510	128	0.000053584
510	128	0.000053610
510	128	0.000053630
510	128	0.000053607
510	128	0.000053600
510	128	0.000053599
510	128	0.000053605
510	128	0.000053628
510	128	0.000053647
510	128	0.000053601
510	128	0.000064745
510	128	0.000053625
510	128	0.000053602
510	128	0.000053601
510	128	0.000053587
510	128	0.000053650
510	128	0.000053614
510	128	0.000053584
510	128	0.000053630
510	128	0.000053593
510	128	0.000053590
510	128	0.000053609
510	128	0.000053199
510	128	0.000053650
510	128	0.000053600
510	128	0.000053609
510	128	0.000053609
510	128	0.000053596
510	128	0.000053641
510	128	0.000055575
510	128	0.000055622
510	128	0.000055570
510	128	0.000055576
510	128	0.000055631
510	128	0.000055582
510	128	0.000060086
510	128	0.000059578
510	128	0.000060057
510	128	0.000065044
510	128	0.000060043
510	128	0.000071475
510	128	0.000071479
510	128	0.000071511
510	128	0.000079037
510	128	0.000079001
510	128	0.000092115
510	128	0.000079034
510	128	0.000071436
510	128	0.000071466
510	128	0.000076637
510	128	0.000071475
510	128	0.000071466
510	128	0.000065264
510	128	0.000065317
510	128	0.000065300
510	128	0.000072024
510	128	0.000065257
510	128	0.000075080
510	128	0.000075027
510	128	0.000075069
510	128	0.000088334
510	128	0.000088318
510	128	0.000088355
510	128	0.000088292
510	128	0.000093789
510	128	0.000088299
510	128	0.000093795
510	128	0.000088325
510	128	0.000093810
510	128	0.000093802
510	128	0.000105325
510	128	0.000093097
510	128	0.000093795
510	128	0.000093833
510	128	0.000093813
510	128	0.000093826
510	128	0.000088283
510	128	0.000093818
510	128	0.000093129
510	128	0.000093809
510	128	0.000093854
510	128	0.000093091
510	128	0.000093829
510	128	0.000093814
510	128	0.000093832
510	128	0.000093797
510	128	0.000093853
510	128	0.000093790
510	128	0.000093778
510	128	0.000093801
510	128	0.000093100
510	128	0.000093822
510	128	0.000093805
510	128	0.000093813
510	128	0.000093840
510	128	0.000093842
510	256	0.000102812
510	256	0.000102829
510	256	0.000102822
510	256	0.000102792
510	256	0.000102799
510	256	0.000102806
510	256	0.000102796
510	256	0.000102832
510	256	0.000102826
510	256	0.000102815
510	256	0.000102811
510	256	0.000107559
510	256	0.000102805
510	256	0.000102812
510	256	0.000102826
510	256	0.000102816
510	256	0.000102815
510	256	0.000102782
510	256	0.000102797
510	256	0.000102799
510	256	0.000102814
510	256	0.000102813
510	256	0.000101988
510	256	0.000110900
510	256	0.000115120
510	256	0.000115132
510	256	0.000115125
510	256	0.000115169
510	256	0.000118995
510	256	0.000119937
510	256	0.000126398
510	256	0.000125159
510	256	0.000125157
510	256	0.000125154
510	256	0.000125187
510	256	0.000169290
510	256	0.000167276
510	256	0.000159917
510	256	0.000169381
510	256	0.000169335
510	256	0.000169308
510	256	0.000179923
510	256	0.000179950
510	256	0.000187723
510	256	0.000195052
510	256	0.000175432
510	256	0.000179049
510	256	0.000179877
510	256	0.000179925
510	256	0.000179928
510	256	0.000179916
510	256	0.000179886
510	256	0.000169339
510	256	0.000178479
510	256	0.000176847
510	256	0.000176310
510	256	0.000176596
510	256	0.000187708
510	256	0.000179900
510	256	0.000179987
510	256	0.000179911
510	256	0.000179918
510	256	0.000179902
510	256	0.000170185
510	256	0.000179924
510	256	0.000179904
510	256	0.000192482
510	256	0.000179879
510	256	0.000179939
510	256	0.000179920
510	256	0.000191907
510	256	0.000179935
510	256	0.000191403
510	256	0.000179885
510	256	0.000173302
510	256	0.000179893
510	256	0.000179959
510	256	0.000179899
510	256	0.000179952
510	256	0.000179921
510	256	0.000179936
510	256	0.000179962
510	256	0.000202684
510	256	0.000179947
510	256	0.000179930
510	256	0.000179893
510	256	0.000179921
510	256	0.000179898
510	256	0.000179912
510	256	0.000179916
510	256	0.000189868
510	256	0.000179936
510	256	0.000177544
510	256	0.000178432
510	256	0.000179897
510	256	0.000179867
510	256	0.000179934
510	256	0.000179954
510	256	0.000183752
510	256	0.000195215
510	380	0.000147093
510	380	0.000148320
510	380	0.000154133
510	380	0.000148310
510	380	0.000148332
510	380	0.000148344
510	380	0.000154074
510	380	0.000148323
510	380	0.000148342
510	380	0.000148307
510	380	0.000158604
510	380	0.000148305
510	380	0.000148326
510	380	0.000148307
510	380	0.000154546
510	380	0.000148301
510	380	0.000148325
510	380	0.000148317
510	380	0.000148329
510	380	0.000148337
510	380	0.000148313
510	380	0.000147107
510	380	0.000148314
510	380	0.000148317
510	380	0.000148326
510	380	0.000153606
510	380	0.000148365
510	380	0.000147113
510	380	0.000148342
510	380	0.000153131
510	380	0.000148316
510	380	0.000148319
510	380	0.000148312
510	380	0.000180361
510	380	0.000148333
510	380	0.000148341
510	380	0.000148325
510	380	0.000148314
510	380	0.000148335
510	380	0.000159736
510	380	0.000159738
510	380	0.000159702
510	380	0.000200164
510	380	0.000180563
510	380	0.000184665
510	380	0.000180601
510	380	0.000184957
510	380	0.000174872
510	380	0.000173117
510	380	0.000180557
510	380	0.000180600
510	380	0.000187354
510	380	0.000180592
510	380	0.000180581
510	380	0.000180608
510	380	0.000180633
510	380	0.000200342
510	380	0.000197801
510	380	0.000196153
510	380	0.000148292
510	380	0.000148314
510	380	0.000148365
510	380	0.000148317
510	380	0.000148313
510	380	0.000153668
510	380	0.000188769
510	380	0.000188779
510	380	0.000207614
510	380	0.000207686
510	380	0.000218592
510	380	0.000218568
510	380	0.000218608
510	380	0.000205916
510	380	0.000205961
510	380	0.000207694
510	380	0.000217202
510	380	0.000218578
510	380	0.000218580
510	380	0.000230225
510	380	0.000230767
510	380	0.000230754
510	380	0.000244356
510	380	0.000250285
510	380	0.000244303
510	380	0.000259604
510	380	0.000259563
510	380	0.000296823
510	380	0.000269618
510	380	0.000246066
510	380	0.000259605
510	380	0.000259557
510	380	0.000276868
510	380	0.000276882
510	380	0.000257473
510	380	0.000269314
510	380	0.000257412
510	380	0.000259523
510	380	0.000258834
510	380	0.000259618
510	380	0.000259593
510	510	0.000202634
510	510	0.000202200
510	510	0.000197168
510	510	0.000197199
510	510	0.000197168
510	510	0.000195554
510	510	0.000200706
510	510	0.000197182
510	510	0.000197188
510	510	0.000197187
510	510	0.000197224
510	510	0.000197163
510	510	0.000197163
510	510	0.000200830
510	510	0.000197186
510	510	0.000197178
510	510	0.000197178
510	510	0.000202778
510	510	0.000195535
510	510	0.000197216
510	510	0.000197190
510	510	0.000197214
510	510	0.000201627
510	510	0.000197187
510	510	0.000197163
510	510	0.000197202
510	510	0.000195549
510	510	0.000201008
510	510	0.000197199
510	510	0.000197190
510	510	0.000197188
510	510	0.000197232
510	510	0.000201161
510	510	0.000197187
510	510	0.000195549
510	510	0.000197204
510	510	0.000230046
510	510	0.000230055
510	510	0.000230036
510	510	0.000235709
510	510	0.000235529
510	510	0.000238281
510	510	0.000236228
510	510	0.000240067
510	510	0.000240094
510	510	0.000262898
510	510	0.000262923
510	510	0.000262938
510	510	0.000299587
510	510	0.000294079
510	510	0.000325205
510	510	0.000345109
510	510	0.000345076
510	510	0.000345133
510	510	0.000345060
510	510	0.000349436
510	510	0.000345063
510	510	0.000345097
510	510	0.000353311
510	510	0.000324774
510	510	0.000345043
510	510	0.000338918
510	510	0.000333375
510	510	0.000324821
510	510	0.000324835
510	510	0.000324800
510	510	0.000324754
510	510	0.000290593
510	510	0.000290601
510	510	0.000306735
510	510	0.000316538
510	510	0.000315812
510	510	0.000290587
510	510	0.000290606
510	510	0.000290589
510	510	0.000306727
510	510	0.000321493
510	510	0.000324751
510	510	0.000324784
510	510	0.000314428
510	510	0.000306695
510	510	0.000317391
510	510	0.000369224
510	510	0.000353966
510	510	0.000345101
510	510	0.000355052
510	510	0.000345098
510	510	0.000352705
510	510	0.000328791
510	510	0.000345068
510	510	0.000355951
510	510	0.000345081
510	510	0.000324776
510	510	0.000333103
510	510	0.000324781
510	510	0.000345071
510	510	0.000340976
510	510	0.000345076
510	510	0.000352830
510	510	0.000324771
510	600	0.000232095
510	600	0.000232090
510	600	0.000232122
510	600	0.000232084
510	600	0.000232127
510	600	0.000232095
510	600	0.000230165
510	600	0.000236030
510	600	0.000232120
510	600	0.000232130
510	600	0.000232126
510	600	0.000232091
510	600	0.000232105
510	600	0.000232125
510	600	0.000232163
510	600	0.000238871
510	600	0.000237854
510	600	0.000237101
510	600	0.000237738
510	600	0.000232113
510	600	0.000232097
510	600	0.000232092
510	600	0.000257818
510	600	0.000259953
510	600	0.000259956
510	600	0.000282625
510	600	0.000282577
510	600	0.000282577
510	600	0.000361037
510	600	0.000361055
510	600	0.000412287
510	600	0.000382285
510	600	0.000409691
510	600	0.000406189
510	600	0.000396903
510	600	0.000406204
510	600	0.000412337
510	600	0.000382268
510	600	0.000406180
510	600	0.000398589
510	600	0.000406209
510	600	0.000416119
510	600	0.000406179
510	600	0.000392524
510	600	0.000406231
510	600	0.000394834
510	600	0.000382290
510	600	0.000403735
510	600	0.000406203
510	600	0.000388868
510	600	0.000406214
510	600	0.000410808
510	600	0.000406150
510	600	0.000390088
510	600	0.000406179
510	600	0.000407544
510	600	0.000406175
510	600	0.000413778
510	600	0.000382283
510	600	0.000400392
510	600	0.000382325
510	600	0.000382302
510	600	0.000421038
510	600	0.000406207
510	600	0.000418080
510	600	0.000406153
510	600	0.000414104
510	600	0.000406200
510	600	0.000397071
510	600	0.000406193
510	600	0.000405709
510	600	0.000406187
510	600	0.000396981
510	600	0.000406192
510	600	0.000414204
510	600	0.000406158
510	600	0.000414940
510	600	0.000406233
510	600	0.000387696
510	600	0.000390156
510	600	0.000406170
510	600	0.000429861
510	600	0.000402816
510	600	0.000410956
510	600	0.000406210
510	600	0.000395429
510	600	0.000393215
510	600	0.000382300
510	600	0.000390454
510	600	0.000382280
510	600	0.000430748
510	600	0.000406171
510	600	0.000409347
510	600	0.000406189
510	600	0.000414539
510	600	0.000406227
510	600	0.000402642
510	600	0.000406234
510	600	0.000361067
510	600	0.000387348
600	128	0.000063085
600	128	0.000063088
600	128	0.000063101
600	128	0.000063103
600	128	0.000063102
600	128	0.000063108
600	128	0.000063093
600	128	0.000063102
600	128	0.000063106
600	128	0.000063088
600	128	0.000063113
600	128	0.000063093
600	128	0.000063110
600	128	0.000061194
600	128	0.000076448
600	128	0.000063083
600	128	0.000063081
600	128	0.000063110
600	128	0.000062474
600	128	0.000063123
600	128	0.000063073
600	128	0.000063097
600	128	0.000063104
600	128	0.000063104
600	128	0.000063123
600	128	0.000063063
600	128	0.000063091
600	128	0.000063117
600	128	0.000063087
600	128	0.000063104
600	128	0.000067341
600	128	0.000063119
600	128	0.000063095
600	128	0.000063092
600	128	0.000063129
600	128	0.000068753
600	128	0.000063106
600	128	0.000064846
600	128	0.000065435
600	128	0.000065466
600	128	0.000065475
600	128	0.000084107
600	128	0.000084137
600	128	0.000089192
600	128	0.000084108
600	128	0.000084147
600	128	0.000084131
600	128	0.000084133
600	128	0.000084173
600	128	0.000084098
600	128	0.000092976
600	128	0.000092274
600	128	0.000093000
600	128	0.000103956
600	128	0.000103924
600	128	0.000103876
600	128	0.000110408
600	128	0.000110411
600	128	0.000110398
600	128	0.000110439
600	128	0.000110438
600	128	0.000103935
600	128	0.000104959
600	128	0.000110442
600	128	0.000110448
600	128	0.000110395
600	128	0.000110496
600	128	0.000110394
600	128	0.000110409
600	128	0.000110404
600	128	0.000110349
600	128	0.000110429
600	128	0.000110460
600	128	0.000110397
600	128	0.000143245
600	128	0.000110457
600	128	0.000122936
600	128	0.000110439
600	128	0.000109374
600	128	0.000110368
600	128	0.000103930
600	128	0.000110408
600	128	0.000110400
600	128	0.000103922
600	128	0.000110397
600	128	0.000110397
600	128	0.000110488
600	128	0.000110384
600	128	0.000110421
600	128	0.000110398
600	128	0.000110391
600	128	0.000110493
600	128	0.000110410
600	128	0.000110447
600	128	0.000110459
600	128	0.000110411
600	128	0.000110420
600	128	0.000110384
600	128	0.000110391
600	128	0.000110400
600	256	0.000121008
600	256	0.000121001
600	256	0.000121003
600	256	0.000120989
600	256	0.000121007
600	256	0.000121010
600	256	0.000120997
600	256	0.000125451
600	256	0.000121017
600	256	0.000120032
600	256	0.000120981
600	256	0.000121004
600	256	0.000121025
600	256	0.000126065
600	256	0.000121009
600	256	0.000121016
600	256	0.000127439
600	256	0.000120978
600	256	0.000121010
600	256	0.000125793
600	256	0.000121002
600	256	0.000120997
600	256	0.000127979
600	256	0.000121004
600	256	0.000121015
600	256	0.000121040
600	256	0.000121021
600	256	0.000120999
600	256	0.000121026
600	256	0.000121018
600	256	0.000121040
600	256	0.000121015
600	256	0.000124722
600	256	0.000121000
600	256	0.000125490
600	256	0.000125493
600	256	0.000125484
600	256	0.000125489
600	256	0.000152580
600	256	0.000158596
600	256	0.000154056
600	256	0.000154034
600	256	0.000188275
600	256	0.000188257
600	256	0.000188244
600	256	0.000211764
600	256	0.000239422
600	256	0.000210048
600	256	0.000211790
600	256	0.000211764
600	256	0.000211798
600	256	0.000211829
600	256	0.000210032
600	256	0.000211740
600	256	0.000211721
600	256	0.000211777
600	256	0.000221520
600	256	0.000214890
600	256	0.000211764
600	256	0.000211766
600	256	0.000211811
600	256	0.000227817
600	256	0.000211759
600	256	0.000211784
600	256	0.000211769
600	256	0.000211745
600	256	0.000222363
600	256	0.000211752
600	256	0.000211777
600	256	0.000211803
600	256	0.000199315
600	256	0.000222050
600	256	0.000209766
600	256	0.000211782
600	256	0.000211718
600	256	0.000224519
600	256	0.000210302
600	256	0.000211787
600	256	0.000211785
600	256	0.000211750
600	256	0.000219266
600	256	0.000217393
600	256	0.000211744
600	256	0.000211791
600	256	0.000211791
600	256	0.000211786
600	256	0.000217567
600	256	0.000224458
600	256	0.000199340
600	256	0.000209796
600	256	0.000211802
600	256	0.000224627
600	256	0.000211727
600	256	0.000211782
600	256	0.000211761
600	256	0.000211725
600	256	0.000220306
600	256	0.000211766
600	256	0.000211744
600	256	0.000199341
600	380	0.000174582
600	380	0.000174570
600	380	0.000174619
600	380	0.000174581
600	380	0.000180803
600	380	0.000174563
600	380	0.000174578
600	380	0.000174604
600	380	0.000174592
600	380	0.000174583
600	380	0.000174603
600	380	0.000174583
600	380	0.000189510
600	380	0.000174583
600	380	0.000174579
600	380	0.000174595
600	380	0.000179409
600	380	0.000174601
600	380	0.000174596
600	380	0.000174586
600	380	0.000178634
600	380	0.000174586
600	380	0.000174629
600	380	0.000174569
600	380	0.000174744
600	380	0.000172752
600	380	0.000174599
600	380	0.000174558
600	380	0.000174599
600	380	0.000181128
600	380	0.000174559
600	380	0.000174599
600	380	0.000174616
600	380	0.000174585
600	380	0.000174563
600	380	0.000179595
600	380	0.000174594
600	380	0.000174587
600	380	0.000174580
600	380	0.000179007
600	380	0.000174593
600	380	0.000222172
600	380	0.000220352
600	380	0.000222198
600	380	0.000203703
600	380	0.000203713
600	380	0.000203693
600	380	0.000230411
600	380	0.000232816
600	380	0.000232753
600	380	0.000244432
600	380	0.000244429
600	380	0.000257288
600	380	0.000257309
600	380	0.000257293
600	380	0.000297371
600	380	0.000287562
600	380	0.000287563
600	380	0.000293644
600	380	0.000287556
600	380	0.000305533
600	380	0.000295690
600	380	0.000287548
600	380	0.000305539
600	380	0.000331810
600	380	0.000314199
600	380	0.000305532
600	380	0.000287567
600	380	0.000307116
600	380	0.000305528
600	380	0.000305523
600	380	0.000311746
600	380	0.000305542
600	380	0.000312655
600	380	0.000311160
600	380	0.000305538
600	380	0.000305550
600	380	0.000305557
600	380	0.000305502
600	380	0.000302967
600	380	0.000313209
600	380	0.000305517
600	380	0.000305534
600	380	0.000317879
600	380	0.000305534
600	380	0.000287586
600	380	0.000298892
600	380	0.000305526
600	380	0.000305572
600	380	0.000314138
600	380	0.000305497
600	380	0.000305546
600	380	0.000307839
600	380	0.000289930
600	380	0.000305537
600	380	0.000316120
600	380	0.000287591
600	380	0.000302956
600	380	0.000295168
600	380	0.000305530
600	510	0.000232132
600	510	0.000232134
600	510	0.000232097
600	510	0.000232096
600	510	0.000232128
600	510	0.000232092
600	510	0.000232091
600	510	0.000232123
600	510	0.000245866
600	510	0.000246725
600	510	0.000232136
600	510	0.000232107
600	510	0.000232101
600	510	0.000232105
600	510	0.000229726
600	510	0.000232121
600	510	0.000232122
600	510	0.000258927
600	510	0.000269052
600	510	0.000258013
600	510	0.000291002
600	510	0.000290333
600	510	0.000290468
600	510	0.000253646
600	510	0.000249982
600	510	0.000247333
600	510	0.000252275
600	510	0.000270805
600	510	0.000270767
600	510	0.000304587
600	510	0.000309467
600	510	0.000309471
600	510	0.000282565
600	510	0.000305010
600	510	0.000292308
600	510	0.000302481
600	510	0.000295402
600	510	0.000295410
600	510	0.000309462
600	510	0.000309474
600	510	0.000325614
600	510	0.000336782
600	510	0.000324991
600	510	0.000342049
600	510	0.000350394
600	510	0.000388244
600	510	0.000413104
600	510	0.000406171
600	510	0.000415164
600	510	0.000394243
600	510	0.000406222
600	510	0.000415354
600	510	0.000406171
600	510	0.000411679
600	510	0.000406148
600	510	0.000402772
600	510	0.000406181
600	510	0.000406215
600	510	0.000406187
600	510	0.000406187
600	510	0.000390142
600	510	0.000406147
600	510	0.000413133
600	510	0.000382292
600	510	0.000387329
600	510	0.000406177
600	510	0.000436026
600	510	0.000392989
600	510	0.000406183
600	510	0.000413180
600	510	0.000406170
600	510	0.000394412
600	510	0.000406198
600	510	0.000412978
600	510	0.000385977
600	510	0.000414102
600	510	0.000406199
600	510	0.000415059
600	510	0.000406197
600	510	0.000389487
600	510	0.000406174
600	510	0.000434528
600	510	0.000382258
600	510	0.000406263
600	510	0.000389826
600	510	0.000406180
600	510	0.000393681
600	510	0.000406182
600	510	0.000387930
600	510	0.000400111
600	510	0.000412704
600	510	0.000392772
600	510	0.000413774
600	510	0.000413078
600	510	0.000433252
600	510	0.000413829
600	510	0.000406203
600	510	0.000412725
600	510	0.000406190
600	510	0.000409031
600	600	0.000273225
600	600	0.000273193
600	600	0.000273207
600	600	0.000273212
600	600	0.000270912
600	600	0.000273210
600	600	0.000273220
600	600	0.000273186
600	600	0.000273206
600	600	0.000273200
600	600	0.000273202
600	600	0.000273191
600	600	0.000273187
600	600	0.000273202
600	600	0.000273194
600	600	0.000273188
600	600	0.000273204
600	600	0.000273221
600	600	0.000273216
600	600	0.000273199
600	600	0.000273206
600	600	0.000280532
600	600	0.000283351
600	600	0.000283333
600	600	0.000318733
600	600	0.000318742
600	600	0.000331297
600	600	0.000332617
600	600	0.000332600
600	600	0.000409714
600	600	0.000431423
600	600	0.000438205
600	600	0.000471447
600	600	0.000478111
600	600	0.000468503
600	600	0.000478118
600	600	0.000465908
600	600	0.000478138
600	600	0.000480537
600	600	0.000478127
600	600	0.000465900
600	600	0.000484017
600	600	0.000478145
600	600	0.000537329
600	600	0.000478097
600	600	0.000474598
600	600	0.000478171
600	600	0.000482232
600	600	0.000478119
600	600	0.000478093
600	600	0.000488381
600	600	0.000450021
600	600	0.000459146
600	600	0.000478097
600	600	0.000479761
600	600	0.000500952
600	600	0.000473995
600	600	0.000486106
600	600	0.000478101
600	600	0.000464677
600	600	0.000478095
600	600	0.000478231
600	600	0.000478092
600	600	0.000464020
600	600	0.000480354
600	600	0.000478117
600	600	0.000464474
600	600	0.000478085
600	600	0.000487012
600	600	0.000450004
600	600	0.000490547
600	600	0.000484104
600	600	0.000478113
600	600	0.000497768
600	600	0.000474022
600	600	0.000462870
600	600	0.000478085
600	600	0.000478092
600	600	0.000472110
600	600	0.000450015
600	600	0.000456506
600	600	0.000478113
600	600	0.000476955
600	600	0.000478143
600	600	0.000467805
600	600	0.000483452
600	600	0.000478115
600	600	0.000483417
600	600	0.000478165
600	600	0.000490952
600	600	0.000488167
600	600	0.000472716
600	600	0.000473932
600	600	0.000478110
600	600	0.000482386
600	600	0.000478109
600	600	0.000468537
600	600	0.000478130
600	600	0.000473515
600	600	0.000483188
