120	128	0.000040096
120	128	0.000040898
120	128	0.000040431
120	128	0.000039791
120	128	0.000040165
120	128	0.000039860
120	128	0.000040081
120	128	0.000039987
120	128	0.000040746
120	128	0.000040421
120	128	0.000040235
120	128	0.000040156
120	128	0.000040884
120	128	0.000039917
120	128	0.000039847
120	128	0.000039795
120	128	0.000040167
120	128	0.000040541
120	128	0.000040190
120	128	0.000040416
120	128	0.000040120
120	128	0.000039968
120	128	0.000039933
120	128	0.000039725
120	128	0.000040548
120	128	0.000040003
120	128	0.000041041
120	128	0.000040272
120	128	0.000040016
120	128	0.000040510
120	128	0.000041015
120	128	0.000040031
120	128	0.000041044
120	128	0.000040762
120	128	0.000041147
120	128	0.000041046
120	128	0.000040889
120	128	0.000045055
120	128	0.000041106
120	128	0.000040365
120	128	0.000040473
120	128	0.000040092
120	128	0.000041132
120	128	0.000040075
120	128	0.000040037
120	128	0.000041135
120	128	0.000039949
120	128	0.000040037
120	128	0.000041062
120	128	0.000040348
120	128	0.000040919
120	128	0.000040831
120	128	0.000040304
120	128	0.000040808
120	128	0.000040264
120	128	0.000039987
120	128	0.000041115
120	128	0.000040017
120	128	0.000039880
120	128	0.000040274
120	128	0.000040898
120	128	0.000041139
120	128	0.000040205
120	128	0.000040322
120	128	0.000040934
120	128	0.000040097
120	128	0.000039792
120	128	0.000040964
120	128	0.000047919
120	128	0.000040956
120	128	0.000040988
120	128	0.000040984
120	128	0.000040045
120	128	0.000040939
120	128	0.000041261
120	128	0.000040770
120	128	0.000040099
120	128	0.000040320
120	128	0.000040584
120	128	0.000039999
120	128	0.000040151
120	128	0.000040896
120	128	0.000040410
120	128	0.000040067
120	128	0.000040689
120	128	0.000040444
120	128	0.000040414
120	128	0.000041053
120	128	0.000040293
120	128	0.000040117
120	128	0.000040872
120	128	0.000040183
120	128	0.000040353
120	128	0.000040365
120	128	0.000041084
120	128	0.000040230
120	128	0.000040270
120	128	0.000040425
120	128	0.000040985
120	128	0.000039874
120	256	0.000080664
120	256	0.000080675
120	256	0.000084830
120	256	0.000080664
120	256	0.000078486
120	256	0.000080733
120	256	0.000078952
120	256	0.000078580
120	256	0.000080820
120	256	0.000078190
120	256	0.000080756
120	256	0.000078427
120	256	0.000078270
120	256	0.000078791
120	256	0.000078785
120	256	0.000080734
120	256	0.000083532
120	256	0.000078902
120	256	0.000079643
120	256	0.000080838
120	256	0.000078415
120	256	0.000078961
120	256	0.000079313
120	256	0.000080547
120	256	0.000078841
120	256	0.000078313
120	256	0.000078921
120	256	0.000079017
120	256	0.000079142
120	256	0.000079543
120	256	0.000079246
120	256	0.000083224
120	256	0.000078011
120	256	0.000078222
120	256	0.000078381
120	256	0.000079310
120	256	0.000080404
120	256	0.000083661
120	256	0.000082165
120	256	0.000081273
120	256	0.000081591
120	256	0.000095647
120	256	0.000096075
120	256	0.000109880
120	256	0.000096213
120	256	0.000098298
120	256	0.000111714
120	256	0.000106165
120	256	0.000107554
120	256	0.000113953
120	256	0.000122721
120	256	0.000122992
120	256	0.000129667
120	256	0.000129113
120	256	0.000130457
120	256	0.000129702
120	256	0.000133054
120	256	0.000138166
120	256	0.000137104
120	256	0.000138332
120	256	0.000137222
120	256	0.000141161
120	256	0.000141603
120	256	0.000136703
120	256	0.000136648
120	256	0.000137090
120	256	0.000136593
120	256	0.000137788
120	256	0.000138775
120	256	0.000138267
120	256	0.000141193
120	256	0.000137916
120	256	0.000141298
120	256	0.000137813
120	256	0.000137715
120	256	0.000129200
120	256	0.000141357
120	256	0.000137426
120	256	0.000137036
120	256	0.000150255
120	256	0.000150377
120	256	0.000140045
120	256	0.000147210
120	256	0.000148043
120	256	0.000145294
120	256	0.000136541
120	256	0.000136798
120	256	0.000138262
120	256	0.000138546
120	256	0.000130080
120	256	0.000137563
120	256	0.000137926
120	256	0.000136957
120	256	0.000141154
120	256	0.000137690
120	256	0.000141490
120	256	0.000138595
120	256	0.000136724
120	256	0.000138332
120	256	0.000137357
120	380	0.000115347
120	380	0.000119171
120	380	0.000115615
120	380	0.000116462
120	380	0.000114903
120	380	0.000119353
120	380	0.000114434
120	380	0.000115894
120	380	0.000115891
120	380	0.000115177
120	380	0.000116585
120	380	0.000115687
120	380	0.000116405
120	380	0.000116574
120	380	0.000115278
120	380	0.000115428
120	380	0.000115601
120	380	0.000115350
120	380	0.000116303
120	380	0.000115607
120	380	0.000115429
120	380	0.000116368
120	380	0.000119673
120	380	0.000120893
120	380	0.000120294
120	380	0.000119481
120	380	0.000147431
120	380	0.000147013
120	380	0.000152411
120	380	0.000147948
120	380	0.000147799
120	380	0.000185354
120	380	0.000179560
120	380	0.000189732
120	380	0.000208832
120	380	0.000201407
120	380	0.000203581
120	380	0.000202533
120	380	0.000201784
120	380	0.000190749
120	380	0.000270485
120	380	0.000214321
120	380	0.000212127
120	380	0.000204376
120	380	0.000201947
120	380	0.000201354
120	380	0.000204569
120	380	0.000201584
120	380	0.000204794
120	380	0.000201607
120	380	0.000201800
120	380	0.000201605
120	380	0.000201715
120	380	0.000208831
120	380	0.000202709
120	380	0.000208844
120	380	0.000222660
120	380	0.000213961
120	380	0.000208842
120	380	0.000201253
120	380	0.000202435
120	380	0.000208486
120	380	0.000203391
120	380	0.000208435
120	380	0.000202893
120	380	0.000240369
120	380	0.000211266
120	380	0.000211792
120	380	0.000210380
120	380	0.000201731
120	380	0.000202927
120	380	0.000202173
120	380	0.000208904
120	380	0.000200731
120	380	0.000208757
120	380	0.000201441
120	380	0.000203190
120	380	0.000208642
120	380	0.000203340
120	380	0.000221094
120	380	0.000241157
120	380	0.000201589
120	380	0.000203687
120	380	0.000208475
120	380	0.000201436
120	380	0.000196283
120	380	0.000215315
120	380	0.000212429
120	380	0.000208511
120	380	0.000201380
120	380	0.000190275
120	380	0.000208857
120	380	0.000203693
120	380	0.000201783
120	380	0.000202537
120	380	0.000202963
120	380	0.000209006
120	380	0.000218163
120	380	0.000206876
120	380	0.000215641
120	510	0.000159532
120	510	0.000154056
120	510	0.000154141
120	510	0.000154396
120	510	0.000159567
120	510	0.000154033
120	510	0.000154913
120	510	0.000159635
120	510	0.000154105
120	510	0.000154077
120	510	0.000155749
120	510	0.000153898
120	510	0.000155020
120	510	0.000153838
120	510	0.000159593
120	510	0.000154540
120	510	0.000154762
120	510	0.000153558
120	510	0.000156428
120	510	0.000154306
120	510	0.000155832
120	510	0.000154717
120	510	0.000153700
120	510	0.000153759
120	510	0.000154736
120	510	0.000155213
120	510	0.000159606
120	510	0.000154395
120	510	0.000154181
120	510	0.000153665
120	510	0.000154495
120	510	0.000154738
120	510	0.000154313
120	510	0.000153626
120	510	0.000153936
120	510	0.000159832
120	510	0.000154222
120	510	0.000171575
120	510	0.000172684
120	510	0.000173547
120	510	0.000215719
120	510	0.000216076
120	510	0.000214814
120	510	0.000216358
120	510	0.000215688
120	510	0.000217924
120	510	0.000216406
120	510	0.000239664
120	510	0.000240111
120	510	0.000248346
120	510	0.000268528
120	510	0.000288562
120	510	0.000285413
120	510	0.000269872
120	510	0.000269979
120	510	0.000269291
120	510	0.000279176
120	510	0.000304992
120	510	0.000268629
120	510	0.000279282
120	510	0.000271950
120	510	0.000268363
120	510	0.000273076
120	510	0.000264627
120	510	0.000268717
120	510	0.000269608
120	510	0.000269397
120	510	0.000269103
120	510	0.000290759
120	510	0.000281081
120	510	0.000279561
120	510	0.000269776
120	510	0.000279726
120	510	0.000268762
120	510	0.000268503
120	510	0.000270334
120	510	0.000280296
120	510	0.000283131
120	510	0.000256152
120	510	0.000269743
120	510	0.000272231
120	510	0.000278147
120	510	0.000281926
120	510	0.000269568
120	510	0.000268542
120	510	0.000279136
120	510	0.000288527
120	510	0.000276123
120	510	0.000271585
120	510	0.000268537
120	510	0.000270195
120	510	0.000279209
120	510	0.000263030
120	510	0.000283339
120	510	0.000279497
120	510	0.000271171
120	510	0.000279678
120	510	0.000255301
120	510	0.000283448
120	510	0.000262603
120	600	0.000189241
120	600	0.000194295
120	600	0.000180944
120	600	0.000179882
120	600	0.000181267
120	600	0.000189613
120	600	0.000187647
120	600	0.000187521
120	600	0.000180647
120	600	0.000187154
120	600	0.000181491
120	600	0.000181598
120	600	0.000191947
120	600	0.000179901
120	600	0.000180250
120	600	0.000187444
120	600	0.000187712
120	600	0.000180967
120	600	0.000180741
120	600	0.000180355
120	600	0.000192975
120	600	0.000180590
120	600	0.000180316
120	600	0.000207035
120	600	0.000188482
120	600	0.000180862
120	600	0.000201904
120	600	0.000203892
120	600	0.000207173
120	600	0.000209931
120	600	0.000202530
120	600	0.000201851
120	600	0.000216881
120	600	0.000242121
120	600	0.000243182
120	600	0.000243330
120	600	0.000249548
120	600	0.000291645
120	600	0.000283636
120	600	0.000292861
120	600	0.000310864
120	600	0.000342078
120	600	0.000325223
120	600	0.000316604
120	600	0.000315452
120	600	0.000328225
120	600	0.000318058
120	600	0.000312559
120	600	0.000315543
120	600	0.000316605
120	600	0.000316338
120	600	0.000330880
120	600	0.000316209
120	600	0.000328190
120	600	0.000315561
120	600	0.000323661
120	600	0.000318020
120	600	0.000298568
120	600	0.000315526
120	600	0.000328381
120	600	0.000355232
120	600	0.000328476
120	600	0.000328100
120	600	0.000328025
120	600	0.000304903
120	600	0.000301143
120	600	0.000312553
120	600	0.000318287
120	600	0.000349227
120	600	0.000327216
120	600	0.000315565
120	600	0.000298956
120	600	0.000329515
120	600	0.000326519
120	600	0.000329689
120	600	0.000315513
120	600	0.000316448
120	600	0.000315254
120	600	0.000331153
120	600	0.000320626
120	600	0.000315820
120	600	0.000328172
120	600	0.000350935
120	600	0.000300579
120	600	0.000315456
120	600	0.000328008
120	600	0.000315503
120	600	0.000304869
120	600	0.000325906
120	600	0.000311414
120	600	0.000315517
120	600	0.000328168
120	600	0.000326556
120	600	0.000331944
120	600	0.000322831
120	600	0.000316175
120	600	0.000317681
120	600	0.000316067
120	600	0.000343459
120	600	0.000314194
250	128	0.000076925
250	128	0.000077017
250	128	0.000077688
250	128	0.000077301
250	128	0.000077159
250	128	0.000083738
250	128	0.000077009
250	128	0.000077082
250	128	0.000077124
250	128	0.000077682
250	128	0.000077166
250	128	0.000077690
250	128	0.000082621
250	128	0.000076925
250	128	0.000077661
250	128	0.000077049
250	128	0.000077555
250	128	0.000077215
250	128	0.000076856
250	128	0.000077621
250	128	0.000077223
250	128	0.000077249
250	128	0.000076799
250	128	0.000077186
250	128	0.000076858
250	128	0.000083542
250	128	0.000077805
250	128	0.000077266
250	128	0.000098685
250	128	0.000077137
250	128	0.000076960
250	128	0.000076920
250	128	0.000076881
250	128	0.000078015
250	128	0.000076985
250	128	0.000083299
250	128	0.000082893
250	128	0.000083790
250	128	0.000083017
250	128	0.000083921
250	128	0.000084688
250	128	0.000107835
250	128	0.000109115
250	128	0.000108018
250	128	0.000128138
250	128	0.000129864
250	128	0.000132508
250	128	0.000126850
250	128	0.000126830
250	128	0.000128159
250	128	0.000126505
250	128	0.000135078
250	128	0.000134816
250	128	0.000134813
250	128	0.000134560
250	128	0.000135863
250	128	0.000136008
250	128	0.000135053
250	128	0.000135914
250	128	0.000134810
250	128	0.000135732
250	128	0.000135636
250	128	0.000143628
250	128	0.000134260
250	128	0.000134782
250	128	0.000134803
250	128	0.000134740
250	128	0.000145163
250	128	0.000145184
250	128	0.000146678
250	128	0.000145774
250	128	0.000145354
250	128	0.000134418
250	128	0.000134486
250	128	0.000136010
250	128	0.000134824
250	128	0.000134508
250	128	0.000135942
250	128	0.000134855
250	128	0.000135154
250	128	0.000135956
250	128	0.000136067
250	128	0.000134596
250	128	0.000136040
250	128	0.000134591
250	128	0.000134416
250	128	0.000135938
250	128	0.000136142
250	128	0.000135810
250	128	0.000135156
250	128	0.000135708
250	128	0.000134424
250	128	0.000126751
250	128	0.000135241
250	128	0.000126888
250	128	0.000134379
250	128	0.000134445
250	128	0.000134876
250	128	0.000134343
250	128	0.000134933
250	256	0.000151487
250	256	0.000151410
250	256	0.000151335
250	256	0.000151661
250	256	0.000151602
250	256	0.000151527
250	256	0.000151407
250	256	0.000151732
250	256	0.000151534
250	256	0.000153145
250	256	0.000151216
250	256	0.000153263
250	256	0.000151350
250	256	0.000153227
250	256	0.000165122
250	256	0.000158645
250	256	0.000151211
250	256	0.000151255
250	256	0.000151296
250	256	0.000151424
250	256	0.000151748
250	256	0.000156184
250	256	0.000151854
250	256	0.000153211
250	256	0.000170590
250	256	0.000151902
250	256	0.000153344
250	256	0.000157120
250	256	0.000151894
250	256	0.000151523
250	256	0.000157517
250	256	0.000151887
250	256	0.000151775
250	256	0.000161637
250	256	0.000151238
250	256	0.000151393
250	256	0.000189168
250	256	0.000186455
250	256	0.000184877
250	256	0.000184668
250	256	0.000198353
250	256	0.000193095
250	256	0.000194959
250	256	0.000194869
250	256	0.000212320
250	256	0.000212627
250	256	0.000220268
250	256	0.000192715
250	256	0.000193438
250	256	0.000192864
250	256	0.000192975
250	256	0.000177375
250	256	0.000176992
250	256	0.000177080
250	256	0.000194814
250	256	0.000212800
250	256	0.000212469
250	256	0.000304535
250	256	0.000219956
250	256	0.000211827
250	256	0.000213341
250	256	0.000214677
250	256	0.000202405
250	256	0.000203236
250	256	0.000201659
250	256	0.000210854
250	256	0.000221540
250	256	0.000201801
250	256	0.000202791
250	256	0.000202683
250	256	0.000204238
250	256	0.000207152
250	256	0.000212603
250	256	0.000211854
250	256	0.000218995
250	256	0.000249763
250	256	0.000231471
250	256	0.000225695
250	256	0.000238236
250	256	0.000236323
250	256	0.000245049
250	256	0.000279100
250	256	0.000264975
250	256	0.000265513
250	256	0.000249606
250	256	0.000279952
250	256	0.000256552
250	256	0.000257596
250	256	0.000258114
250	256	0.000275794
250	256	0.000297186
250	256	0.000276290
250	256	0.000264963
250	256	0.000265986
250	256	0.000266071
250	256	0.000276400
250	256	0.000264304
250	256	0.000264831
250	256	0.000264907
250	256	0.000264603
250	380	0.000226279
250	380	0.000226340
250	380	0.000223162
250	380	0.000224139
250	380	0.000233134
250	380	0.000224225
250	380	0.000224339
250	380	0.000224207
250	380	0.000223114
250	380	0.000230545
250	380	0.000224324
250	380	0.000223239
250	380	0.000223922
250	380	0.000223251
250	380	0.000230585
250	380	0.000224411
250	380	0.000223331
250	380	0.000223407
250	380	0.000228774
250	380	0.000223591
250	380	0.000223632
250	380	0.000226382
250	380	0.000229929
250	380	0.000233184
250	380	0.000223561
250	380	0.000224039
250	380	0.000226262
250	380	0.000231129
250	380	0.000226319
250	380	0.000226426
250	380	0.000222920
250	380	0.000223944
250	380	0.000232669
250	380	0.000224260
250	380	0.000224023
250	380	0.000230970
250	380	0.000226666
250	380	0.000224453
250	380	0.000224259
250	380	0.000223133
250	380	0.000229026
250	380	0.000241375
250	380	0.000275578
250	380	0.000273110
250	380	0.000272319
250	380	0.000333607
250	380	0.000330858
250	380	0.000356622
250	380	0.000390421
250	380	0.000407654
250	380	0.000396191
250	380	0.000368148
250	380	0.000408305
250	380	0.000390846
250	380	0.000391357
250	380	0.000412056
250	380	0.000422608
250	380	0.000396519
250	380	0.000391764
250	380	0.000388638
250	380	0.000391192
250	380	0.000367402
250	380	0.000409760
250	380	0.000396235
250	380	0.000406576
250	380	0.000390865
250	380	0.000391925
250	380	0.000405609
250	380	0.000367771
250	380	0.000407206
250	380	0.000377444
250	380	0.000391074
250	380	0.000390679
250	380	0.000400808
250	380	0.000391424
250	380	0.000367746
250	380	0.000401590
250	380	0.000395988
250	380	0.000368465
250	380	0.000401246
250	380	0.000396006
250	380	0.000368088
250	380	0.000403196
250	380	0.000390629
250	380	0.000390474
250	380	0.000400057
250	380	0.000368172
250	380	0.000389713
250	380	0.000380165
250	380	0.000381630
250	380	0.000372792
250	380	0.000395928
250	380	0.000384001
250	380	0.000386699
250	380	0.000392046
250	380	0.000380342
250	380	0.000382973
250	380	0.000391234
250	380	0.000390708
250	380	0.000388235
250	510	0.000298792
250	510	0.000303114
250	510	0.000298771
250	510	0.000299189
250	510	0.000299771
250	510	0.000303456
250	510	0.000307062
250	510	0.000299078
250	510	0.000299045
250	510	0.000299043
250	510	0.000298835
250	510	0.000298339
250	510	0.000298898
250	510	0.000304686
250	510	0.000309665
250	510	0.000317505
250	510	0.000298639
250	510	0.000298452
250	510	0.000300085
250	510	0.000299990
250	510	0.000305986
250	510	0.000304327
250	510	0.000298918
250	510	0.000298287
250	510	0.000298545
250	510	0.000298510
250	510	0.000304630
250	510	0.000299838
250	510	0.000298779
250	510	0.000299474
250	510	0.000298791
250	510	0.000300375
250	510	0.000307536
250	510	0.000304585
250	510	0.000298680
250	510	0.000303150
250	510	0.000303131
250	510	0.000298522
250	510	0.000304711
250	510	0.000317197
250	510	0.000300770
250	510	0.000303149
250	510	0.000303121
250	510	0.000317895
250	510	0.000330156
250	510	0.000317513
250	510	0.000334246
250	510	0.000322769
250	510	0.000322716
250	510	0.000328918
250	510	0.000353401
250	510	0.000354103
250	510	0.000348567
250	510	0.000364573
250	510	0.000364561
250	510	0.000364525
250	510	0.000417448
250	510	0.000429865
250	510	0.000429957
250	510	0.000418136
250	510	0.000486417
250	510	0.000539219
250	510	0.000520049
250	510	0.000505764
250	510	0.000493146
250	510	0.000530393
250	510	0.000493287
250	510	0.000534582
250	510	0.000523128
250	510	0.000534219
250	510	0.000522180
250	510	0.000509009
250	510	0.000530148
250	510	0.000515499
250	510	0.000540127
250	510	0.000530296
250	510	0.000519073
250	510	0.000523748
250	510	0.000500530
250	510	0.000517109
250	510	0.000528313
250	510	0.000515687
250	510	0.000533760
250	510	0.000525424
250	510	0.000516252
250	510	0.000529543
250	510	0.000525391
250	510	0.000529339
250	510	0.000515247
250	510	0.000523035
250	510	0.000547538
250	510	0.000523069
250	510	0.000532408
250	510	0.000524188
250	510	0.000527187
250	510	0.000525329
250	510	0.000542240
250	510	0.000530396
250	510	0.000530402
250	510	0.000529403
250	600	0.000351214
250	600	0.000350995
250	600	0.000351532
250	600	0.000350757
250	600	0.000356194
250	600	0.000350704
250	600	0.000351907
250	600	0.000356078
250	600	0.000355793
250	600	0.000356585
250	600	0.000358558
250	600	0.000356293
250	600	0.000357357
250	600	0.000359077
250	600	0.000361933
250	600	0.000351358
250	600	0.000350518
250	600	0.000349736
250	600	0.000351246
250	600	0.000356004
250	600	0.000353057
250	600	0.000351134
250	600	0.000350121
250	600	0.000351451
250	600	0.000350351
250	600	0.000355531
250	600	0.000367673
250	600	0.000357722
250	600	0.000357478
250	600	0.000356392
250	600	0.000350880
250	600	0.000351052
250	600	0.000350631
250	600	0.000351045
250	600	0.000406562
250	600	0.000429367
250	600	0.000428719
250	600	0.000444658
250	600	0.000464026
250	600	0.000457203
250	600	0.000469739
250	600	0.000467135
250	600	0.000500250
250	600	0.000511331
250	600	0.000554562
250	600	0.000588293
250	600	0.000584916
250	600	0.000609428
250	600	0.000615498
250	600	0.000598495
250	600	0.000622001
250	600	0.000616211
250	600	0.000628714
250	600	0.000622977
250	600	0.000594002
250	600	0.000614429
250	600	0.000608380
250	600	0.000623600
250	600	0.000603947
250	600	0.000614554
250	600	0.000617335
250	600	0.000614224
250	600	0.000622954
250	600	0.000610948
250	600	0.000622980
250	600	0.000607453
250	600	0.000614878
250	600	0.000603387
250	600	0.000647270
250	600	0.000579937
250	600	0.000624002
250	600	0.000623250
250	600	0.000588751
250	600	0.000614364
250	600	0.000591582
250	600	0.000614554
250	600	0.000612303
250	600	0.000578263
250	600	0.000598970
250	600	0.000614813
250	600	0.000593947
250	600	0.000614683
250	600	0.000614758
250	600	0.000626285
250	600	0.000646654
250	600	0.000614807
250	600	0.000604109
250	600	0.000639054
250	600	0.000577514
250	600	0.000607550
250	600	0.000613953
250	600	0.000625379
250	600	0.000612122
250	600	0.000621293
250	600	0.000588130
250	600	0.000616311
250	600	0.000607146
250	600	0.000614572
250	600	0.000624004
250	600	0.000615427
380	128	0.000114510
380	128	0.000114454
380	128	0.000120184
380	128	0.000114411
380	128	0.000114441
380	128	0.000113639
380	128	0.000114519
380	128	0.000113993
380	128	0.000114450
380	128	0.000113251
380	128	0.000119244
380	128	0.000113038
380	128	0.000114427
380	128	0.000113517
380	128	0.000112735
380	128	0.000117447
380	128	0.000112706
380	128	0.000113753
380	128	0.000112883
380	128	0.000114560
380	128	0.000128185
380	128	0.000113464
380	128	0.000113248
380	128	0.000114446
380	128	0.000113592
380	128	0.000118352
380	128	0.000113265
380	128	0.000113552
380	128	0.000118116
380	128	0.000112685
380	128	0.000114123
380	128	0.000112999
380	128	0.000122019
380	128	0.000117179
380	128	0.000117962
380	128	0.000118920
380	128	0.000118687
380	128	0.000118744
380	128	0.000123534
380	128	0.000118897
380	128	0.000118680
380	128	0.000144357
380	128	0.000137146
380	128	0.000137800
380	128	0.000151266
380	128	0.000150353
380	128	0.000156743
380	128	0.000158546
380	128	0.000167126
380	128	0.000168819
380	128	0.000168164
380	128	0.000175839
380	128	0.000185841
380	128	0.000178280
380	128	0.000185882
380	128	0.000188004
380	128	0.000188645
380	128	0.000193609
380	128	0.000197754
380	128	0.000208267
380	128	0.000210774
380	128	0.000206304
380	128	0.000198386
380	128	0.000199948
380	128	0.000197620
380	128	0.000198200
380	128	0.000200365
380	128	0.000197334
380	128	0.000209230
380	128	0.000209579
380	128	0.000203453
380	128	0.000207151
380	128	0.000194116
380	128	0.000193332
380	128	0.000199880
380	128	0.000200862
380	128	0.000188366
380	128	0.000200496
380	128	0.000197862
380	128	0.000200288
380	128	0.000197686
380	128	0.000198503
380	128	0.000203646
380	128	0.000198276
380	128	0.000194214
380	128	0.000188829
380	128	0.000195570
380	128	0.000197875
380	128	0.000198412
380	128	0.000197942
380	128	0.000200343
380	128	0.000197994
380	128	0.000198570
380	128	0.000200320
380	128	0.000209248
380	128	0.000185917
380	128	0.000205205
380	128	0.000197136
380	128	0.000197648
380	128	0.000199070
380	256	0.000225893
380	256	0.000222382
380	256	0.000222106
380	256	0.000222187
380	256	0.000224108
380	256	0.000239807
380	256	0.000226462
380	256	0.000222161
380	256	0.000222889
380	256	0.000225661
380	256	0.000239044
380	256	0.000225830
380	256	0.000225815
380	256	0.000223062
380	256	0.000229156
380	256	0.000222754
380	256	0.000223013
380	256	0.000222325
380	256	0.000223660
380	256	0.000229903
380	256	0.000223727
380	256	0.000222363
380	256	0.000222777
380	256	0.000248367
380	256	0.000240549
380	256	0.000242203
380	256	0.000243243
380	256	0.000240393
380	256	0.000282393
380	256	0.000265469
380	256	0.000259828
380	256	0.000339838
380	256	0.000380469
380	256	0.000336123
380	256	0.000345595
380	256	0.000346548
380	256	0.000347077
380	256	0.000365953
380	256	0.000381793
380	256	0.000389341
380	256	0.000390554
380	256	0.000389218
380	256	0.000394304
380	256	0.000371961
380	256	0.000389344
380	256	0.000396482
380	256	0.000366320
380	256	0.000395027
380	256	0.000389917
380	256	0.000390101
380	256	0.000382963
380	256	0.000388891
380	256	0.000397483
380	256	0.000389088
380	256	0.000414875
380	256	0.000399113
380	256	0.000391926
380	256	0.000366552
380	256	0.000377712
380	256	0.000389439
380	256	0.000389145
380	256	0.000405283
380	256	0.000368119
380	256	0.000391417
380	256	0.000365892
380	256	0.000403439
380	256	0.000391809
380	256	0.000399439
380	256	0.000366495
380	256	0.000389212
380	256	0.000366085
380	256	0.000398755
380	256	0.000369779
380	256	0.000394931
380	256	0.000397044
380	256	0.000381137
380	256	0.000389350
380	256	0.000365977
380	256	0.000389758
380	256	0.000390423
380	256	0.000371724
380	256	0.000403979
380	256	0.000401915
380	256	0.000389327
380	256	0.000403207
380	256	0.000371732
380	256	0.000395075
380	256	0.000376038
380	256	0.000398882
380	256	0.000395302
380	256	0.000378057
380	256	0.000435040
380	256	0.000390271
380	256	0.000389732
380	256	0.000401830
380	256	0.000389693
380	256	0.000394997
380	256	0.000388291
380	256	0.000391300
380	256	0.000389188
380	380	0.000333338
380	380	0.000328610
380	380	0.000328280
380	380	0.000328172
380	380	0.000328995
380	380	0.000333360
380	380	0.000333427
380	380	0.000329259
380	380	0.000328225
380	380	0.000328359
380	380	0.000333489
380	380	0.000341557
380	380	0.000334706
380	380	0.000356681
380	380	0.000334883
380	380	0.000335386
380	380	0.000339133
380	380	0.000351312
380	380	0.000377647
380	380	0.000374497
380	380	0.000380634
380	380	0.000392036
380	380	0.000393098
380	380	0.000390806
380	380	0.000426746
380	380	0.000465146
380	380	0.000417927
380	380	0.000383289
380	380	0.000383210
380	380	0.000383399
380	380	0.000418237
380	380	0.000418170
380	380	0.000500919
380	380	0.000471972
380	380	0.000467145
380	380	0.000491607
380	380	0.000497592
380	380	0.000418879
380	380	0.000417907
380	380	0.000419848
380	380	0.000418306
380	380	0.000431126
380	380	0.000555571
380	380	0.000542229
380	380	0.000548664
380	380	0.000540191
380	380	0.000555203
380	380	0.000562558
380	380	0.000583998
380	380	0.000574735
380	380	0.000555489
380	380	0.000541761
380	380	0.000556811
380	380	0.000540695
380	380	0.000551055
380	380	0.000551910
380	380	0.000546989
380	380	0.000577193
380	380	0.000597693
380	380	0.000549029
380	380	0.000549358
380	380	0.000574098
380	380	0.000578023
380	380	0.000565278
380	380	0.000575959
380	380	0.000593064
380	380	0.000578163
380	380	0.000574063
380	380	0.000548974
380	380	0.000549089
380	380	0.000557271
380	380	0.000583720
380	380	0.000575954
380	380	0.000574294
380	380	0.000561560
380	380	0.000583476
380	380	0.000574131
380	380	0.000574942
380	380	0.000592296
380	380	0.000581458
380	380	0.000568406
380	380	0.000587135
380	380	0.000541685
380	380	0.000584459
380	380	0.000583887
380	380	0.000561079
380	380	0.000574553
380	380	0.000595684
380	380	0.000576377
380	380	0.000589362
380	380	0.000582353
380	380	0.000585233
380	380	0.000572164
380	380	0.000561587
380	380	0.000572606
380	380	0.000561576
380	380	0.000583698
380	380	0.000584298
380	380	0.000582431
380	380	0.000577091
380	510	0.000446538
380	510	0.000450625
380	510	0.000451057
380	510	0.000439252
380	510	0.000439247
380	510	0.000440431
380	510	0.000439351
380	510	0.000446387
380	510	0.000446431
380	510	0.000440068
380	510	0.000446455
380	510	0.000439804
380	510	0.000446346
380	510	0.000446435
380	510	0.000446407
380	510	0.000439459
380	510	0.000440478
380	510	0.000439557
380	510	0.000439826
380	510	0.000440177
380	510	0.000440699
380	510	0.000439557
380	510	0.000439134
380	510	0.000439295
380	510	0.000439676
380	510	0.000439854
380	510	0.000452056
380	510	0.000445916
380	510	0.000445233
380	510	0.000453600
380	510	0.000446352
380	510	0.000439423
380	510	0.000444483
380	510	0.000441068
380	510	0.000439389
380	510	0.000445227
380	510	0.000475798
380	510	0.000480248
380	510	0.000508954
380	510	0.000462031
380	510	0.000460141
380	510	0.000468107
380	510	0.000481123
380	510	0.000480085
380	510	0.000485858
380	510	0.000512566
380	510	0.000521576
380	510	0.000540249
380	510	0.000543328
380	510	0.000542952
380	510	0.000568247
380	510	0.000566612
380	510	0.000585620
380	510	0.000593079
380	510	0.000606172
380	510	0.000587124
380	510	0.000648896
380	510	0.000586551
380	510	0.000624839
380	510	0.000646000
380	510	0.000591512
380	510	0.000592073
380	510	0.000620872
380	510	0.000568490
380	510	0.000567377
380	510	0.000546003
380	510	0.000540412
380	510	0.000538491
380	510	0.000564575
380	510	0.000567471
380	510	0.000615804
380	510	0.000633504
380	510	0.000740491
380	510	0.000740770
380	510	0.000629832
380	510	0.000646428
380	510	0.000729874
380	510	0.000715782
380	510	0.000703228
380	510	0.000738453
380	510	0.000769178
380	510	0.000783611
380	510	0.000780324
380	510	0.000741142
380	510	0.000772798
380	510	0.000755276
380	510	0.000779685
380	510	0.000769047
380	510	0.000772551
380	510	0.000762682
380	510	0.000778795
380	510	0.000782551
380	510	0.000767968
380	510	0.000739293
380	510	0.000741134
380	510	0.000730991
380	510	0.000776767
380	510	0.000734967
380	510	0.000769114
380	510	0.000769481
380	600	0.000516754
380	600	0.000523303
380	600	0.000524936
380	600	0.000516597
380	600	0.000517081
380	600	0.000516226
380	600	0.000517294
380	600	0.000515981
380	600	0.000522126
380	600	0.000529149
380	600	0.000525361
380	600	0.000530794
380	600	0.000522911
380	600	0.000516227
380	600	0.000516297
380	600	0.000524714
380	600	0.000540994
380	600	0.000522576
380	600	0.000524604
380	600	0.000517410
380	600	0.000516374
380	600	0.000516052
380	600	0.000535370
380	600	0.000541450
380	600	0.000542653
380	600	0.000557905
380	600	0.000556003
380	600	0.000616129
380	600	0.000617761
380	600	0.000612100
380	600	0.000607399
380	600	0.000608673
380	600	0.000629893
380	600	0.000636772
380	600	0.000670917
380	600	0.000693007
380	600	0.000815339
380	600	0.000812462
380	600	0.000762422
380	600	0.000770957
380	600	0.000781495
380	600	0.000790246
380	600	0.000859525
380	600	0.000870121
380	600	0.000915282
380	600	0.000860365
380	600	0.000845654
380	600	0.000803173
380	600	0.000769192
380	600	0.000770039
380	600	0.000909368
380	600	0.000885002
380	600	0.000868123
380	600	0.000811293
380	600	0.000812710
380	600	0.000856182
380	600	0.000856786
380	600	0.000850156
380	600	0.000927149
380	600	0.000901938
380	600	0.000813681
380	600	0.000798917
380	600	0.000761688
380	600	0.000737904
380	600	0.000729922
380	600	0.000741980
380	600	0.000727392
380	600	0.000732049
380	600	0.000730144
380	600	0.000905608
380	600	0.000870044
380	600	0.000862228
380	600	0.000767823
380	600	0.000795787
380	600	0.000771625
380	600	0.000768563
380	600	0.000899353
380	600	0.000855700
380	600	0.000850392
380	600	0.000865326
380	600	0.000873995
380	600	0.000809771
380	600	0.000789299
380	600	0.000791870
380	600	0.000740367
380	600	0.000722639
380	600	0.000734209
380	600	0.000727992
380	600	0.000938278
380	600	0.000884474
380	600	0.000870964
380	600	0.000958598
380	600	0.000918114
380	600	0.000928982
380	600	0.000922292
380	600	0.000901160
380	600	0.000929601
380	600	0.000905812
380	600	0.000912072
380	600	0.000900134
510	128	0.000157643
510	128	0.000158868
510	128	0.000150310
510	128	0.000150445
510	128	0.000151245
510	128	0.000150171
510	128	0.000150025
510	128	0.000158271
510	128	0.000150286
510	128	0.000151425
510	128	0.000157076
510	128	0.000150468
510	128	0.000151227
510	128	0.000154352
510	128	0.000151429
510	128	0.000151107
510	128	0.000155580
510	128	0.000150179
510	128	0.000150375
510	128	0.000155512
510	128	0.000150457
510	128	0.000151211
510	128	0.000155057
510	128	0.000150551
510	128	0.000150068
510	128	0.000155114
510	128	0.000150386
510	128	0.000149920
510	128	0.000156077
510	128	0.000149729
510	128	0.000150067
510	128	0.000151227
510	128	0.000154509
510	128	0.000155687
510	128	0.000160780
510	128	0.000156306
510	128	0.000161818
510	128	0.000162454
510	128	0.000167576
510	128	0.000162159
510	128	0.000162200
510	128	0.000208271
510	128	0.000168008
510	128	0.000168605
510	128	0.000167979
510	128	0.000191767
510	128	0.000191799
510	128	0.000196979
510	128	0.000209889
510	128	0.000210380
510	128	0.000210673
510	128	0.000210620
510	128	0.000233775
510	128	0.000233879
510	128	0.000235246
510	128	0.000234052
510	128	0.000234215
510	128	0.000263060
510	128	0.000271418
510	128	0.000262395
510	128	0.000264671
510	128	0.000248976
510	128	0.000261824
510	128	0.000270529
510	128	0.000264608
510	128	0.000263324
510	128	0.000262506
510	128	0.000247183
510	128	0.000314474
510	128	0.000263235
510	128	0.000262440
510	128	0.000262188
510	128	0.000264225
510	128	0.000273030
510	128	0.000274827
510	128	0.000262439
510	128	0.000264673
510	128	0.000262610
510	128	0.000264550
510	128	0.000272019
510	128	0.000279257
510	128	0.000262623
510	128	0.000268128
510	128	0.000264326
510	128	0.000248071
510	128	0.000292051
510	128	0.000261572
510	128	0.000264626
510	128	0.000263762
510	128	0.000264736
510	128	0.000264573
510	128	0.000263454
510	128	0.000264284
510	128	0.000264780
510	128	0.000262403
510	128	0.000262409
510	128	0.000263225
510	128	0.000249184
510	128	0.000269722
510	128	0.000275230
510	256	0.000298389
510	256	0.000298100
510	256	0.000296863
510	256	0.000295231
510	256	0.000295525
510	256	0.000298175
510	256	0.000302418
510	256	0.000303057
510	256	0.000295338
510	256	0.000295405
510	256	0.000295780
510	256	0.000295341
510	256	0.000295830
510	256	0.000301824
510	256	0.000301422
510	256	0.000296302
510	256	0.000295130
510	256	0.000295460
510	256	0.000298236
510	256	0.000301514
510	256	0.000314798
510	256	0.000309249
510	256	0.000306699
510	256	0.000323024
510	256	0.000330492
510	256	0.000330472
510	256	0.000331206
510	256	0.000345371
510	256	0.000354186
510	256	0.000347887
510	256	0.000359840
510	256	0.000363456
510	256	0.000354029
510	256	0.000345094
510	256	0.000344876
510	256	0.000345656
510	256	0.000377053
510	256	0.000375960
510	256	0.000378017
510	256	0.000393667
510	256	0.000394252
510	256	0.000366854
510	256	0.000365412
510	256	0.000363374
510	256	0.000446234
510	256	0.000490138
510	256	0.000460187
510	256	0.000459550
510	256	0.000482819
510	256	0.000467807
510	256	0.000463859
510	256	0.000495267
510	256	0.000496987
510	256	0.000486908
510	256	0.000498849
510	256	0.000497135
510	256	0.000523579
510	256	0.000499175
510	256	0.000530965
510	256	0.000533694
510	256	0.000520437
510	256	0.000507680
510	256	0.000518092
510	256	0.000495028
510	256	0.000521772
510	256	0.000510884
510	256	0.000530839
510	256	0.000522240
510	256	0.000515706
510	256	0.000516959
510	256	0.000526135
510	256	0.000530124
510	256	0.000517864
510	256	0.000543651
510	256	0.000517528
510	256	0.000494547
510	256	0.000491097
510	256	0.000521775
510	256	0.000506665
510	256	0.000517262
510	256	0.000521747
510	256	0.000528273
510	256	0.000529764
510	256	0.000517338
510	256	0.000521728
510	256	0.000476017
510	256	0.000506112
510	256	0.000463854
510	256	0.000498733
510	256	0.000494986
510	256	0.000518106
510	256	0.000502691
510	256	0.000517236
510	256	0.000498760
510	256	0.000518580
510	256	0.000495101
510	256	0.000518529
510	256	0.000500919
510	256	0.000516634
510	256	0.000496648
510	380	0.000441997
510	380	0.000442813
510	380	0.000444317
510	380	0.000445976
510	380	0.000437030
510	380	0.000440775
510	380	0.000440794
510	380	0.000436248
510	380	0.000436938
510	380	0.000436898
510	380	0.000435886
510	380	0.000436403
510	380	0.000436108
510	380	0.000460295
510	380	0.000458781
510	380	0.000462429
510	380	0.000498614
510	380	0.000554836
510	380	0.000497683
510	380	0.000508594
510	380	0.000516289
510	380	0.000538435
510	380	0.000530985
510	380	0.000576307
510	380	0.000565099
510	380	0.000555065
510	380	0.000569929
510	380	0.000565884
510	380	0.000610659
510	380	0.000622958
510	380	0.000725121
510	380	0.000717348
510	380	0.000683822
510	380	0.000678794
510	380	0.000697285
510	380	0.000697224
510	380	0.000687880
510	380	0.000743917
510	380	0.000718866
510	380	0.000718233
510	380	0.000733808
510	380	0.000779208
510	380	0.000774345
510	380	0.000769824
510	380	0.000719639
510	380	0.000764469
510	380	0.000781568
510	380	0.000771727
510	380	0.000764234
510	380	0.000771648
510	380	0.000771226
510	380	0.000773157
510	380	0.000763524
510	380	0.000756285
510	380	0.000742887
510	380	0.000770955
510	380	0.000775532
510	380	0.000770935
510	380	0.000751483
510	380	0.000769834
510	380	0.000762493
510	380	0.000765467
510	380	0.000772526
510	380	0.000777458
510	380	0.000718516
510	380	0.000769676
510	380	0.000778343
510	380	0.000771304
510	380	0.000721679
510	380	0.000766471
510	380	0.000777103
510	380	0.000774223
510	380	0.000750029
510	380	0.000761602
510	380	0.000775452
510	380	0.000776456
510	380	0.000757035
510	380	0.000754230
510	380	0.000774360
510	380	0.000757030
510	380	0.000771612
510	380	0.000811859
510	380	0.000767169
510	380	0.000775576
510	380	0.000777344
510	380	0.000770361
510	380	0.000763092
510	380	0.000764251
510	380	0.000813528
510	380	0.000727764
510	380	0.000781381
510	380	0.000768032
510	380	0.000764928
510	380	0.000749300
510	380	0.000770417
510	380	0.000763787
510	380	0.000752971
510	380	0.000759002
510	380	0.000758643
510	380	0.000754726
510	510	0.000594959
510	510	0.000596036
510	510	0.000583399
510	510	0.000584841
510	510	0.000590506
510	510	0.000592531
510	510	0.000585100
510	510	0.000584464
510	510	0.000584269
510	510	0.000609839
510	510	0.000590772
510	510	0.000590029
510	510	0.000590935
510	510	0.000592375
510	510	0.000585073
510	510	0.000583671
510	510	0.000607522
510	510	0.000615310
510	510	0.000605449
510	510	0.000628608
510	510	0.000633651
510	510	0.000790992
510	510	0.000790945
510	510	0.000781611
510	510	0.000839342
510	510	0.001021099
510	510	0.001059372
510	510	0.001024240
510	510	0.001050598
510	510	0.000969606
510	510	0.001045939
510	510	0.001012891
510	510	0.001052112
510	510	0.001026489
510	510	0.001034156
510	510	0.001010013
510	510	0.001008602
510	510	0.000970572
510	510	0.000820272
510	510	0.000777726
510	510	0.000794002
510	510	0.000804370
510	510	0.000786536
510	510	0.000790687
510	510	0.001010257
510	510	0.001030452
510	510	0.000996876
510	510	0.001001886
510	510	0.001039593
510	510	0.001026425
510	510	0.001018810
510	510	0.001028853
510	510	0.001020906
510	510	0.000971636
510	510	0.001014867
510	510	0.000974861
510	510	0.001006942
510	510	0.001030541
510	510	0.000995740
510	510	0.001082584
510	510	0.001037639
510	510	0.001029735
510	510	0.001011869
510	510	0.001026703
510	510	0.001020596
510	510	0.000989925
510	510	0.001008472
510	510	0.001039145
510	510	0.000976224
510	510	0.001021485
510	510	0.001022207
510	510	0.001024238
510	510	0.000982400
510	510	0.000992350
510	510	0.001033486
510	510	0.001040905
510	510	0.000972309
510	510	0.001023763
510	510	0.001033312
510	510	0.000971125
510	510	0.001019888
510	510	0.001028871
510	510	0.001038102
510	510	0.001026464
510	510	0.001035218
510	510	0.001029749
510	510	0.001023581
510	510	0.000973318
510	510	0.000976424
510	510	0.001043287
510	510	0.001032885
510	510	0.000981594
510	510	0.001035791
510	510	0.001028338
510	510	0.001042607
510	510	0.001016712
510	510	0.000986410
510	510	0.000973084
510	510	0.000962985
510	510	0.001012484
510	600	0.000697103
510	600	0.000685339
510	600	0.000691170
510	600	0.000708326
510	600	0.000686011
510	600	0.000693032
510	600	0.000685922
510	600	0.000693773
510	600	0.000685734
510	600	0.000697722
510	600	0.000691527
510	600	0.000690539
510	600	0.000686127
510	600	0.000708427
510	600	0.000691104
510	600	0.000693178
510	600	0.000690578
510	600	0.000686070
510	600	0.000835116
510	600	0.000872467
510	600	0.000884099
510	600	0.000886436
510	600	0.000940382
510	600	0.000949185
510	600	0.001092326
510	600	0.000859147
510	600	0.000856062
510	600	0.000855638
510	600	0.000839328
510	600	0.000691554
510	600	0.000686999
510	600	0.000692091
510	600	0.000692107
510	600	0.000814665
510	600	0.000872715
510	600	0.000849946
510	600	0.000836847
510	600	0.000849478
510	600	0.000859032
510	600	0.001070637
510	600	0.001028863
510	600	0.000966195
510	600	0.000985808
510	600	0.000994096
510	600	0.001018436
510	600	0.001024733
510	600	0.001051946
510	600	0.001159423
510	600	0.001196789
510	600	0.001040149
510	600	0.001020862
510	600	0.001089567
510	600	0.001149862
510	600	0.001157157
510	600	0.001195844
510	600	0.001164791
510	600	0.001212395
510	600	0.001212971
510	600	0.001190787
510	600	0.001179078
510	600	0.001156329
510	600	0.001145178
510	600	0.001137872
510	600	0.001197122
510	600	0.001161472
510	600	0.001141531
510	600	0.001210198
510	600	0.001234135
510	600	0.001208639
510	600	0.001203305
510	600	0.001221190
510	600	0.001137966
510	600	0.001147432
510	600	0.001182052
510	600	0.001175870
510	600	0.001093350
510	600	0.001146762
510	600	0.001211612
510	600	0.001145270
510	600	0.001133852
510	600	0.001173547
510	600	0.001213017
510	600	0.001198174
510	600	0.001190988
510	600	0.001143963
510	600	0.001184771
510	600	0.001220826
510	600	0.001154629
510	600	0.001213361
510	600	0.001132971
510	600	0.001139740
510	600	0.001224296
510	600	0.001219501
510	600	0.001136402
510	600	0.001207668
510	600	0.001155353
510	600	0.001133902
510	600	0.001160866
510	600	0.001201408
510	600	0.001212901
600	128	0.000175879
600	128	0.000175911
600	128	0.000176219
600	128	0.000181805
600	128	0.000176464
600	128	0.000178039
600	128	0.000186407
600	128	0.000176062
600	128	0.000175975
600	128	0.000177930
600	128	0.000175771
600	128	0.000175716
600	128	0.000176225
600	128	0.000176066
600	128	0.000175737
600	128	0.000175679
600	128	0.000175901
600	128	0.000184017
600	128	0.000175918
600	128	0.000176014
600	128	0.000175983
600	128	0.000175637
600	128	0.000176531
600	128	0.000181288
600	128	0.000175810
600	128	0.000176036
600	128	0.000176583
600	128	0.000181076
600	128	0.000188093
600	128	0.000191647
600	128	0.000195168
600	128	0.000190039
600	128	0.000189488
600	128	0.000176306
600	128	0.000182386
600	128	0.000178112
600	128	0.000177994
600	128	0.000202090
600	128	0.000197404
600	128	0.000199601
600	128	0.000196685
600	128	0.000202788
600	128	0.000197156
600	128	0.000197305
600	128	0.000197412
600	128	0.000224756
600	128	0.000233233
600	128	0.000231873
600	128	0.000277850
600	128	0.000246746
600	128	0.000246336
600	128	0.000274660
600	128	0.000276231
600	128	0.000273434
600	128	0.000313719
600	128	0.000324071
600	128	0.000309093
600	128	0.000310549
600	128	0.000311350
600	128	0.000311657
600	128	0.000345032
600	128	0.000311474
600	128	0.000311462
600	128	0.000311623
600	128	0.000308277
600	128	0.000344807
600	128	0.000307044
600	128	0.000307504
600	128	0.000290657
600	128	0.000289644
600	128	0.000327118
600	128	0.000307597
600	128	0.000307168
600	128	0.000308226
600	128	0.000319909
600	128	0.000317311
600	128	0.000311371
600	128	0.000290261
600	128	0.000311346
600	128	0.000319105
600	128	0.000308064
600	128	0.000307368
600	128	0.000307802
600	128	0.000322142
600	128	0.000308162
600	128	0.000310638
600	128	0.000307339
600	128	0.000319623
600	128	0.000310288
600	128	0.000307441
600	128	0.000311468
600	128	0.000293101
600	128	0.000336431
600	128	0.000319286
600	128	0.000307496
600	128	0.000308997
600	128	0.000311418
600	128	0.000307378
600	128	0.000321377
600	128	0.000311333
600	256	0.000354754
600	256	0.000346442
600	256	0.000347039
600	256	0.000346702
600	256	0.000351075
600	256	0.000346639
600	256	0.000354666
600	256	0.000358969
600	256	0.000353022
600	256	0.000362917
600	256	0.000356796
600	256	0.000355899
600	256	0.000346128
600	256	0.000351042
600	256	0.000345856
600	256	0.000351154
600	256	0.000347091
600	256	0.000351156
600	256	0.000346483
600	256	0.000345718
600	256	0.000346037
600	256	0.000351045
600	256	0.000346016
600	256	0.000351812
600	256	0.000440303
600	256	0.000446743
600	256	0.000449813
600	256	0.000461785
600	256	0.000474539
600	256	0.000508091
600	256	0.000511696
600	256	0.000503013
600	256	0.000491511
600	256	0.000548437
600	256	0.000596804
600	256	0.000614068
600	256	0.000616088
600	256	0.000633631
600	256	0.000614382
600	256	0.000612257
600	256	0.000621704
600	256	0.000614350
600	256	0.000608405
600	256	0.000605333
600	256	0.000620343
600	256	0.000613759
600	256	0.000605165
600	256	0.000618927
600	256	0.000570574
600	256	0.000614382
600	256	0.000607611
600	256	0.000630643
600	256	0.000605485
600	256	0.000607294
600	256	0.000610090
600	256	0.000615350
600	256	0.000611909
600	256	0.000614251
600	256	0.000605699
600	256	0.000614404
600	256	0.000610538
600	256	0.000609133
600	256	0.000618201
600	256	0.000607522
600	256	0.000594242
600	256	0.000618050
600	256	0.000614291
600	256	0.000624638
600	256	0.000612005
600	256	0.000607459
600	256	0.000627807
600	256	0.000609259
600	256	0.000612369
600	256	0.000612611
600	256	0.000608387
600	256	0.000604342
600	256	0.000569510
600	256	0.000619116
600	256	0.000614306
600	256	0.000604268
600	256	0.000617190
600	256	0.000618551
600	256	0.000608218
600	256	0.000618600
600	256	0.000580150
600	256	0.000571330
600	256	0.000589798
600	256	0.000614577
600	256	0.000585215
600	256	0.000609444
600	256	0.000576971
600	256	0.000607656
600	256	0.000595269
600	256	0.000582065
600	256	0.000607792
600	256	0.000606822
600	256	0.000594510
600	256	0.000647274
600	256	0.000618338
600	256	0.000606231
600	380	0.000510538
600	380	0.000524295
600	380	0.000518262
600	380	0.000518816
600	380	0.000510773
600	380	0.000511405
600	380	0.000510793
600	380	0.000518690
600	380	0.000511497
600	380	0.000521665
600	380	0.000519411
600	380	0.000514777
600	380	0.000516110
600	380	0.000518930
600	380	0.000522957
600	380	0.000510098
600	380	0.000511940
600	380	0.000511901
600	380	0.000515795
600	380	0.000524297
600	380	0.000517271
600	380	0.000519674
600	380	0.000520554
600	380	0.000551925
600	380	0.000549883
600	380	0.000558538
600	380	0.000584883
600	380	0.000580617
600	380	0.000572435
600	380	0.000579642
600	380	0.000607055
600	380	0.000605283
600	380	0.000600468
600	380	0.000607131
600	380	0.000596328
600	380	0.000610110
600	380	0.000602765
600	380	0.000752587
600	380	0.000757577
600	380	0.000660157
600	380	0.000660715
600	380	0.000768115
600	380	0.000769263
600	380	0.000804783
600	380	0.000859170
600	380	0.000899700
600	380	0.000850528
600	380	0.000941022
600	380	0.000842188
600	380	0.000843129
600	380	0.000884673
600	380	0.000921815
600	380	0.000849360
600	380	0.000862109
600	380	0.000848033
600	380	0.000909085
600	380	0.000889746
600	380	0.000887330
600	380	0.000893631
600	380	0.000856568
600	380	0.000807755
600	380	0.000817003
600	380	0.000858942
600	380	0.000844312
600	380	0.000891606
600	380	0.000886095
600	380	0.000885028
600	380	0.000850331
600	380	0.000912711
600	380	0.000889855
600	380	0.000902500
600	380	0.000848573
600	380	0.000890547
600	380	0.000842257
600	380	0.000901005
600	380	0.000907200
600	380	0.000889757
600	380	0.000920750
600	380	0.000904559
600	380	0.000913836
600	380	0.000896257
600	380	0.000842980
600	380	0.000868457
600	380	0.000851896
600	380	0.000767194
600	380	0.000723862
600	380	0.000733063
600	380	0.000744231
600	380	0.000724641
600	380	0.000716204
600	380	0.000898035
600	380	0.000889729
600	380	0.000896325
600	380	0.000903311
600	380	0.000905710
600	380	0.000912246
600	380	0.000925611
600	380	0.000905517
600	380	0.000937574
600	380	0.000907492
600	510	0.000691162
600	510	0.000684152
600	510	0.000697190
600	510	0.000684369
600	510	0.000689240
600	510	0.000694790
600	510	0.000687428
600	510	0.000693408
600	510	0.000694526
600	510	0.000701461
600	510	0.000691023
600	510	0.000683853
600	510	0.000687863
600	510	0.000689515
600	510	0.000683711
600	510	0.000715777
600	510	0.000731828
600	510	0.000723247
600	510	0.000717711
600	510	0.000824914
600	510	0.000928503
600	510	0.001152605
600	510	0.001056886
600	510	0.000966088
600	510	0.001074910
600	510	0.001068544
600	510	0.001035035
600	510	0.001200129
600	510	0.001179416
600	510	0.001129634
600	510	0.001069819
600	510	0.001118595
600	510	0.001156241
600	510	0.001134274
600	510	0.001081389
600	510	0.001060612
600	510	0.001018429
600	510	0.001137010
600	510	0.001094543
600	510	0.001071050
600	510	0.000968504
600	510	0.000972001
600	510	0.001077847
600	510	0.001016176
600	510	0.001016194
600	510	0.000835209
600	510	0.000844918
600	510	0.000889911
600	510	0.000898861
600	510	0.000879582
600	510	0.000797401
600	510	0.000720056
600	510	0.000720176
600	510	0.000718951
600	510	0.000724783
600	510	0.000982675
600	510	0.000879026
600	510	0.000869430
600	510	0.000897307
600	510	0.000884460
600	510	0.000923457
600	510	0.001016932
600	510	0.001092048
600	510	0.001204854
600	510	0.001139068
600	510	0.001169370
600	510	0.001183041
600	510	0.001180061
600	510	0.001223969
600	510	0.001199751
600	510	0.001178481
600	510	0.001138452
600	510	0.001208203
600	510	0.001228958
600	510	0.001186852
600	510	0.001167988
600	510	0.001203606
600	510	0.001221352
600	510	0.001183192
600	510	0.001177894
600	510	0.001188438
600	510	0.001215797
600	510	0.001178872
600	510	0.001169846
600	510	0.001141467
600	510	0.001205935
600	510	0.001180852
600	510	0.001224645
600	510	0.001098346
600	510	0.001183122
600	510	0.001184973
600	510	0.001238287
600	510	0.001074357
600	510	0.001196970
600	510	0.001229903
600	510	0.001211819
600	510	0.001191866
600	510	0.001201540
600	510	0.001190372
600	510	0.001133684
600	600	0.000806829
600	600	0.000810680
600	600	0.000808560
600	600	0.000808932
600	600	0.000806633
600	600	0.000811778
600	600	0.000824585
600	600	0.000839401
600	600	0.001045450
600	600	0.001074053
600	600	0.001366082
600	600	0.001419549
600	600	0.001378563
600	600	0.001419544
600	600	0.001377230
600	600	0.001364657
600	600	0.001385095
600	600	0.001255265
600	600	0.001356765
600	600	0.001378839
600	600	0.001039043
600	600	0.001094905
600	600	0.001143482
600	600	0.001136754
600	600	0.001056113
600	600	0.001027253
600	600	0.000997941
600	600	0.000999531
600	600	0.001030362
600	600	0.001147802
600	600	0.001109854
600	600	0.001032523
600	600	0.000947842
600	600	0.000953059
600	600	0.000941302
600	600	0.000960018
600	600	0.001011259
600	600	0.000831928
600	600	0.000819623
600	600	0.000821041
600	600	0.000804702
600	600	0.000813698
600	600	0.000803826
600	600	0.000810197
600	600	0.000803106
600	600	0.001080317
600	600	0.001087698
600	600	0.001048890
600	600	0.000964656
600	600	0.000938503
600	600	0.000916396
600	600	0.000953745
600	600	0.001132224
600	600	0.001057647
600	600	0.001062192
600	600	0.001091410
600	600	0.001096842
600	600	0.001082316
600	600	0.001095877
600	600	0.000970275
600	600	0.000968888
600	600	0.000905813
600	600	0.000902912
600	600	0.000804576
600	600	0.000808389
600	600	0.000802817
600	600	0.000809352
600	600	0.000806556
600	600	0.000824733
600	600	0.000817954
600	600	0.000815666
600	600	0.000806179
600	600	0.000809632
600	600	0.000959967
600	600	0.000915437
600	600	0.000881095
600	600	0.000882177
600	600	0.000880049
600	600	0.001078991
600	600	0.001072695
600	600	0.001038457
600	600	0.000980832
600	600	0.000954704
600	600	0.000944807
600	600	0.000944747
600	600	0.000952417
600	600	0.000963052
600	600	0.000979766
600	600	0.000982512
600	600	0.000941141
600	600	0.000909165
600	600	0.001100746
600	600	0.001075223
600	600	0.001083855
600	600	0.001014953
600	600	0.001035837
600	600	0.000937198
600	600	0.000946496
600	600	0.000995390
600	600	0.001002884
