120	128	0.000005436
120	128	0.000005438
120	128	0.000005156
120	128	0.000005141
120	128	0.000005177
120	128	0.000005184
120	128	0.000005381
120	128	0.000005406
120	128	0.000005166
120	128	0.000005171
120	128	0.000005448
120	128	0.000005227
120	128	0.000005245
120	128	0.000005492
120	128	0.000005154
120	128	0.000005138
120	128	0.000005451
120	128	0.000005404
120	128	0.000005127
120	128	0.000005452
120	128	0.000005391
120	128	0.000005194
120	128	0.000005112
120	128	0.000005425
120	128	0.000005300
120	128	0.000005241
120	128	0.000005134
120	128	0.000005214
120	128	0.000005665
120	128	0.000005345
120	128	0.000005599
120	128	0.000005281
120	128	0.000005638
120	128	0.000005670
120	128	0.000005412
120	128	0.000005218
120	128	0.000005224
120	128	0.000005201
120	128	0.000005240
120	128	0.000005236
120	128	0.000005207
120	128	0.000005258
120	128	0.000005149
120	128	0.000005527
120	128	0.000005433
120	128	0.000005661
120	128	0.000005409
120	128	0.000005454
120	128	0.000005386
120	128	0.000005331
120	128	0.000005429
120	128	0.000005325
120	128	0.000005652
120	128	0.000005377
120	128	0.000005358
120	128	0.000006068
120	128	0.000005864
120	128	0.000005902
120	128	0.000005848
120	128	0.000005850
120	128	0.000005869
120	128	0.000007626
120	128	0.000007595
120	128	0.000007499
120	128	0.000008024
120	128	0.000005441
120	128	0.000005534
120	128	0.000005157
120	128	0.000005218
120	128	0.000005464
120	128	0.000005176
120	128	0.000005170
120	128	0.000005254
120	128	0.000005198
120	128	0.000005202
120	128	0.000005084
120	128	0.000005173
120	128	0.000005170
120	128	0.000005380
120	128	0.000005451
120	128	0.000005176
120	128	0.000005419
120	128	0.000005289
120	128	0.000005305
120	128	0.000005150
120	128	0.000005150
120	128	0.000005193
120	128	0.000005211
120	128	0.000005334
120	128	0.000005223
120	128	0.000005233
120	128	0.000005220
120	128	0.000005172
120	128	0.000005301
120	128	0.000005159
120	128	0.000005216
120	128	0.000005129
120	128	0.000005223
120	128	0.000005185
120	128	0.000005325
120	256	0.000011720
120	256	0.000011690
120	256	0.000011148
120	256	0.000011709
120	256	0.000011711
120	256	0.000011690
120	256	0.000011202
120	256	0.000017186
120	256	0.000011159
120	256	0.000011213
120	256	0.000011753
120	256	0.000011134
120	256	0.000011146
120	256	0.000011146
120	256	0.000011244
120	256	0.000011141
120	256	0.000011239
120	256	0.000011288
120	256	0.000011175
120	256	0.000011168
120	256	0.000011199
120	256	0.000011749
120	256	0.000011781
120	256	0.000011175
120	256	0.000011214
120	256	0.000011220
120	256	0.000011189
120	256	0.000011294
120	256	0.000011211
120	256	0.000011230
120	256	0.000011177
120	256	0.000011233
120	256	0.000011146
120	256	0.000011234
120	256	0.000011156
120	256	0.000011245
120	256	0.000011689
120	256	0.000011157
120	256	0.000011129
120	256	0.000011157
120	256	0.000011230
120	256	0.000011197
120	256	0.000011180
120	256	0.000011152
120	256	0.000011700
120	256	0.000011268
120	256	0.000015906
120	256	0.000011144
120	256	0.000011234
120	256	0.000011209
120	256	0.000011150
120	256	0.000011268
120	256	0.000011229
120	256	0.000011168
120	256	0.000011749
120	256	0.000011701
120	256	0.000011160
120	256	0.000011283
120	256	0.000011162
120	256	0.000011177
120	256	0.000011223
120	256	0.000011140
120	256	0.000011162
120	256	0.000011176
120	256	0.000011169
120	256	0.000011121
120	256	0.000011136
120	256	0.000011207
120	256	0.000011255
120	256	0.000011250
120	256	0.000011255
120	256	0.000011224
120	256	0.000011147
120	256	0.000011189
120	256	0.000011753
120	256	0.000011181
120	256	0.000011156
120	256	0.000011190
120	256	0.000011199
120	256	0.000011727
120	256	0.000011725
120	256	0.000011708
120	256	0.000011155
120	256	0.000011142
120	256	0.000011163
120	256	0.000011069
120	256	0.000011183
120	256	0.000011249
120	256	0.000011226
120	256	0.000011214
120	256	0.000011855
120	256	0.000010992
120	256	0.000011157
120	256	0.000011073
120	256	0.000011202
120	256	0.000011147
120	256	0.000011746
120	256	0.000011177
120	256	0.000011223
120	256	0.000011676
120	380	0.000016246
120	380	0.000015536
120	380	0.000015519
120	380	0.000016306
120	380	0.000015494
120	380	0.000015581
120	380	0.000016250
120	380	0.000015469
120	380	0.000016290
120	380	0.000015435
120	380	0.000015503
120	380	0.000015551
120	380	0.000015480
120	380	0.000015360
120	380	0.000016298
120	380	0.000015519
120	380	0.000015495
120	380	0.000015522
120	380	0.000015507
120	380	0.000015473
120	380	0.000015468
120	380	0.000015526
120	380	0.000016289
120	380	0.000015498
120	380	0.000016347
120	380	0.000015545
120	380	0.000016273
120	380	0.000015516
120	380	0.000015631
120	380	0.000016290
120	380	0.000015459
120	380	0.000015551
120	380	0.000015540
120	380	0.000016295
120	380	0.000015448
120	380	0.000016284
120	380	0.000015483
120	380	0.000015565
120	380	0.000016960
120	380	0.000016019
120	380	0.000015487
120	380	0.000016269
120	380	0.000015560
120	380	0.000015454
120	380	0.000015434
120	380	0.000015468
120	380	0.000016310
120	380	0.000015433
120	380	0.000015159
120	380	0.000015516
120	380	0.000015557
120	380	0.000015504
120	380	0.000015500
120	380	0.000015470
120	380	0.000015430
120	380	0.000015572
120	380	0.000015522
120	380	0.000016468
120	380	0.000015456
120	380	0.000015456
120	380	0.000024704
120	380	0.000015549
120	380	0.000026753
120	380	0.000015479
120	380	0.000015506
120	380	0.000015494
120	380	0.000015523
120	380	0.000015484
120	380	0.000015478
120	380	0.000015578
120	380	0.000016248
120	380	0.000015494
120	380	0.000015515
120	380	0.000015423
120	380	0.000015588
120	380	0.000015382
120	380	0.000016344
120	380	0.000020611
120	380	0.000015462
120	380	0.000016267
120	380	0.000015496
120	380	0.000015483
120	380	0.000015475
120	380	0.000015506
120	380	0.000016592
120	380	0.000015473
120	380	0.000015547
120	380	0.000015551
120	380	0.000015556
120	380	0.000015564
120	380	0.000016376
120	380	0.000015628
120	380	0.000015564
120	380	0.000021101
120	380	0.000016303
120	380	0.000020564
120	380	0.000015416
120	380	0.000015480
120	380	0.000015584
120	380	0.000015637
120	510	0.000021335
120	510	0.000020345
120	510	0.000021360
120	510	0.000021353
120	510	0.000020250
120	510	0.000020296
120	510	0.000020638
120	510	0.000020279
120	510	0.000021367
120	510	0.000020934
120	510	0.000020333
120	510	0.000021331
120	510	0.000021466
120	510	0.000020308
120	510	0.000020328
120	510	0.000021399
120	510	0.000020395
120	510	0.000020400
120	510	0.000020239
120	510	0.000020349
120	510	0.000021404
120	510	0.000020365
120	510	0.000020237
120	510	0.000020297
120	510	0.000020457
120	510	0.000020398
120	510	0.000020388
120	510	0.000020314
120	510	0.000020341
120	510	0.000020385
120	510	0.000021386
120	510	0.000021593
120	510	0.000020265
120	510	0.000020370
120	510	0.000020283
120	510	0.000020334
120	510	0.000020447
120	510	0.000020268
120	510	0.000020288
120	510	0.000022123
120	510	0.000021030
120	510	0.000022251
120	510	0.000021041
120	510	0.000022164
120	510	0.000022791
120	510	0.000022755
120	510	0.000022822
120	510	0.000023964
120	510	0.000022733
120	510	0.000022763
120	510	0.000029866
120	510	0.000024765
120	510	0.000024741
120	510	0.000023720
120	510	0.000023667
120	510	0.000023745
120	510	0.000024963
120	510	0.000023737
120	510	0.000027044
120	510	0.000027044
120	510	0.000027213
120	510	0.000027052
120	510	0.000027156
120	510	0.000031606
120	510	0.000031667
120	510	0.000031542
120	510	0.000031625
120	510	0.000031454
120	510	0.000031547
120	510	0.000031606
120	510	0.000037330
120	510	0.000035538
120	510	0.000047549
120	510	0.000037438
120	510	0.000035560
120	510	0.000035601
120	510	0.000037497
120	510	0.000035522
120	510	0.000035499
120	510	0.000037391
120	510	0.000035507
120	510	0.000035413
120	510	0.000038106
120	510	0.000038006
120	510	0.000035627
120	510	0.000035548
120	510	0.000035674
120	510	0.000035502
120	510	0.000035561
120	510	0.000037845
120	510	0.000035578
120	510	0.000035586
120	510	0.000037430
120	510	0.000037418
120	510	0.000035665
120	510	0.000035491
120	510	0.000035506
120	510	0.000037434
120	510	0.000035567
120	510	0.000035579
120	600	0.000025520
120	600	0.000031151
120	600	0.000025513
120	600	0.000025588
120	600	0.000025530
120	600	0.000024262
120	600	0.000025548
120	600	0.000024246
120	600	0.000024247
120	600	0.000025500
120	600	0.000024301
120	600	0.000024348
120	600	0.000024261
120	600	0.000025574
120	600	0.000025538
120	600	0.000024320
120	600	0.000025532
120	600	0.000024267
120	600	0.000024362
120	600	0.000024267
120	600	0.000024282
120	600	0.000024242
120	600	0.000024280
120	600	0.000024283
120	600	0.000024268
120	600	0.000025579
120	600	0.000024276
120	600	0.000024273
120	600	0.000025560
120	600	0.000024318
120	600	0.000024432
120	600	0.000024264
120	600	0.000024255
120	600	0.000024233
120	600	0.000024335
120	600	0.000024353
120	600	0.000024288
120	600	0.000024286
120	600	0.000024282
120	600	0.000025548
120	600	0.000025628
120	600	0.000024370
120	600	0.000025554
120	600	0.000025790
120	600	0.000024245
120	600	0.000025611
120	600	0.000025546
120	600	0.000024283
120	600	0.000024322
120	600	0.000025577
120	600	0.000026577
120	600	0.000025258
120	600	0.000025182
120	600	0.000024355
120	600	0.000025476
120	600	0.000024267
120	600	0.000024366
120	600	0.000024320
120	600	0.000024338
120	600	0.000024265
120	600	0.000024394
120	600	0.000024189
120	600	0.000024250
120	600	0.000024339
120	600	0.000024271
120	600	0.000024314
120	600	0.000024445
120	600	0.000024301
120	600	0.000025544
120	600	0.000025530
120	600	0.000024343
120	600	0.000024308
120	600	0.000024248
120	600	0.000024263
120	600	0.000024359
120	600	0.000024298
120	600	0.000025530
120	600	0.000024368
120	600	0.000024233
120	600	0.000024279
120	600	0.000024312
120	600	0.000024251
120	600	0.000024234
120	600	0.000024020
120	600	0.000025291
120	600	0.000024237
120	600	0.000024259
120	600	0.000025606
120	600	0.000024219
120	600	0.000025512
120	600	0.000025520
120	600	0.000024287
120	600	0.000024234
120	600	0.000025537
120	600	0.000024325
120	600	0.000024279
120	600	0.000025552
120	600	0.000025545
120	600	0.000024246
120	600	0.000024327
250	128	0.000008675
250	128	0.000008770
250	128	0.000008576
250	128	0.000008619
250	128	0.000008584
250	128	0.000009589
250	128	0.000008504
250	128	0.000008445
250	128	0.000008617
250	128	0.000008703
250	128	0.000008953
250	128	0.000008589
250	128	0.000008739
250	128	0.000008720
250	128	0.000008882
250	128	0.000008648
250	128	0.000008929
250	128	0.000012938
250	128	0.000008564
250	128	0.000011061
250	128	0.000008525
250	128	0.000008530
250	128	0.000008479
250	128	0.000009203
250	128	0.000009114
250	128	0.000009526
250	128	0.000009704
250	128	0.000008878
250	128	0.000013721
250	128	0.000008993
250	128	0.000012782
250	128	0.000010000
250	128	0.000009651
250	128	0.000008856
250	128	0.000008890
250	128	0.000009654
250	128	0.000008815
250	128	0.000009143
250	128	0.000008378
250	128	0.000009312
250	128	0.000010249
250	128	0.000009374
250	128	0.000008738
250	128	0.000011064
250	128	0.000009522
250	128	0.000010206
250	128	0.000008576
250	128	0.000009969
250	128	0.000008670
250	128	0.000008713
250	128	0.000010967
250	128	0.000008554
250	128	0.000013129
250	128	0.000008583
250	128	0.000011046
250	128	0.000008607
250	128	0.000008390
250	128	0.000008919
250	128	0.000011288
250	128	0.000009603
250	128	0.000009243
250	128	0.000009078
250	128	0.000009334
250	128	0.000008803
250	128	0.000008659
250	128	0.000009400
250	128	0.000009188
250	128	0.000010891
250	128	0.000012879
250	128	0.000009388
250	128	0.000008576
250	128	0.000010498
250	128	0.000011005
250	128	0.000011152
250	128	0.000009626
250	128	0.000011442
250	128	0.000009474
250	128	0.000009580
250	128	0.000009871
250	128	0.000009377
250	128	0.000011078
250	128	0.000009388
250	128	0.000010981
250	128	0.000011270
250	128	0.000009290
250	128	0.000009918
250	128	0.000012016
250	128	0.000008479
250	128	0.000010190
250	128	0.000008335
250	128	0.000009040
250	128	0.000010015
250	128	0.000008719
250	128	0.000009110
250	128	0.000009396
250	128	0.000008728
250	128	0.000009359
250	128	0.000009543
250	128	0.000008736
250	128	0.000011687
250	256	0.000020812
250	256	0.000019903
250	256	0.000028303
250	256	0.000019194
250	256	0.000023270
250	256	0.000028262
250	256	0.000019035
250	256	0.000019860
250	256	0.000021427
250	256	0.000018914
250	256	0.000024730
250	256	0.000019104
250	256	0.000019040
250	256	0.000024257
250	256	0.000018959
250	256	0.000018886
250	256	0.000019089
250	256	0.000028366
250	256	0.000021786
250	256	0.000027878
250	256	0.000018975
250	256	0.000021145
250	256	0.000019122
250	256	0.000020176
250	256	0.000019013
250	256	0.000019847
250	256	0.000026921
250	256	0.000019364
250	256	0.000021060
250	256	0.000019914
250	256	0.000023337
250	256	0.000025392
250	256	0.000019928
250	256	0.000019774
250	256	0.000019705
250	256	0.000019809
250	256	0.000024881
250	256	0.000021910
250	256	0.000022272
250	256	0.000022092
250	256	0.000036546
250	256	0.000023350
250	256	0.000022288
250	256	0.000023369
250	256	0.000021418
250	256	0.000021897
250	256	0.000032393
250	256	0.000023926
250	256	0.000023960
250	256	0.000026497
250	256	0.000027751
250	256	0.000039306
250	256	0.000032790
250	256	0.000029909
250	256	0.000028517
250	256	0.000031736
250	256	0.000027790
250	256	0.000031670
250	256	0.000031592
250	256	0.000032796
250	256	0.000039926
250	256	0.000035077
250	256	0.000035269
250	256	0.000033354
250	256	0.000033406
250	256	0.000033331
250	256	0.000033214
250	256	0.000033933
250	256	0.000033614
250	256	0.000033318
250	256	0.000034251
250	256	0.000033123
250	256	0.000035541
250	256	0.000036972
250	256	0.000035407
250	256	0.000035412
250	256	0.000047609
250	256	0.000043507
250	256	0.000042864
250	256	0.000033108
250	256	0.000033642
250	256	0.000032729
250	256	0.000043470
250	256	0.000033510
250	256	0.000032780
250	256	0.000035073
250	256	0.000033115
250	256	0.000035359
250	256	0.000047181
250	256	0.000039857
250	256	0.000049394
250	256	0.000040554
250	256	0.000042447
250	256	0.000033073
250	256	0.000033018
250	256	0.000033046
250	256	0.000033615
250	256	0.000047882
250	256	0.000033093
250	256	0.000033275
250	380	0.000039130
250	380	0.000025908
250	380	0.000039852
250	380	0.000026006
250	380	0.000025915
250	380	0.000025901
250	380	0.000032966
250	380	0.000039126
250	380	0.000025810
250	380	0.000027347
250	380	0.000038104
250	380	0.000030438
250	380	0.000026014
250	380	0.000033590
250	380	0.000025798
250	380	0.000033675
250	380	0.000039095
250	380	0.000026473
250	380	0.000034425
250	380	0.000027047
250	380	0.000036330
250	380	0.000025442
250	380	0.000025760
250	380	0.000025808
250	380	0.000029349
250	380	0.000025923
250	380	0.000025234
250	380	0.000031550
250	380	0.000037165
250	380	0.000026794
250	380	0.000036652
250	380	0.000032972
250	380	0.000026196
250	380	0.000028390
250	380	0.000027503
250	380	0.000027555
250	380	0.000026231
250	380	0.000036270
250	380	0.000026702
250	380	0.000025828
250	380	0.000038995
250	380	0.000029579
250	380	0.000025976
250	380	0.000037862
250	380	0.000037815
250	380	0.000025974
250	380	0.000025871
250	380	0.000038616
250	380	0.000026867
250	380	0.000027961
250	380	0.000026420
250	380	0.000026075
250	380	0.000025931
250	380	0.000039028
250	380	0.000025870
250	380	0.000027617
250	380	0.000037149
250	380	0.000036850
250	380	0.000029041
250	380	0.000026734
250	380	0.000026009
250	380	0.000025847
250	380	0.000025375
250	380	0.000026654
250	380	0.000026074
250	380	0.000025456
250	380	0.000025979
250	380	0.000025923
250	380	0.000026631
250	380	0.000026157
250	380	0.000039839
250	380	0.000027339
250	380	0.000029400
250	380	0.000026920
250	380	0.000039058
250	380	0.000026321
250	380	0.000028042
250	380	0.000025947
250	380	0.000033334
250	380	0.000026023
250	380	0.000026217
250	380	0.000027154
250	380	0.000025903
250	380	0.000034805
250	380	0.000026016
250	380	0.000026096
250	380	0.000033044
250	380	0.000026811
250	380	0.000029982
250	380	0.000026125
250	380	0.000027756
250	380	0.000026723
250	380	0.000038442
250	380	0.000025997
250	380	0.000024832
250	380	0.000025995
250	380	0.000025756
250	380	0.000038092
250	380	0.000030958
250	380	0.000025557
250	510	0.000047728
250	510	0.000033773
250	510	0.000035495
250	510	0.000033684
250	510	0.000033880
250	510	0.000047758
250	510	0.000048039
250	510	0.000036349
250	510	0.000033792
250	510	0.000035440
250	510	0.000051609
250	510	0.000046089
250	510	0.000050287
250	510	0.000033701
250	510	0.000034984
250	510	0.000044495
250	510	0.000034634
250	510	0.000051652
250	510	0.000033988
250	510	0.000044072
250	510	0.000047619
250	510	0.000035314
250	510	0.000042026
250	510	0.000033797
250	510	0.000045395
250	510	0.000035238
250	510	0.000035563
250	510	0.000047510
250	510	0.000033818
250	510	0.000033828
250	510	0.000048338
250	510	0.000052553
250	510	0.000033749
250	510	0.000033804
250	510	0.000039840
250	510	0.000038614
250	510	0.000033678
250	510	0.000035185
250	510	0.000040259
250	510	0.000033871
250	510	0.000034592
250	510	0.000034080
250	510	0.000052530
250	510	0.000034904
250	510	0.000035718
250	510	0.000039921
250	510	0.000035269
250	510	0.000033772
250	510	0.000040761
250	510	0.000049330
250	510	0.000050040
250	510	0.000036046
250	510	0.000038544
250	510	0.000037475
250	510	0.000040877
250	510	0.000048530
250	510	0.000033647
250	510	0.000037212
250	510	0.000033835
250	510	0.000038268
250	510	0.000039527
250	510	0.000035317
250	510	0.000037262
250	510	0.000042845
250	510	0.000034302
250	510	0.000034645
250	510	0.000033853
250	510	0.000037429
250	510	0.000048348
250	510	0.000048523
250	510	0.000033869
250	510	0.000047877
250	510	0.000050005
250	510	0.000033962
250	510	0.000039675
250	510	0.000051599
250	510	0.000034462
250	510	0.000044164
250	510	0.000051737
250	510	0.000034845
250	510	0.000036202
250	510	0.000033989
250	510	0.000038752
250	510	0.000034050
250	510	0.000051546
250	510	0.000033929
250	510	0.000033644
250	510	0.000033800
250	510	0.000034494
250	510	0.000033286
250	510	0.000035251
250	510	0.000033617
250	510	0.000034931
250	510	0.000033645
250	510	0.000035310
250	510	0.000033907
250	510	0.000034399
250	510	0.000034842
250	510	0.000033873
250	510	0.000033750
250	600	0.000040531
250	600	0.000041679
250	600	0.000046176
250	600	0.000040316
250	600	0.000042950
250	600	0.000040605
250	600	0.000040605
250	600	0.000040754
250	600	0.000057346
250	600	0.000055591
250	600	0.000057618
250	600	0.000061588
250	600	0.000060335
250	600	0.000061472
250	600	0.000040505
250	600	0.000040273
250	600	0.000040620
250	600	0.000050558
250	600	0.000041039
250	600	0.000063994
250	600	0.000042483
250	600	0.000054731
250	600	0.000055482
250	600	0.000061111
250	600	0.000040818
250	600	0.000046837
250	600	0.000040986
250	600	0.000041974
250	600	0.000061073
250	600	0.000043274
250	600	0.000041779
250	600	0.000041432
250	600	0.000041147
250	600	0.000040221
250	600	0.000054058
250	600	0.000040798
250	600	0.000040242
250	600	0.000041622
250	600	0.000064743
250	600	0.000040754
250	600	0.000041021
250	600	0.000040612
250	600	0.000040673
250	600	0.000040514
250	600	0.000043712
250	600	0.000040553
250	600	0.000040579
250	600	0.000058009
250	600	0.000040584
250	600	0.000040750
250	600	0.000057954
250	600	0.000040704
250	600	0.000055025
250	600	0.000041029
250	600	0.000042034
250	600	0.000040754
250	600	0.000043588
250	600	0.000041028
250	600	0.000040564
250	600	0.000040779
250	600	0.000079637
250	600	0.000061648
250	600	0.000040073
250	600	0.000042271
250	600	0.000047004
250	600	0.000040566
250	600	0.000045522
250	600	0.000040641
250	600	0.000076369
250	600	0.000044725
250	600	0.000054073
250	600	0.000057268
250	600	0.000047725
250	600	0.000040800
250	600	0.000040587
250	600	0.000040522
250	600	0.000076142
250	600	0.000043207
250	600	0.000057153
250	600	0.000053791
250	600	0.000048380
250	600	0.000059651
250	600	0.000040532
250	600	0.000040539
250	600	0.000070107
250	600	0.000040574
250	600	0.000041210
250	600	0.000041308
250	600	0.000048221
250	600	0.000042398
250	600	0.000041312
250	600	0.000040681
250	600	0.000040938
250	600	0.000040720
250	600	0.000055619
250	600	0.000044298
250	600	0.000041514
250	600	0.000061631
250	600	0.000060233
250	600	0.000041942
380	128	0.000018264
380	128	0.000016864
380	128	0.000018274
380	128	0.000018487
380	128	0.000018288
380	128	0.000018544
380	128	0.000018594
380	128	0.000016705
380	128	0.000018273
380	128	0.000018231
380	128	0.000016899
380	128	0.000018522
380	128	0.000017173
380	128	0.000018564
380	128	0.000018666
380	128	0.000018449
380	128	0.000018295
380	128	0.000018289
380	128	0.000018497
380	128	0.000018242
380	128	0.000018478
380	128	0.000018301
380	128	0.000017037
380	128	0.000017131
380	128	0.000018220
380	128	0.000018288
380	128	0.000018359
380	128	0.000018472
380	128	0.000018668
380	128	0.000018224
380	128	0.000018297
380	128	0.000018508
380	128	0.000018186
380	128	0.000018508
380	128	0.000018471
380	128	0.000018357
380	128	0.000018265
380	128	0.000018347
380	128	0.000018650
380	128	0.000021068
380	128	0.000020572
380	128	0.000018288
380	128	0.000018369
380	128	0.000018696
380	128	0.000018331
380	128	0.000018457
380	128	0.000018709
380	128	0.000018740
380	128	0.000016961
380	128	0.000019285
380	128	0.000018305
380	128	0.000018320
380	128	0.000018294
380	128	0.000018335
380	128	0.000018235
380	128	0.000018313
380	128	0.000018309
380	128	0.000018110
380	128	0.000016666
380	128	0.000018601
380	128	0.000018507
380	128	0.000018496
380	128	0.000018352
380	128	0.000018352
380	128	0.000018858
380	128	0.000018303
380	128	0.000018545
380	128	0.000018706
380	128	0.000018525
380	128	0.000018554
380	128	0.000018475
380	128	0.000018642
380	128	0.000018421
380	128	0.000018442
380	128	0.000018311
380	128	0.000018741
380	128	0.000018278
380	128	0.000018291
380	128	0.000018146
380	128	0.000016693
380	128	0.000018233
380	128	0.000016699
380	128	0.000018522
380	128	0.000018493
380	128	0.000018569
380	128	0.000018587
380	128	0.000017170
380	128	0.000018261
380	128	0.000018544
380	128	0.000018285
380	128	0.000018308
380	128	0.000018424
380	128	0.000018555
380	128	0.000018491
380	128	0.000018366
380	128	0.000018352
380	128	0.000018533
380	128	0.000018265
380	128	0.000018286
380	128	0.000018428
380	256	0.000039884
380	256	0.000040066
380	256	0.000039438
380	256	0.000039357
380	256	0.000036486
380	256	0.000039994
380	256	0.000039330
380	256	0.000036543
380	256	0.000040267
380	256	0.000039416
380	256	0.000039467
380	256	0.000035749
380	256	0.000039856
380	256	0.000039652
380	256	0.000039423
380	256	0.000036988
380	256	0.000039585
380	256	0.000038746
380	256	0.000039882
380	256	0.000039412
380	256	0.000039983
380	256	0.000039389
380	256	0.000039422
380	256	0.000040006
380	256	0.000039244
380	256	0.000044442
380	256	0.000039471
380	256	0.000039470
380	256	0.000039962
380	256	0.000040340
380	256	0.000039600
380	256	0.000045858
380	256	0.000039430
380	256	0.000039217
380	256	0.000039504
380	256	0.000046590
380	256	0.000039366
380	256	0.000054348
380	256	0.000039655
380	256	0.000044400
380	256	0.000039676
380	256	0.000039504
380	256	0.000040237
380	256	0.000040522
380	256	0.000039934
380	256	0.000036631
380	256	0.000039470
380	256	0.000036988
380	256	0.000039948
380	256	0.000038992
380	256	0.000040174
380	256	0.000039506
380	256	0.000040037
380	256	0.000039892
380	256	0.000039666
380	256	0.000039400
380	256	0.000039462
380	256	0.000039220
380	256	0.000044514
380	256	0.000039985
380	256	0.000039909
380	256	0.000040166
380	256	0.000036445
380	256	0.000039446
380	256	0.000036279
380	256	0.000049823
380	256	0.000039441
380	256	0.000040094
380	256	0.000040166
380	256	0.000036315
380	256	0.000037009
380	256	0.000035597
380	256	0.000036769
380	256	0.000040145
380	256	0.000039338
380	256	0.000036659
380	256	0.000039409
380	256	0.000039501
380	256	0.000039343
380	256	0.000039602
380	256	0.000040103
380	256	0.000039318
380	256	0.000036952
380	256	0.000039722
380	256	0.000037202
380	256	0.000040009
380	256	0.000039452
380	256	0.000040008
380	256	0.000039903
380	256	0.000039947
380	256	0.000039889
380	256	0.000039279
380	256	0.000036511
380	256	0.000039988
380	256	0.000036442
380	256	0.000039392
380	256	0.000039473
380	256	0.000038502
380	256	0.000040006
380	256	0.000040259
380	380	0.000055810
380	380	0.000054976
380	380	0.000055285
380	380	0.000055786
380	380	0.000055037
380	380	0.000055804
380	380	0.000050990
380	380	0.000055852
380	380	0.000054929
380	380	0.000055795
380	380	0.000055311
380	380	0.000055901
380	380	0.000055053
380	380	0.000055120
380	380	0.000055046
380	380	0.000055918
380	380	0.000055330
380	380	0.000050602
380	380	0.000055010
380	380	0.000055819
380	380	0.000055843
380	380	0.000055082
380	380	0.000055834
380	380	0.000055837
380	380	0.000055261
380	380	0.000055101
380	380	0.000055047
380	380	0.000055089
380	380	0.000055723
380	380	0.000055013
380	380	0.000056018
380	380	0.000055137
380	380	0.000067176
380	380	0.000051570
380	380	0.000055180
380	380	0.000056232
380	380	0.000050801
380	380	0.000056046
380	380	0.000056073
380	380	0.000052800
380	380	0.000053387
380	380	0.000057083
380	380	0.000057100
380	380	0.000057012
380	380	0.000066854
380	380	0.000066984
380	380	0.000066860
380	380	0.000055941
380	380	0.000054887
380	380	0.000056087
380	380	0.000056265
380	380	0.000059766
380	380	0.000077355
380	380	0.000084803
380	380	0.000080192
380	380	0.000086942
380	380	0.000087005
380	380	0.000085535
380	380	0.000077473
380	380	0.000078425
380	380	0.000077098
380	380	0.000083283
380	380	0.000078521
380	380	0.000077114
380	380	0.000077129
380	380	0.000071667
380	380	0.000078183
380	380	0.000082590
380	380	0.000082315
380	380	0.000082722
380	380	0.000091122
380	380	0.000091081
380	380	0.000090596
380	380	0.000090460
380	380	0.000111372
380	380	0.000082555
380	380	0.000080768
380	380	0.000085840
380	380	0.000091996
380	380	0.000106646
380	380	0.000091754
380	380	0.000097892
380	380	0.000090130
380	380	0.000097908
380	380	0.000096291
380	380	0.000096274
380	380	0.000094743
380	380	0.000096001
380	380	0.000096853
380	380	0.000096248
380	380	0.000096196
380	380	0.000088800
380	380	0.000096165
380	380	0.000098070
380	380	0.000096442
380	380	0.000088927
380	380	0.000088473
380	380	0.000097847
380	380	0.000097689
380	380	0.000097787
380	510	0.000066624
380	510	0.000072597
380	510	0.000078782
380	510	0.000073558
380	510	0.000073609
380	510	0.000072273
380	510	0.000073433
380	510	0.000072511
380	510	0.000066546
380	510	0.000077230
380	510	0.000073565
380	510	0.000072294
380	510	0.000073663
380	510	0.000073550
380	510	0.000066227
380	510	0.000072685
380	510	0.000073551
380	510	0.000072620
380	510	0.000074184
380	510	0.000073636
380	510	0.000072344
380	510	0.000072276
380	510	0.000072578
380	510	0.000079492
380	510	0.000072316
380	510	0.000079125
380	510	0.000071650
380	510	0.000077885
380	510	0.000079417
380	510	0.000079341
380	510	0.000081425
380	510	0.000082284
380	510	0.000081256
380	510	0.000074897
380	510	0.000085803
380	510	0.000083582
380	510	0.000085843
380	510	0.000084338
380	510	0.000086074
380	510	0.000096676
380	510	0.000096697
380	510	0.000088147
380	510	0.000098100
380	510	0.000102768
380	510	0.000101455
380	510	0.000102785
380	510	0.000103328
380	510	0.000121450
380	510	0.000119232
380	510	0.000120919
380	510	0.000129078
380	510	0.000128929
380	510	0.000126568
380	510	0.000126443
380	510	0.000126529
380	510	0.000127059
380	510	0.000126555
380	510	0.000118424
380	510	0.000126609
380	510	0.000127049
380	510	0.000128827
380	510	0.000116650
380	510	0.000126686
380	510	0.000126763
380	510	0.000116070
380	510	0.000126752
380	510	0.000126653
380	510	0.000128524
380	510	0.000127134
380	510	0.000129137
380	510	0.000162192
380	510	0.000137795
380	510	0.000115977
380	510	0.000126607
380	510	0.000126700
380	510	0.000119282
380	510	0.000135030
380	510	0.000135741
380	510	0.000119610
380	510	0.000128463
380	510	0.000126720
380	510	0.000127150
380	510	0.000118202
380	510	0.000129213
380	510	0.000126726
380	510	0.000126426
380	510	0.000126369
380	510	0.000126947
380	510	0.000116409
380	510	0.000128909
380	510	0.000117841
380	510	0.000128936
380	510	0.000137263
380	510	0.000137448
380	510	0.000133762
380	510	0.000121023
380	510	0.000119239
380	510	0.000127043
380	510	0.000126206
380	510	0.000117955
380	600	0.000087951
380	600	0.000087782
380	600	0.000086698
380	600	0.000087722
380	600	0.000087862
380	600	0.000080447
380	600	0.000096402
380	600	0.000087960
380	600	0.000086305
380	600	0.000080725
380	600	0.000086215
380	600	0.000091158
380	600	0.000086126
380	600	0.000087776
380	600	0.000087624
380	600	0.000086285
380	600	0.000087998
380	600	0.000088068
380	600	0.000090678
380	600	0.000088138
380	600	0.000090687
380	600	0.000087855
380	600	0.000079773
380	600	0.000087935
380	600	0.000087828
380	600	0.000096134
380	600	0.000082447
380	600	0.000089686
380	600	0.000089574
380	600	0.000089539
380	600	0.000119324
380	600	0.000104965
380	600	0.000098162
380	600	0.000110530
380	600	0.000120960
380	600	0.000123281
380	600	0.000123148
380	600	0.000113162
380	600	0.000120932
380	600	0.000122116
380	600	0.000123065
380	600	0.000121090
380	600	0.000136871
380	600	0.000139673
380	600	0.000146391
380	600	0.000142069
380	600	0.000130853
380	600	0.000142088
380	600	0.000151232
380	600	0.000158335
380	600	0.000153714
380	600	0.000151699
380	600	0.000150180
380	600	0.000164391
380	600	0.000153874
380	600	0.000150987
380	600	0.000151214
380	600	0.000163468
380	600	0.000150531
380	600	0.000153568
380	600	0.000153813
380	600	0.000139200
380	600	0.000151130
380	600	0.000151008
380	600	0.000164037
380	600	0.000139228
380	600	0.000151411
380	600	0.000152214
380	600	0.000144398
380	600	0.000179267
380	600	0.000158985
380	600	0.000163348
380	600	0.000153602
380	600	0.000178799
380	600	0.000153975
380	600	0.000166634
380	600	0.000162538
380	600	0.000155838
380	600	0.000161980
380	600	0.000149047
380	600	0.000153483
380	600	0.000154063
380	600	0.000151084
380	600	0.000151290
380	600	0.000153840
380	600	0.000154194
380	600	0.000154474
380	600	0.000161551
380	600	0.000153462
380	600	0.000139497
380	600	0.000151228
380	600	0.000162769
380	600	0.000133214
380	600	0.000151037
380	600	0.000154011
380	600	0.000153897
380	600	0.000151609
380	600	0.000141092
380	600	0.000153575
380	600	0.000153822
510	128	0.000020900
510	128	0.000022394
510	128	0.000022210
510	128	0.000020607
510	128	0.000022402
510	128	0.000022114
510	128	0.000020938
510	128	0.000022149
510	128	0.000022422
510	128	0.000022379
510	128	0.000022177
510	128	0.000022350
510	128	0.000022328
510	128	0.000022159
510	128	0.000022232
510	128	0.000022276
510	128	0.000022390
510	128	0.000022060
510	128	0.000022230
510	128	0.000022470
510	128	0.000022325
510	128	0.000022284
510	128	0.000022749
510	128	0.000022297
510	128	0.000022381
510	128	0.000022210
510	128	0.000022192
510	128	0.000022377
510	128	0.000022305
510	128	0.000022140
510	128	0.000022505
510	128	0.000022538
510	128	0.000020768
510	128	0.000022424
510	128	0.000022538
510	128	0.000020553
510	128	0.000022364
510	128	0.000022165
510	128	0.000022185
510	128	0.000026361
510	128	0.000025942
510	128	0.000022257
510	128	0.000022257
510	128	0.000022179
510	128	0.000022396
510	128	0.000022324
510	128	0.000022424
510	128	0.000021071
510	128	0.000022422
510	128	0.000022221
510	128	0.000027558
510	128	0.000022165
510	128	0.000022001
510	128	0.000022629
510	128	0.000022408
510	128	0.000020622
510	128	0.000026924
510	128	0.000022353
510	128	0.000022412
510	128	0.000022413
510	128	0.000022087
510	128	0.000022153
510	128	0.000022049
510	128	0.000022396
510	128	0.000021106
510	128	0.000020610
510	128	0.000022555
510	128	0.000022408
510	128	0.000022131
510	128	0.000022706
510	128	0.000022317
510	128	0.000022397
510	128	0.000022334
510	128	0.000022019
510	128	0.000022329
510	128	0.000022157
510	128	0.000021153
510	128	0.000022199
510	128	0.000022524
510	128	0.000022369
510	128	0.000022507
510	128	0.000022227
510	128	0.000020775
510	128	0.000022292
510	128	0.000022010
510	128	0.000020511
510	128	0.000022509
510	128	0.000022454
510	128	0.000022252
510	128	0.000021189
510	128	0.000022432
510	128	0.000022566
510	128	0.000022401
510	128	0.000022387
510	128	0.000022341
510	128	0.000022189
510	128	0.000022193
510	128	0.000022627
510	128	0.000022231
510	128	0.000022215
510	256	0.000048249
510	256	0.000048853
510	256	0.000048722
510	256	0.000045274
510	256	0.000055323
510	256	0.000048823
510	256	0.000048225
510	256	0.000048147
510	256	0.000048899
510	256	0.000045948
510	256	0.000048290
510	256	0.000049043
510	256	0.000048698
510	256	0.000053448
510	256	0.000048254
510	256	0.000061025
510	256	0.000046095
510	256	0.000048717
510	256	0.000048253
510	256	0.000048239
510	256	0.000048287
510	256	0.000048781
510	256	0.000048239
510	256	0.000048231
510	256	0.000047618
510	256	0.000045334
510	256	0.000048227
510	256	0.000048809
510	256	0.000045313
510	256	0.000048762
510	256	0.000048335
510	256	0.000046061
510	256	0.000043931
510	256	0.000048444
510	256	0.000048216
510	256	0.000051974
510	256	0.000052639
510	256	0.000048666
510	256	0.000052370
510	256	0.000048664
510	256	0.000057743
510	256	0.000062051
510	256	0.000072486
510	256	0.000062036
510	256	0.000061333
510	256	0.000080413
510	256	0.000080670
510	256	0.000079350
510	256	0.000082647
510	256	0.000084370
510	256	0.000085469
510	256	0.000085292
510	256	0.000084249
510	256	0.000079347
510	256	0.000089015
510	256	0.000084283
510	256	0.000085341
510	256	0.000079028
510	256	0.000084417
510	256	0.000085251
510	256	0.000084285
510	256	0.000084464
510	256	0.000079352
510	256	0.000084628
510	256	0.000085675
510	256	0.000084719
510	256	0.000085303
510	256	0.000079501
510	256	0.000079008
510	256	0.000080534
510	256	0.000085403
510	256	0.000094296
510	256	0.000079137
510	256	0.000084667
510	256	0.000084336
510	256	0.000085362
510	256	0.000079624
510	256	0.000084392
510	256	0.000079148
510	256	0.000084283
510	256	0.000084316
510	256	0.000085026
510	256	0.000084843
510	256	0.000085392
510	256	0.000085261
510	256	0.000079554
510	256	0.000101373
510	256	0.000094003
510	256	0.000084404
510	256	0.000085315
510	256	0.000084291
510	256	0.000080155
510	256	0.000090324
510	256	0.000080413
510	256	0.000080564
510	256	0.000084663
510	256	0.000085429
510	256	0.000085503
510	256	0.000085407
510	256	0.000085935
510	380	0.000063570
510	380	0.000067020
510	380	0.000068082
510	380	0.000067138
510	380	0.000067047
510	380	0.000072652
510	380	0.000067898
510	380	0.000066900
510	380	0.000067844
510	380	0.000067036
510	380	0.000067787
510	380	0.000067409
510	380	0.000072921
510	380	0.000067014
510	380	0.000066934
510	380	0.000067051
510	380	0.000067094
510	380	0.000067020
510	380	0.000067291
510	380	0.000067255
510	380	0.000062578
510	380	0.000072106
510	380	0.000063505
510	380	0.000077341
510	380	0.000067008
510	380	0.000067149
510	380	0.000067112
510	380	0.000068248
510	380	0.000067932
510	380	0.000067125
510	380	0.000066966
510	380	0.000067318
510	380	0.000067025
510	380	0.000067519
510	380	0.000068344
510	380	0.000067116
510	380	0.000067220
510	380	0.000068017
510	380	0.000068049
510	380	0.000067279
510	380	0.000067104
510	380	0.000066978
510	380	0.000067151
510	380	0.000066992
510	380	0.000067988
510	380	0.000062848
510	380	0.000066830
510	380	0.000067211
510	380	0.000067743
510	380	0.000067135
510	380	0.000074620
510	380	0.000075078
510	380	0.000075401
510	380	0.000075114
510	380	0.000097467
510	380	0.000076316
510	380	0.000094035
510	380	0.000095658
510	380	0.000067843
510	380	0.000062787
510	380	0.000067911
510	380	0.000063450
510	380	0.000068463
510	380	0.000067981
510	380	0.000066987
510	380	0.000067268
510	380	0.000067929
510	380	0.000063770
510	380	0.000062563
510	380	0.000067117
510	380	0.000066875
510	380	0.000063824
510	380	0.000067288
510	380	0.000067936
510	380	0.000066785
510	380	0.000105476
510	380	0.000098550
510	380	0.000100076
510	380	0.000099049
510	380	0.000111421
510	380	0.000104033
510	380	0.000105716
510	380	0.000105850
510	380	0.000104389
510	380	0.000136723
510	380	0.000119116
510	380	0.000117619
510	380	0.000118966
510	380	0.000118686
510	380	0.000117358
510	380	0.000109813
510	380	0.000117784
510	380	0.000117289
510	380	0.000117309
510	380	0.000117445
510	380	0.000118874
510	380	0.000124132
510	380	0.000128047
510	380	0.000117322
510	380	0.000118824
510	510	0.000083433
510	510	0.000087902
510	510	0.000094350
510	510	0.000089134
510	510	0.000083726
510	510	0.000089417
510	510	0.000089108
510	510	0.000089151
510	510	0.000089458
510	510	0.000088075
510	510	0.000082018
510	510	0.000089093
510	510	0.000089071
510	510	0.000087913
510	510	0.000102851
510	510	0.000089527
510	510	0.000089095
510	510	0.000087859
510	510	0.000088089
510	510	0.000088291
510	510	0.000088713
510	510	0.000081906
510	510	0.000089246
510	510	0.000089032
510	510	0.000088005
510	510	0.000083113
510	510	0.000089357
510	510	0.000089316
510	510	0.000089030
510	510	0.000081920
510	510	0.000091943
510	510	0.000087968
510	510	0.000091970
510	510	0.000089058
510	510	0.000087928
510	510	0.000089017
510	510	0.000087185
510	510	0.000090797
510	510	0.000091181
510	510	0.000091494
510	510	0.000091678
510	510	0.000091278
510	510	0.000108967
510	510	0.000108423
510	510	0.000109226
510	510	0.000100075
510	510	0.000108451
510	510	0.000119787
510	510	0.000117185
510	510	0.000115853
510	510	0.000125378
510	510	0.000129629
510	510	0.000135580
510	510	0.000131545
510	510	0.000129720
510	510	0.000131367
510	510	0.000131251
510	510	0.000129524
510	510	0.000145633
510	510	0.000135417
510	510	0.000151434
510	510	0.000164695
510	510	0.000162478
510	510	0.000160801
510	510	0.000153964
510	510	0.000146843
510	510	0.000153878
510	510	0.000145580
510	510	0.000156562
510	510	0.000145628
510	510	0.000145812
510	510	0.000153870
510	510	0.000155851
510	510	0.000154215
510	510	0.000156562
510	510	0.000156042
510	510	0.000156287
510	510	0.000156307
510	510	0.000146123
510	510	0.000156270
510	510	0.000153802
510	510	0.000172672
510	510	0.000164919
510	510	0.000155799
510	510	0.000154009
510	510	0.000155941
510	510	0.000154147
510	510	0.000153846
510	510	0.000156377
510	510	0.000154036
510	510	0.000153938
510	510	0.000154025
510	510	0.000155835
510	510	0.000154097
510	510	0.000156385
510	510	0.000153977
510	510	0.000153960
510	510	0.000156563
510	510	0.000154581
510	510	0.000155816
510	600	0.000112658
510	600	0.000105486
510	600	0.000099644
510	600	0.000105172
510	600	0.000105015
510	600	0.000106517
510	600	0.000110772
510	600	0.000106505
510	600	0.000106705
510	600	0.000105011
510	600	0.000105208
510	600	0.000106505
510	600	0.000099627
510	600	0.000106856
510	600	0.000106575
510	600	0.000098112
510	600	0.000099759
510	600	0.000106423
510	600	0.000098401
510	600	0.000106750
510	600	0.000106591
510	600	0.000106711
510	600	0.000112185
510	600	0.000105180
510	600	0.000106490
510	600	0.000106542
510	600	0.000106621
510	600	0.000106559
510	600	0.000106750
510	600	0.000106910
510	600	0.000105244
510	600	0.000106803
510	600	0.000099367
510	600	0.000105168
510	600	0.000109801
510	600	0.000105236
510	600	0.000113369
510	600	0.000136519
510	600	0.000113304
510	600	0.000107346
510	600	0.000145691
510	600	0.000149183
510	600	0.000150062
510	600	0.000147442
510	600	0.000175245
510	600	0.000153514
510	600	0.000165969
510	600	0.000176068
510	600	0.000173143
510	600	0.000173123
510	600	0.000186373
510	600	0.000186773
510	600	0.000186535
510	600	0.000186512
510	600	0.000187032
510	600	0.000174194
510	600	0.000171450
510	600	0.000186899
510	600	0.000184375
510	600	0.000187473
510	600	0.000184056
510	600	0.000186820
510	600	0.000269070
510	600	0.000192377
510	600	0.000199832
510	600	0.000195251
510	600	0.000184181
510	600	0.000184730
510	600	0.000192696
510	600	0.000186411
510	600	0.000183615
510	600	0.000186918
510	600	0.000186472
510	600	0.000184064
510	600	0.000187203
510	600	0.000183987
510	600	0.000186334
510	600	0.000186755
510	600	0.000186679
510	600	0.000184185
510	600	0.000183905
510	600	0.000184115
510	600	0.000196257
510	600	0.000175474
510	600	0.000172004
510	600	0.000184217
510	600	0.000183955
510	600	0.000186842
510	600	0.000183950
510	600	0.000184459
510	600	0.000186808
510	600	0.000195670
510	600	0.000186773
510	600	0.000187453
510	600	0.000183855
510	600	0.000184137
510	600	0.000173423
510	600	0.000184217
510	600	0.000184109
510	600	0.000183881
600	128	0.000034659
600	128	0.000028586
600	128	0.000028257
600	128	0.000028253
600	128	0.000026687
600	128	0.000028457
600	128	0.000028531
600	128	0.000028451
600	128	0.000028534
600	128	0.000028392
600	128	0.000028440
600	128	0.000028337
600	128	0.000028257
600	128	0.000027095
600	128	0.000028205
600	128	0.000028226
600	128	0.000028261
600	128	0.000028376
600	128	0.000028279
600	128	0.000028440
600	128	0.000028484
600	128	0.000028519
600	128	0.000028421
600	128	0.000026916
600	128	0.000028164
600	128	0.000028365
600	128	0.000028407
600	128	0.000028451
600	128	0.000028564
600	128	0.000027994
600	128	0.000028710
600	128	0.000028645
600	128	0.000026736
600	128	0.000028609
600	128	0.000028328
600	128	0.000028554
600	128	0.000028231
600	128	0.000028671
600	128	0.000028373
600	128	0.000028730
600	128	0.000028664
600	128	0.000028804
600	128	0.000028287
600	128	0.000028253
600	128	0.000030591
600	128	0.000030542
600	128	0.000028562
600	128	0.000028318
600	128	0.000026769
600	128	0.000027218
600	128	0.000055010
600	128	0.000028335
600	128	0.000028340
600	128	0.000028702
600	128	0.000033909
600	128	0.000028181
600	128	0.000027302
600	128	0.000028472
600	128	0.000028311
600	128	0.000028370
600	128	0.000028614
600	128	0.000028398
600	128	0.000028620
600	128	0.000028454
600	128	0.000028381
600	128	0.000028474
600	128	0.000028190
600	128	0.000028396
600	128	0.000028251
600	128	0.000028776
600	128	0.000028531
600	128	0.000028435
600	128	0.000028675
600	128	0.000028179
600	128	0.000028249
600	128	0.000028275
600	128	0.000028611
600	128	0.000028458
600	128	0.000028508
600	128	0.000028718
600	128	0.000028527
600	128	0.000028244
600	128	0.000028276
600	128	0.000028737
600	128	0.000028368
600	128	0.000028485
600	128	0.000028327
600	128	0.000028304
600	128	0.000028324
600	128	0.000037335
600	128	0.000028689
600	128	0.000028431
600	128	0.000028133
600	128	0.000028218
600	128	0.000028446
600	128	0.000028329
600	128	0.000028744
600	128	0.000028247
600	128	0.000028439
600	128	0.000028341
600	256	0.000061259
600	256	0.000061259
600	256	0.000058122
600	256	0.000061878
600	256	0.000061802
600	256	0.000058854
600	256	0.000066152
600	256	0.000061750
600	256	0.000061243
600	256	0.000061214
600	256	0.000061196
600	256	0.000061775
600	256	0.000061319
600	256	0.000061878
600	256	0.000062089
600	256	0.000061425
600	256	0.000060074
600	256	0.000065962
600	256	0.000061406
600	256	0.000061219
600	256	0.000061731
600	256	0.000061881
600	256	0.000061327
600	256	0.000061332
600	256	0.000058340
600	256	0.000061245
600	256	0.000061219
600	256	0.000061955
600	256	0.000061199
600	256	0.000061583
600	256	0.000061283
600	256	0.000058325
600	256	0.000061604
600	256	0.000061248
600	256	0.000061230
600	256	0.000069510
600	256	0.000066359
600	256	0.000074304
600	256	0.000066312
600	256	0.000066105
600	256	0.000063043
600	256	0.000066556
600	256	0.000061945
600	256	0.000062095
600	256	0.000061317
600	256	0.000062009
600	256	0.000061777
600	256	0.000070228
600	256	0.000075897
600	256	0.000072437
600	256	0.000072513
600	256	0.000068877
600	256	0.000072072
600	256	0.000074919
600	256	0.000075577
600	256	0.000075257
600	256	0.000075482
600	256	0.000070714
600	256	0.000064509
600	256	0.000066483
600	256	0.000062924
600	256	0.000065968
600	256	0.000064755
600	256	0.000066133
600	256	0.000066725
600	256	0.000066260
600	256	0.000073967
600	256	0.000066039
600	256	0.000066197
600	256	0.000058607
600	256	0.000061161
600	256	0.000060990
600	256	0.000061261
600	256	0.000061844
600	256	0.000061473
600	256	0.000061070
600	256	0.000061908
600	256	0.000061312
600	256	0.000058557
600	256	0.000061861
600	256	0.000061212
600	256	0.000061196
600	256	0.000061314
600	256	0.000063490
600	256	0.000061269
600	256	0.000058743
600	256	0.000058347
600	256	0.000058838
600	256	0.000081517
600	256	0.000061210
600	256	0.000061138
600	256	0.000061281
600	256	0.000061302
600	256	0.000061246
600	256	0.000061064
600	256	0.000058176
600	256	0.000061556
600	256	0.000062099
600	256	0.000061226
600	256	0.000061176
600	380	0.000085550
600	380	0.000085650
600	380	0.000086520
600	380	0.000085488
600	380	0.000081965
600	380	0.000086318
600	380	0.000086575
600	380	0.000086355
600	380	0.000086453
600	380	0.000086347
600	380	0.000086677
600	380	0.000086488
600	380	0.000086179
600	380	0.000086390
600	380	0.000081282
600	380	0.000086656
600	380	0.000086438
600	380	0.000134632
600	380	0.000085817
600	380	0.000086480
600	380	0.000085596
600	380	0.000086478
600	380	0.000085777
600	380	0.000085573
600	380	0.000081286
600	380	0.000085668
600	380	0.000085536
600	380	0.000085798
600	380	0.000085409
600	380	0.000081113
600	380	0.000089843
600	380	0.000086355
600	380	0.000092688
600	380	0.000081158
600	380	0.000088737
600	380	0.000085752
600	380	0.000086365
600	380	0.000081203
600	380	0.000082210
600	380	0.000094087
600	380	0.000092970
600	380	0.000092946
600	380	0.000091819
600	380	0.000092145
600	380	0.000109397
600	380	0.000106729
600	380	0.000109017
600	380	0.000110053
600	380	0.000114168
600	380	0.000114166
600	380	0.000114064
600	380	0.000115277
600	380	0.000119650
600	380	0.000121129
600	380	0.000119707
600	380	0.000113828
600	380	0.000133030
600	380	0.000127766
600	380	0.000134349
600	380	0.000134595
600	380	0.000141119
600	380	0.000133806
600	380	0.000142526
600	380	0.000150954
600	380	0.000149742
600	380	0.000149908
600	380	0.000142569
600	380	0.000141132
600	380	0.000140853
600	380	0.000149783
600	380	0.000149775
600	380	0.000152172
600	380	0.000160098
600	380	0.000142007
600	380	0.000149425
600	380	0.000158493
600	380	0.000157789
600	380	0.000151631
600	380	0.000149517
600	380	0.000151594
600	380	0.000151604
600	380	0.000151231
600	380	0.000149597
600	380	0.000142143
600	380	0.000149798
600	380	0.000149644
600	380	0.000143407
600	380	0.000150151
600	380	0.000149901
600	380	0.000149835
600	380	0.000149809
600	380	0.000151201
600	380	0.000151471
600	380	0.000143635
600	380	0.000162232
600	380	0.000142142
600	380	0.000142327
600	380	0.000151079
600	380	0.000149715
600	380	0.000159940
600	510	0.000112454
600	510	0.000113535
600	510	0.000112590
600	510	0.000112628
600	510	0.000107948
600	510	0.000112392
600	510	0.000112453
600	510	0.000112386
600	510	0.000112350
600	510	0.000112536
600	510	0.000112598
600	510	0.000112176
600	510	0.000118502
600	510	0.000113808
600	510	0.000113603
600	510	0.000112696
600	510	0.000112299
600	510	0.000117372
600	510	0.000112480
600	510	0.000113915
600	510	0.000112562
600	510	0.000110828
600	510	0.000131855
600	510	0.000112553
600	510	0.000112220
600	510	0.000112556
600	510	0.000112646
600	510	0.000116707
600	510	0.000116574
600	510	0.000117931
600	510	0.000110689
600	510	0.000121002
600	510	0.000122442
600	510	0.000122946
600	510	0.000122419
600	510	0.000147831
600	510	0.000121313
600	510	0.000131448
600	510	0.000132937
600	510	0.000131312
600	510	0.000127338
600	510	0.000127799
600	510	0.000119614
600	510	0.000120671
600	510	0.000125615
600	510	0.000144518
600	510	0.000135864
600	510	0.000145135
600	510	0.000143223
600	510	0.000159597
600	510	0.000149906
600	510	0.000143557
600	510	0.000135820
600	510	0.000137143
600	510	0.000155202
600	510	0.000135613
600	510	0.000143342
600	510	0.000165673
600	510	0.000165481
600	510	0.000173584
600	510	0.000204797
600	510	0.000211016
600	510	0.000177398
600	510	0.000198870
600	510	0.000192936
600	510	0.000199311
600	510	0.000188381
600	510	0.000198916
600	510	0.000196608
600	510	0.000188841
600	510	0.000196893
600	510	0.000199150
600	510	0.000199229
600	510	0.000224852
600	510	0.000199219
600	510	0.000205556
600	510	0.000187578
600	510	0.000229967
600	510	0.000198746
600	510	0.000192932
600	510	0.000197107
600	510	0.000193399
600	510	0.000198978
600	510	0.000196220
600	510	0.000198910
600	510	0.000188679
600	510	0.000196759
600	510	0.000196970
600	510	0.000185716
600	510	0.000224239
600	510	0.000212431
600	510	0.000199852
600	510	0.000196522
600	510	0.000198740
600	510	0.000198754
600	510	0.000198820
600	510	0.000200978
600	510	0.000209995
600	510	0.000210090
600	510	0.000208975
600	600	0.000140346
600	600	0.000134552
600	600	0.000134311
600	600	0.000134400
600	600	0.000135659
600	600	0.000134371
600	600	0.000134171
600	600	0.000141971
600	600	0.000135643
600	600	0.000134497
600	600	0.000135824
600	600	0.000134274
600	600	0.000158571
600	600	0.000128900
600	600	0.000134370
600	600	0.000138411
600	600	0.000134198
600	600	0.000134399
600	600	0.000140550
600	600	0.000134433
600	600	0.000134433
600	600	0.000139478
600	600	0.000136078
600	600	0.000135796
600	600	0.000134068
600	600	0.000127428
600	600	0.000135682
600	600	0.000127519
600	600	0.000134290
600	600	0.000134288
600	600	0.000127599
600	600	0.000136133
600	600	0.000134792
600	600	0.000134395
600	600	0.000129097
600	600	0.000154484
600	600	0.000144909
600	600	0.000145093
600	600	0.000152113
600	600	0.000146314
600	600	0.000156904
600	600	0.000156674
600	600	0.000149122
600	600	0.000180920
600	600	0.000181080
600	600	0.000169892
600	600	0.000179163
600	600	0.000190034
600	600	0.000188494
600	600	0.000195946
600	600	0.000190475
600	600	0.000190311
600	600	0.000188253
600	600	0.000232551
600	600	0.000225390
600	600	0.000223020
600	600	0.000238026
600	600	0.000242596
600	600	0.000233252
600	600	0.000316788
600	600	0.000237475
600	600	0.000237733
600	600	0.000238063
600	600	0.000221662
600	600	0.000235595
600	600	0.000234795
600	600	0.000235248
600	600	0.000262577
600	600	0.000235703
600	600	0.000237416
600	600	0.000237840
600	600	0.000237760
600	600	0.000235533
600	600	0.000234154
600	600	0.000237179
600	600	0.000222843
600	600	0.000230046
600	600	0.000235036
600	600	0.000238025
600	600	0.000210231
600	600	0.000237448
600	600	0.000235356
600	600	0.000231519
600	600	0.000238135
600	600	0.000243459
600	600	0.000235195
600	600	0.000235021
600	600	0.000235130
600	600	0.000237996
600	600	0.000234895
600	600	0.000212369
600	600	0.000244000
600	600	0.000275571
600	600	0.000246141
600	600	0.000247249
600	600	0.000232718
600	600	0.000235395
600	600	0.000238227
600	600	0.000221706
600	600	0.000235316
