120	128	0.000174248
120	128	0.000174323
120	128	0.000174245
120	128	0.000174114
120	128	0.000182916
120	128	0.000174377
120	128	0.000177059
120	128	0.000184668
120	128	0.000174257
120	128	0.000173870
120	128	0.000173834
120	128	0.000180291
120	128	0.000173308
120	128	0.000174216
120	128	0.000180390
120	128	0.000174064
120	128	0.000175076
120	128	0.000174513
120	128	0.000174775
120	128	0.000182297
120	128	0.000180489
120	128	0.000174480
120	128	0.000186185
120	128	0.000175665
120	128	0.000174740
120	128	0.000185471
120	128	0.000174170
120	128	0.000174091
120	128	0.000180644
120	128	0.000174339
120	128	0.000180452
120	128	0.000180165
120	128	0.000174137
120	128	0.000173690
120	128	0.000174715
120	128	0.000180704
120	128	0.000180447
120	128	0.000189290
120	128	0.000180370
120	128	0.000180302
120	128	0.000185623
120	128	0.000183380
120	128	0.000189158
120	128	0.000193667
120	128	0.000189922
120	128	0.000200892
120	128	0.000203670
120	128	0.000211117
120	128	0.000211365
120	128	0.000205948
120	128	0.000219920
120	128	0.000214393
120	128	0.000226046
120	128	0.000232418
120	128	0.000240547
120	128	0.000232405
120	128	0.000231544
120	128	0.000243539
120	128	0.000243708
120	128	0.000244771
120	128	0.000243376
120	128	0.000245762
120	128	0.000244214
120	128	0.000247159
120	128	0.000243118
120	128	0.000245079
120	128	0.000243840
120	128	0.000246604
120	128	0.000242741
120	128	0.000273379
120	128	0.000270614
120	128	0.000278516
120	128	0.000287237
120	128	0.000286196
120	128	0.000287023
120	128	0.000314222
120	128	0.000318832
120	128	0.000315286
120	128	0.000303852
120	128	0.000304863
120	128	0.000317287
120	128	0.000324358
120	128	0.000306771
120	128	0.000304741
120	128	0.000286189
120	128	0.000305540
120	128	0.000358579
120	128	0.000305906
120	128	0.000315977
120	128	0.000306879
120	128	0.000315567
120	128	0.000318770
120	128	0.000296552
120	128	0.000316003
120	128	0.000285783
120	128	0.000304865
120	128	0.000318913
120	128	0.000302898
120	128	0.000324075
120	128	0.000305439
120	256	0.000343881
120	256	0.000347020
120	256	0.000343300
120	256	0.000345287
120	256	0.000359494
120	256	0.000346605
120	256	0.000363997
120	256	0.000363578
120	256	0.000356328
120	256	0.000357061
120	256	0.000344558
120	256	0.000359159
120	256	0.000345603
120	256	0.000345517
120	256	0.000349549
120	256	0.000361453
120	256	0.000352316
120	256	0.000347261
120	256	0.000342203
120	256	0.000345256
120	256	0.000343928
120	256	0.000378025
120	256	0.000394095
120	256	0.000401090
120	256	0.000404927
120	256	0.000431264
120	256	0.000443055
120	256	0.000443829
120	256	0.000405428
120	256	0.000399567
120	256	0.000410037
120	256	0.000446391
120	256	0.000437245
120	256	0.000456918
120	256	0.000506162
120	256	0.000517461
120	256	0.000411777
120	256	0.000424400
120	256	0.000422176
120	256	0.000547765
120	256	0.000506197
120	256	0.000507884
120	256	0.000574857
120	256	0.000528032
120	256	0.000540357
120	256	0.000530118
120	256	0.000451043
120	256	0.000446847
120	256	0.000469564
120	256	0.000459731
120	256	0.000456054
120	256	0.000476271
120	256	0.000507422
120	256	0.000529173
120	256	0.000533312
120	256	0.000546342
120	256	0.000583100
120	256	0.000566335
120	256	0.000577049
120	256	0.000582526
120	256	0.000582062
120	256	0.000593714
120	256	0.000599734
120	256	0.000611356
120	256	0.000617245
120	256	0.000629731
120	256	0.000645245
120	256	0.000601929
120	256	0.000615349
120	256	0.000602605
120	256	0.000597438
120	256	0.000602556
120	256	0.000608789
120	256	0.000600386
120	256	0.000607664
120	256	0.000602109
120	256	0.000598601
120	256	0.000605184
120	256	0.000593284
120	256	0.000628416
120	256	0.000599455
120	256	0.000596298
120	256	0.000612859
120	256	0.000602934
120	256	0.000573042
120	256	0.000630621
120	256	0.000600474
120	256	0.000587006
120	256	0.000619610
120	256	0.000611364
120	256	0.000601759
120	256	0.000585325
120	256	0.000619689
120	256	0.000616529
120	256	0.000597653
120	256	0.000573500
120	256	0.000615866
120	256	0.000602217
120	256	0.000632955
120	256	0.000643645
120	380	0.000533956
120	380	0.000520258
120	380	0.000512757
120	380	0.000532145
120	380	0.000507192
120	380	0.000506325
120	380	0.000534405
120	380	0.000504854
120	380	0.000504763
120	380	0.000511988
120	380	0.000531822
120	380	0.000507991
120	380	0.000508590
120	380	0.000504820
120	380	0.000532016
120	380	0.000517228
120	380	0.000514322
120	380	0.000536926
120	380	0.000528410
120	380	0.000523429
120	380	0.000515981
120	380	0.000536762
120	380	0.000533443
120	380	0.000566451
120	380	0.000569708
120	380	0.000591069
120	380	0.000619098
120	380	0.000603689
120	380	0.000558225
120	380	0.000556107
120	380	0.000593180
120	380	0.000642861
120	380	0.000675806
120	380	0.000750640
120	380	0.000724880
120	380	0.000684521
120	380	0.000677069
120	380	0.000599718
120	380	0.000599022
120	380	0.000620288
120	380	0.000749811
120	380	0.000758550
120	380	0.000877645
120	380	0.000897264
120	380	0.000919274
120	380	0.000906674
120	380	0.000918500
120	380	0.000893826
120	380	0.000928142
120	380	0.000892583
120	380	0.000922301
120	380	0.000914567
120	380	0.000938084
120	380	0.000889675
120	380	0.000895035
120	380	0.000861973
120	380	0.000852714
120	380	0.000842694
120	380	0.000861538
120	380	0.000907751
120	380	0.000906145
120	380	0.000891350
120	380	0.000901278
120	380	0.000910817
120	380	0.000917303
120	380	0.000897471
120	380	0.000886780
120	380	0.000892942
120	380	0.000899067
120	380	0.000925960
120	380	0.000907014
120	380	0.000893789
120	380	0.000945923
120	380	0.000897717
120	380	0.000903255
120	380	0.000909804
120	380	0.000892460
120	380	0.000932477
120	380	0.000898403
120	380	0.000894362
120	380	0.000909845
120	380	0.000894672
120	380	0.000891639
120	380	0.000895151
120	380	0.000875235
120	380	0.000881380
120	380	0.000908483
120	380	0.000900132
120	380	0.000895296
120	380	0.000847536
120	380	0.000894230
120	380	0.000886070
120	380	0.000907857
120	380	0.000883997
120	380	0.000908712
120	380	0.000890753
120	380	0.000854204
120	380	0.000898238
120	380	0.000905786
120	380	0.000899504
120	510	0.000722015
120	510	0.000690161
120	510	0.000680451
120	510	0.000678842
120	510	0.000687286
120	510	0.000704651
120	510	0.000695102
120	510	0.000678915
120	510	0.000681777
120	510	0.000702958
120	510	0.000727768
120	510	0.000712820
120	510	0.000683805
120	510	0.000723628
120	510	0.000685934
120	510	0.000678058
120	510	0.000713145
120	510	0.000691359
120	510	0.000718382
120	510	0.000678892
120	510	0.000677089
120	510	0.000690043
120	510	0.000690473
120	510	0.000874113
120	510	0.000877892
120	510	0.000861631
120	510	0.000883359
120	510	0.000912772
120	510	0.000894235
120	510	0.000927131
120	510	0.000911345
120	510	0.000917141
120	510	0.000963453
120	510	0.001003741
120	510	0.000964330
120	510	0.000964579
120	510	0.000787620
120	510	0.000831080
120	510	0.000853957
120	510	0.000801929
120	510	0.000804258
120	510	0.000765896
120	510	0.000803714
120	510	0.000831882
120	510	0.000976789
120	510	0.000963412
120	510	0.001000216
120	510	0.001032712
120	510	0.001029703
120	510	0.000886191
120	510	0.000875204
120	510	0.000825071
120	510	0.000796420
120	510	0.001059176
120	510	0.001075592
120	510	0.000831996
120	510	0.000801345
120	510	0.000802912
120	510	0.000795660
120	510	0.001018689
120	510	0.000995037
120	510	0.000832570
120	510	0.000825913
120	510	0.000901956
120	510	0.000926833
120	510	0.000874334
120	510	0.000886490
120	510	0.000917884
120	510	0.000930526
120	510	0.001089884
120	510	0.001073331
120	510	0.001089593
120	510	0.001017980
120	510	0.001023406
120	510	0.000951513
120	510	0.000946831
120	510	0.000929207
120	510	0.001003547
120	510	0.000965930
120	510	0.000859680
120	510	0.000883805
120	510	0.000730382
120	510	0.000755230
120	510	0.000747255
120	510	0.000766248
120	510	0.000728139
120	510	0.000749944
120	510	0.000765974
120	510	0.000703022
120	510	0.000708508
120	510	0.000826724
120	510	0.000823462
120	510	0.000808687
120	510	0.000796458
120	510	0.000797959
120	510	0.000803913
120	510	0.000805638
120	510	0.000854905
120	510	0.000829150
120	510	0.000836537
120	600	0.000802504
120	600	0.000804145
120	600	0.000795923
120	600	0.000806982
120	600	0.000843355
120	600	0.000803460
120	600	0.000846275
120	600	0.000804199
120	600	0.000829587
120	600	0.000843074
120	600	0.000845491
120	600	0.000801706
120	600	0.000836433
120	600	0.000844008
120	600	0.000876486
120	600	0.000832700
120	600	0.000942567
120	600	0.001045321
120	600	0.000842045
120	600	0.000803581
120	600	0.000950642
120	600	0.001076036
120	600	0.001302063
120	600	0.001307982
120	600	0.001187707
120	600	0.001400740
120	600	0.001353875
120	600	0.001341769
120	600	0.001363774
120	600	0.001383091
120	600	0.001423639
120	600	0.001390993
120	600	0.001419792
120	600	0.001398149
120	600	0.001387536
120	600	0.001401976
120	600	0.001416219
120	600	0.001420396
120	600	0.001387476
120	600	0.001361349
120	600	0.001417039
120	600	0.001403877
120	600	0.001450603
120	600	0.001399840
120	600	0.001416820
120	600	0.001404961
120	600	0.001402082
120	600	0.001457011
120	600	0.001402340
120	600	0.001432031
120	600	0.001382441
120	600	0.001383361
120	600	0.001389224
120	600	0.001451210
120	600	0.001461841
120	600	0.001368885
120	600	0.001400692
120	600	0.001460896
120	600	0.001321764
120	600	0.001419225
120	600	0.001388081
120	600	0.001462717
120	600	0.001370559
120	600	0.001448502
120	600	0.001422640
120	600	0.001387634
120	600	0.001381018
120	600	0.001379428
120	600	0.001325505
120	600	0.001417779
120	600	0.001370008
120	600	0.001465622
120	600	0.001334149
120	600	0.001250311
120	600	0.001128732
120	600	0.001074592
120	600	0.001062960
120	600	0.001179235
120	600	0.001167079
120	600	0.001247233
120	600	0.001194767
120	600	0.001139979
120	600	0.001069234
120	600	0.001074366
120	600	0.001098142
120	600	0.001281128
120	600	0.001200029
120	600	0.001171470
120	600	0.001189492
120	600	0.001359242
120	600	0.001290439
120	600	0.001189827
120	600	0.001072335
120	600	0.001076381
120	600	0.001060657
120	600	0.001133949
120	600	0.001258585
120	600	0.001250362
120	600	0.001194017
120	600	0.001183344
250	128	0.000336432
250	128	0.000331704
250	128	0.000336721
250	128	0.000337225
250	128	0.000343257
250	128	0.000341254
250	128	0.000337098
250	128	0.000332696
250	128	0.000331270
250	128	0.000332441
250	128	0.000336402
250	128	0.000336526
250	128	0.000336760
250	128	0.000338936
250	128	0.000330890
250	128	0.000332131
250	128	0.000336765
250	128	0.000330544
250	128	0.000339137
250	128	0.000380489
250	128	0.000331956
250	128	0.000331273
250	128	0.000331438
250	128	0.000330071
250	128	0.000348762
250	128	0.000332230
250	128	0.000336721
250	128	0.000331350
250	128	0.000331009
250	128	0.000370563
250	128	0.000378018
250	128	0.000380766
250	128	0.000398131
250	128	0.000392396
250	128	0.000388023
250	128	0.000428687
250	128	0.000423238
250	128	0.000421143
250	128	0.000420500
250	128	0.000422156
250	128	0.000414602
250	128	0.000404552
250	128	0.000402831
250	128	0.000531644
250	128	0.000547045
250	128	0.000482753
250	128	0.000471601
250	128	0.000477837
250	128	0.000525509
250	128	0.000514787
250	128	0.000596814
250	128	0.000559594
250	128	0.000545330
250	128	0.000566177
250	128	0.000535386
250	128	0.000523346
250	128	0.000535494
250	128	0.000522773
250	128	0.000514610
250	128	0.000543052
250	128	0.000523436
250	128	0.000523244
250	128	0.000520873
250	128	0.000529683
250	128	0.000560045
250	128	0.000593061
250	128	0.000579606
250	128	0.000562924
250	128	0.000573518
250	128	0.000565807
250	128	0.000596319
250	128	0.000579564
250	128	0.000557625
250	128	0.000544673
250	128	0.000546677
250	128	0.000556460
250	128	0.000552678
250	128	0.000574512
250	128	0.000581021
250	128	0.000608961
250	128	0.000586835
250	128	0.000554767
250	128	0.000571386
250	128	0.000555518
250	128	0.000544721
250	128	0.000550855
250	128	0.000525277
250	128	0.000514165
250	128	0.000443117
250	128	0.000447740
250	128	0.000473126
250	128	0.000495811
250	128	0.000508776
250	128	0.000517068
250	128	0.000525692
250	128	0.000576160
250	128	0.000580709
250	128	0.000577936
250	128	0.000580618
250	128	0.000569116
250	256	0.000664057
250	256	0.000678695
250	256	0.000669612
250	256	0.000677371
250	256	0.000661373
250	256	0.000668327
250	256	0.000668756
250	256	0.000665251
250	256	0.000657847
250	256	0.000656327
250	256	0.000664734
250	256	0.000664245
250	256	0.000657290
250	256	0.000670450
250	256	0.000676553
250	256	0.000662354
250	256	0.000666796
250	256	0.000670900
250	256	0.000656769
250	256	0.000662413
250	256	0.000667117
250	256	0.000679382
250	256	0.000680871
250	256	0.000686445
250	256	0.000759543
250	256	0.000744900
250	256	0.000826173
250	256	0.000931260
250	256	0.000916959
250	256	0.000928494
250	256	0.001037040
250	256	0.001034611
250	256	0.001031480
250	256	0.001012095
250	256	0.000982066
250	256	0.001112832
250	256	0.001086546
250	256	0.001043026
250	256	0.000987280
250	256	0.000987414
250	256	0.001148069
250	256	0.001115267
250	256	0.001092462
250	256	0.001107999
250	256	0.001113773
250	256	0.001148945
250	256	0.001146655
250	256	0.001093555
250	256	0.001038114
250	256	0.001105588
250	256	0.001094942
250	256	0.001091995
250	256	0.001092409
250	256	0.001053843
250	256	0.001047617
250	256	0.001033415
250	256	0.000967904
250	256	0.000894312
250	256	0.000964195
250	256	0.001095529
250	256	0.001097935
250	256	0.001081678
250	256	0.001050687
250	256	0.000961733
250	256	0.000942476
250	256	0.000972171
250	256	0.001012116
250	256	0.001060568
250	256	0.001115920
250	256	0.001092099
250	256	0.000854251
250	256	0.000847007
250	256	0.000843841
250	256	0.000849139
250	256	0.000883546
250	256	0.000880661
250	256	0.000897079
250	256	0.000926663
250	256	0.000921035
250	256	0.000931130
250	256	0.000954365
250	256	0.000897439
250	256	0.000888428
250	256	0.001108042
250	256	0.001127899
250	256	0.001128656
250	256	0.001171145
250	256	0.001144513
250	256	0.001157016
250	256	0.001143566
250	256	0.001113077
250	256	0.001160582
250	256	0.001144279
250	256	0.001166847
250	256	0.001142949
250	256	0.001151010
250	256	0.001173992
250	256	0.001124559
250	256	0.001109193
250	256	0.001152820
250	380	0.000994125
250	380	0.000999635
250	380	0.000972746
250	380	0.000990233
250	380	0.000976578
250	380	0.000980370
250	380	0.000980151
250	380	0.000982911
250	380	0.000979127
250	380	0.001003559
250	380	0.001140567
250	380	0.001247983
250	380	0.001302534
250	380	0.001304624
250	380	0.001338848
250	380	0.001389252
250	380	0.001062912
250	380	0.001048444
250	380	0.001096141
250	380	0.001099370
250	380	0.001096786
250	380	0.001140523
250	380	0.001160795
250	380	0.001209140
250	380	0.001245021
250	380	0.001305286
250	380	0.001433252
250	380	0.001312490
250	380	0.001097786
250	380	0.001180606
250	380	0.001206196
250	380	0.001219821
250	380	0.001069252
250	380	0.000980000
250	380	0.000979063
250	380	0.000981016
250	380	0.000989496
250	380	0.001027417
250	380	0.001019045
250	380	0.000978954
250	380	0.000975853
250	380	0.000982031
250	380	0.000978887
250	380	0.001000051
250	380	0.000981697
250	380	0.000980762
250	380	0.000978415
250	380	0.001023532
250	380	0.000990666
250	380	0.000980794
250	380	0.001003017
250	380	0.000979161
250	380	0.000984284
250	380	0.000994934
250	380	0.000981719
250	380	0.000993633
250	380	0.000978379
250	380	0.000982228
250	380	0.000971979
250	380	0.000989883
250	380	0.000999158
250	380	0.001004166
250	380	0.000976886
250	380	0.000978940
250	380	0.000996689
250	380	0.000977104
250	380	0.000986960
250	380	0.000998933
250	380	0.001148410
250	380	0.001067114
250	380	0.001051627
250	380	0.001065056
250	380	0.001053897
250	380	0.001051961
250	380	0.001106924
250	380	0.001105064
250	380	0.001210317
250	380	0.001217219
250	380	0.001444255
250	380	0.001631059
250	380	0.001460240
250	380	0.001425369
250	380	0.001635874
250	380	0.001625586
250	380	0.001688126
250	380	0.001709003
250	380	0.001655701
250	380	0.001699001
250	380	0.001655784
250	380	0.001648377
250	380	0.001711042
250	380	0.001664113
250	380	0.001626888
250	380	0.001702330
250	380	0.001532584
250	380	0.001446838
250	380	0.001390961
250	380	0.001294902
250	380	0.001308685
250	380	0.001398904
250	510	0.001335767
250	510	0.001315294
250	510	0.001338285
250	510	0.001306194
250	510	0.001306113
250	510	0.001326280
250	510	0.001306124
250	510	0.001321451
250	510	0.001309002
250	510	0.001318234
250	510	0.001307586
250	510	0.001307790
250	510	0.001312615
250	510	0.001343999
250	510	0.001440005
250	510	0.001684236
250	510	0.001612232
250	510	0.001866856
250	510	0.002126695
250	510	0.001774708
250	510	0.001952663
250	510	0.001866576
250	510	0.001844276
250	510	0.001922406
250	510	0.001833363
250	510	0.001887461
250	510	0.001943048
250	510	0.001754489
250	510	0.001975803
250	510	0.002251182
250	510	0.002188233
250	510	0.002165659
250	510	0.002053481
250	510	0.002250040
250	510	0.002273486
250	510	0.002260069
250	510	0.002160430
250	510	0.002216804
250	510	0.002257952
250	510	0.002219812
250	510	0.002262748
250	510	0.002110129
250	510	0.002225854
250	510	0.002187900
250	510	0.002253928
250	510	0.002187710
250	510	0.002198953
250	510	0.002227816
250	510	0.002247397
250	510	0.002216668
250	510	0.002165920
250	510	0.002236339
250	510	0.002255319
250	510	0.002167847
250	510	0.002196625
250	510	0.001963641
250	510	0.002255105
250	510	0.002248871
250	510	0.002235123
250	510	0.002229714
250	510	0.002042691
250	510	0.002169444
250	510	0.002066864
250	510	0.002276918
250	510	0.001969548
250	510	0.001623529
250	510	0.001747175
250	510	0.002247820
250	510	0.001761275
250	510	0.002112405
250	510	0.002223604
250	510	0.002073054
250	510	0.002255373
250	510	0.001972806
250	510	0.001469551
250	510	0.001633135
250	510	0.001727936
250	510	0.001824761
250	510	0.002165417
250	510	0.002153785
250	510	0.002240126
250	510	0.002211625
250	510	0.002223860
250	510	0.002190875
250	510	0.002212454
250	510	0.002219657
250	510	0.002077044
250	510	0.002149457
250	510	0.002001751
250	510	0.002154779
250	510	0.001994366
250	510	0.002233937
250	510	0.001848190
250	510	0.002232077
250	510	0.001796425
250	510	0.002129171
250	510	0.001825404
250	510	0.002058575
250	510	0.001856867
250	510	0.001970643
250	600	0.001544282
250	600	0.001546740
250	600	0.001567138
250	600	0.001535874
250	600	0.001565101
250	600	0.001552066
250	600	0.001560527
250	600	0.001546912
250	600	0.001576090
250	600	0.001535155
250	600	0.001677450
250	600	0.001620129
250	600	0.001568970
250	600	0.001537351
250	600	0.001537521
250	600	0.001581109
250	600	0.001612521
250	600	0.001571488
250	600	0.001541445
250	600	0.001570911
250	600	0.001618496
250	600	0.001578749
250	600	0.001547429
250	600	0.001895061
250	600	0.002406402
250	600	0.001970258
250	600	0.002297767
250	600	0.001800173
250	600	0.002224484
250	600	0.001785295
250	600	0.001915947
250	600	0.001924224
250	600	0.001844766
250	600	0.001879145
250	600	0.001906269
250	600	0.001660730
250	600	0.001913100
250	600	0.001769783
250	600	0.001911558
250	600	0.002276447
250	600	0.002559439
250	600	0.002436950
250	600	0.002638703
250	600	0.002293950
250	600	0.002646688
250	600	0.002487596
250	600	0.002578815
250	600	0.002628881
250	600	0.002590854
250	600	0.002614785
250	600	0.002642630
250	600	0.002587417
250	600	0.002605105
250	600	0.002569346
250	600	0.002550340
250	600	0.002548637
250	600	0.002442075
250	600	0.002579873
250	600	0.002576953
250	600	0.002592698
250	600	0.002638056
250	600	0.002612599
250	600	0.002540858
250	600	0.002627966
250	600	0.002540550
250	600	0.002537639
250	600	0.002684864
250	600	0.002630243
250	600	0.002589805
250	600	0.002626982
250	600	0.002208812
250	600	0.002638610
250	600	0.002603979
250	600	0.002696039
250	600	0.002715110
250	600	0.002585392
250	600	0.002599883
250	600	0.002582071
250	600	0.002598140
250	600	0.002623401
250	600	0.002616353
250	600	0.002542684
250	600	0.002614120
250	600	0.002684866
250	600	0.002549765
250	600	0.002604945
250	600	0.002622818
250	600	0.002576542
250	600	0.002583330
250	600	0.002304320
250	600	0.001594032
250	600	0.001565197
250	600	0.001562694
250	600	0.001538026
250	600	0.001537637
250	600	0.001548783
250	600	0.001568338
250	600	0.001651488
250	600	0.001627567
250	600	0.001765340
380	128	0.000491288
380	128	0.000492663
380	128	0.000496289
380	128	0.000490020
380	128	0.000485852
380	128	0.000492708
380	128	0.000483812
380	128	0.000492687
380	128	0.000484911
380	128	0.000483994
380	128	0.000492997
380	128	0.000485398
380	128	0.000484893
380	128	0.000493244
380	128	0.000493132
380	128	0.000498536
380	128	0.000483909
380	128	0.000491243
380	128	0.000483666
380	128	0.000504196
380	128	0.000529230
380	128	0.000537231
380	128	0.000660780
380	128	0.000664141
380	128	0.000687529
380	128	0.000806925
380	128	0.000830252
380	128	0.000875789
380	128	0.000825892
380	128	0.000885351
380	128	0.000870298
380	128	0.000839862
380	128	0.000862361
380	128	0.000858149
380	128	0.000860786
380	128	0.000854069
380	128	0.000866997
380	128	0.000849110
380	128	0.000810119
380	128	0.000845917
380	128	0.000854165
380	128	0.000907350
380	128	0.000842798
380	128	0.000881648
380	128	0.000850883
380	128	0.000850121
380	128	0.000848279
380	128	0.000863941
380	128	0.000852432
380	128	0.000878707
380	128	0.000852199
380	128	0.000836948
380	128	0.000854531
380	128	0.000854454
380	128	0.000841214
380	128	0.000846769
380	128	0.000840283
380	128	0.000895212
380	128	0.000853878
380	128	0.000868224
380	128	0.000862081
380	128	0.000847752
380	128	0.000833899
380	128	0.000829408
380	128	0.000863875
380	128	0.000863027
380	128	0.000862860
380	128	0.000836219
380	128	0.000865306
380	128	0.000853423
380	128	0.000814699
380	128	0.000809007
380	128	0.000854954
380	128	0.000846788
380	128	0.000849972
380	128	0.000840772
380	128	0.000856653
380	128	0.000847294
380	128	0.000846845
380	128	0.000805136
380	128	0.000847958
380	128	0.000851883
380	128	0.000821380
380	128	0.000857236
380	128	0.000860079
380	128	0.000850261
380	128	0.000818946
380	128	0.000811765
380	128	0.000854961
380	128	0.000841367
380	128	0.000863546
380	128	0.000859419
380	128	0.000834312
380	128	0.000867134
380	128	0.000867016
380	128	0.000858271
380	128	0.000856484
380	128	0.000856893
380	128	0.000849009
380	128	0.000840413
380	256	0.000978390
380	256	0.000971272
380	256	0.000988893
380	256	0.000982848
380	256	0.000989381
380	256	0.000976928
380	256	0.000969097
380	256	0.000972856
380	256	0.000970977
380	256	0.000984640
380	256	0.001007374
380	256	0.000969288
380	256	0.000972926
380	256	0.000986564
380	256	0.000970582
380	256	0.000988182
380	256	0.000968354
380	256	0.000971385
380	256	0.000969304
380	256	0.001106517
380	256	0.001071145
380	256	0.001021058
380	256	0.001102091
380	256	0.001235236
380	256	0.001240120
380	256	0.001261287
380	256	0.001385465
380	256	0.001061604
380	256	0.001068001
380	256	0.001372538
380	256	0.001223088
380	256	0.001185579
380	256	0.001243521
380	256	0.001357050
380	256	0.001442873
380	256	0.001437088
380	256	0.001158055
380	256	0.001160678
380	256	0.001180083
380	256	0.001279632
380	256	0.001391673
380	256	0.001600734
380	256	0.001607849
380	256	0.001676845
380	256	0.001692253
380	256	0.001620427
380	256	0.001704454
380	256	0.001610096
380	256	0.001614025
380	256	0.001646995
380	256	0.001512810
380	256	0.001608404
380	256	0.001466551
380	256	0.001386267
380	256	0.001361243
380	256	0.001441918
380	256	0.001554962
380	256	0.001606582
380	256	0.001623379
380	256	0.001538474
380	256	0.001662300
380	256	0.001717842
380	256	0.001653549
380	256	0.001680697
380	256	0.001645196
380	256	0.001663660
380	256	0.001625490
380	256	0.001588445
380	256	0.001668717
380	256	0.001635759
380	256	0.001602982
380	256	0.001519286
380	256	0.001507066
380	256	0.001402669
380	256	0.001498660
380	256	0.001656570
380	256	0.001647711
380	256	0.001684945
380	256	0.001663075
380	256	0.001628112
380	256	0.001638690
380	256	0.001680697
380	256	0.001630088
380	256	0.001642239
380	256	0.001663443
380	256	0.001672253
380	256	0.001520754
380	256	0.001371773
380	256	0.001292460
380	256	0.001288542
380	256	0.001494545
380	256	0.001369075
380	256	0.001295913
380	256	0.001237679
380	256	0.001331572
380	256	0.001363876
380	256	0.001369664
380	256	0.001186906
380	256	0.001193164
380	256	0.001291795
380	380	0.001458012
380	380	0.001433927
380	380	0.001452009
380	380	0.001436250
380	380	0.001481098
380	380	0.001490388
380	380	0.001936752
380	380	0.002346051
380	380	0.002425388
380	380	0.002267404
380	380	0.002449609
380	380	0.002453333
380	380	0.002447689
380	380	0.002434489
380	380	0.002376566
380	380	0.002368682
380	380	0.002453802
380	380	0.002412288
380	380	0.002426646
380	380	0.002389663
380	380	0.002433671
380	380	0.002372845
380	380	0.001741690
380	380	0.002260148
380	380	0.002438024
380	380	0.002276681
380	380	0.002502245
380	380	0.002384084
380	380	0.002432872
380	380	0.002156476
380	380	0.002351446
380	380	0.002039500
380	380	0.002461473
380	380	0.001951368
380	380	0.002448544
380	380	0.002428290
380	380	0.002360211
380	380	0.002492585
380	380	0.002446289
380	380	0.002227483
380	380	0.002008042
380	380	0.002061758
380	380	0.002029545
380	380	0.001948607
380	380	0.002026994
380	380	0.002025120
380	380	0.001986143
380	380	0.002002570
380	380	0.002266331
380	380	0.002182401
380	380	0.002303140
380	380	0.002443081
380	380	0.002373574
380	380	0.002455273
380	380	0.002384150
380	380	0.002469013
380	380	0.002360067
380	380	0.002485910
380	380	0.002251540
380	380	0.002459765
380	380	0.002012847
380	380	0.001568184
380	380	0.001819935
380	380	0.001750767
380	380	0.001627956
380	380	0.001618606
380	380	0.001822098
380	380	0.002250165
380	380	0.001859102
380	380	0.002166743
380	380	0.001709081
380	380	0.001554857
380	380	0.001502509
380	380	0.001481823
380	380	0.001661379
380	380	0.001591918
380	380	0.001498316
380	380	0.001428891
380	380	0.001599491
380	380	0.001753426
380	380	0.001855563
380	380	0.001855576
380	380	0.001753136
380	380	0.001925716
380	380	0.001611873
380	380	0.001741585
380	380	0.001792504
380	380	0.001677097
380	380	0.001677413
380	380	0.001868400
380	380	0.001483471
380	380	0.001554515
380	380	0.001677594
380	380	0.001667593
380	380	0.001452364
380	380	0.001497884
380	380	0.001615118
380	380	0.001618403
380	380	0.001871561
380	380	0.001785382
380	510	0.001918446
380	510	0.001921236
380	510	0.001927968
380	510	0.001913632
380	510	0.001926202
380	510	0.001919371
380	510	0.002173765
380	510	0.002644359
380	510	0.003171715
380	510	0.002708382
380	510	0.003011972
380	510	0.002504866
380	510	0.002724309
380	510	0.002409528
380	510	0.002727648
380	510	0.002514675
380	510	0.002646217
380	510	0.002260673
380	510	0.002316347
380	510	0.002997252
380	510	0.002261228
380	510	0.002653444
380	510	0.002374321
380	510	0.002473612
380	510	0.002365082
380	510	0.002367833
380	510	0.002242402
380	510	0.002328434
380	510	0.002167390
380	510	0.002453122
380	510	0.003109224
380	510	0.003220800
380	510	0.003238925
380	510	0.003216520
380	510	0.003193941
380	510	0.003194916
380	510	0.003059521
380	510	0.003229918
380	510	0.002796535
380	510	0.002997054
380	510	0.002621066
380	510	0.002829969
380	510	0.002656578
380	510	0.002865461
380	510	0.002414073
380	510	0.002447071
380	510	0.002177682
380	510	0.001930673
380	510	0.002223998
380	510	0.001956052
380	510	0.002022558
380	510	0.002024147
380	510	0.002147540
380	510	0.002492579
380	510	0.002361721
380	510	0.002514180
380	510	0.002254236
380	510	0.002465480
380	510	0.002046162
380	510	0.002516423
380	510	0.001930088
380	510	0.001940927
380	510	0.002014733
380	510	0.002249926
380	510	0.002172229
380	510	0.002385559
380	510	0.003147517
380	510	0.003224240
380	510	0.003182999
380	510	0.003005195
380	510	0.003066927
380	510	0.003066229
380	510	0.002576263
380	510	0.002729807
380	510	0.002739115
380	510	0.002846762
380	510	0.002520480
380	510	0.002462664
380	510	0.002264572
380	510	0.001934581
380	510	0.002244504
380	510	0.001968688
380	510	0.002011265
380	510	0.002007859
380	510	0.002120911
380	510	0.002943582
380	510	0.003233145
380	510	0.002913232
380	510	0.003121823
380	510	0.003276724
380	510	0.002942355
380	510	0.002227229
380	510	0.002023008
380	510	0.001920218
380	510	0.001959301
380	510	0.001923190
380	510	0.001918353
380	510	0.002349740
380	510	0.001921607
380	510	0.002297126
380	600	0.002303367
380	600	0.002258750
380	600	0.002259689
380	600	0.002304306
380	600	0.002620886
380	600	0.003614638
380	600	0.003619235
380	600	0.003774927
380	600	0.003439274
380	600	0.003436253
380	600	0.003809588
380	600	0.003359186
380	600	0.003738584
380	600	0.003173541
380	600	0.003521643
380	600	0.002627547
380	600	0.002274390
380	600	0.002557420
380	600	0.003147007
380	600	0.002480744
380	600	0.002272986
380	600	0.002319895
380	600	0.002294517
380	600	0.002416272
380	600	0.002266041
380	600	0.002406822
380	600	0.002259951
380	600	0.002427784
380	600	0.002283684
380	600	0.002433776
380	600	0.002261494
380	600	0.002350299
380	600	0.002285163
380	600	0.002380385
380	600	0.002279057
380	600	0.002292766
380	600	0.002286407
380	600	0.002629431
380	600	0.002273364
380	600	0.002603865
380	600	0.003261763
380	600	0.003801485
380	600	0.003245125
380	600	0.003843709
380	600	0.002849945
380	600	0.002297098
380	600	0.002480846
380	600	0.002276455
380	600	0.002278999
380	600	0.002280767
380	600	0.002300084
380	600	0.002262827
380	600	0.002300174
380	600	0.002290528
380	600	0.002276214
380	600	0.002405662
380	600	0.002294582
380	600	0.002290941
380	600	0.002281881
380	600	0.002273882
380	600	0.002291873
380	600	0.002271230
380	600	0.002270871
380	600	0.002263823
380	600	0.002261677
380	600	0.002272950
380	600	0.002318186
380	600	0.002783099
380	600	0.003339032
380	600	0.003674529
380	600	0.003246033
380	600	0.003635777
380	600	0.003196257
380	600	0.003287467
380	600	0.003018525
380	600	0.003291888
380	600	0.002539798
380	600	0.002265887
380	600	0.002336902
380	600	0.002255877
380	600	0.002345405
380	600	0.002287959
380	600	0.002350468
380	600	0.002264695
380	600	0.002262547
380	600	0.002328203
380	600	0.002659036
380	600	0.002919616
380	600	0.002412816
380	600	0.002257465
380	600	0.002308169
380	600	0.002269517
380	600	0.002261282
380	600	0.002281530
380	600	0.002539095
380	600	0.003313018
380	600	0.002736641
380	600	0.003291644
380	600	0.002924430
380	600	0.003622164
510	128	0.000642180
510	128	0.000648854
510	128	0.000648988
510	128	0.000657367
510	128	0.000641332
510	128	0.000657806
510	128	0.000655190
510	128	0.000663371
510	128	0.000642623
510	128	0.000642280
510	128	0.000654259
510	128	0.000653367
510	128	0.000651838
510	128	0.000652457
510	128	0.000642164
510	128	0.000649184
510	128	0.000648850
510	128	0.000658366
510	128	0.000663887
510	128	0.000673122
510	128	0.000763117
510	128	0.000766899
510	128	0.000753447
510	128	0.000755850
510	128	0.000779951
510	128	0.000907827
510	128	0.000953949
510	128	0.000977033
510	128	0.001139802
510	128	0.001135060
510	128	0.001122075
510	128	0.001120728
510	128	0.001129203
510	128	0.001107762
510	128	0.001085531
510	128	0.001105002
510	128	0.001140949
510	128	0.001105633
510	128	0.001103722
510	128	0.001159441
510	128	0.001122772
510	128	0.001127654
510	128	0.001068920
510	128	0.001120422
510	128	0.001076716
510	128	0.001116810
510	128	0.001070683
510	128	0.001119288
510	128	0.001067863
510	128	0.001143031
510	128	0.001117215
510	128	0.001121099
510	128	0.001110371
510	128	0.001148504
510	128	0.001112362
510	128	0.001131096
510	128	0.001094492
510	128	0.001154256
510	128	0.001112759
510	128	0.001085356
510	128	0.001005877
510	128	0.001058648
510	128	0.001063864
510	128	0.001153564
510	128	0.001137905
510	128	0.001109963
510	128	0.001133257
510	128	0.001102250
510	128	0.001098905
510	128	0.001147730
510	128	0.001065281
510	128	0.001131540
510	128	0.001137479
510	128	0.001086037
510	128	0.001098833
510	128	0.001140965
510	128	0.001120787
510	128	0.001135959
510	128	0.001111610
510	128	0.001011600
510	128	0.001013693
510	128	0.001064162
510	128	0.001089285
510	128	0.001127492
510	128	0.001065512
510	128	0.001114088
510	128	0.001134334
510	128	0.001130370
510	128	0.001132255
510	128	0.001107091
510	128	0.001122697
510	128	0.001110335
510	128	0.001141660
510	128	0.001128330
510	128	0.001017241
510	128	0.001009745
510	128	0.000950131
510	128	0.001054552
510	128	0.001110492
510	128	0.001109093
510	256	0.001295126
510	256	0.001296800
510	256	0.001291262
510	256	0.001281978
510	256	0.001285140
510	256	0.001289529
510	256	0.001289064
510	256	0.001295978
510	256	0.001447975
510	256	0.001525733
510	256	0.001456881
510	256	0.001359218
510	256	0.001441534
510	256	0.001733947
510	256	0.001555205
510	256	0.001650945
510	256	0.001901561
510	256	0.001854491
510	256	0.001755340
510	256	0.001817838
510	256	0.001806471
510	256	0.001717496
510	256	0.001922165
510	256	0.001579882
510	256	0.001719960
510	256	0.001750651
510	256	0.001772555
510	256	0.002118586
510	256	0.002221952
510	256	0.002170580
510	256	0.002185729
510	256	0.002163820
510	256	0.002206251
510	256	0.001989512
510	256	0.001677149
510	256	0.001400029
510	256	0.001391959
510	256	0.001816526
510	256	0.002073168
510	256	0.001966920
510	256	0.002058588
510	256	0.002006466
510	256	0.002064599
510	256	0.002005497
510	256	0.001984521
510	256	0.002183473
510	256	0.002212781
510	256	0.002205733
510	256	0.002158115
510	256	0.002115934
510	256	0.002163633
510	256	0.002207858
510	256	0.002249806
510	256	0.002156940
510	256	0.002184454
510	256	0.002188234
510	256	0.002196090
510	256	0.002192289
510	256	0.002135326
510	256	0.002122288
510	256	0.002218935
510	256	0.002194340
510	256	0.002162549
510	256	0.001898192
510	256	0.001938956
510	256	0.001895089
510	256	0.001834442
510	256	0.001899306
510	256	0.001878646
510	256	0.001820335
510	256	0.001901635
510	256	0.001712240
510	256	0.001998009
510	256	0.001644465
510	256	0.002005462
510	256	0.001608496
510	256	0.001941628
510	256	0.002144527
510	256	0.002048555
510	256	0.002017555
510	256	0.001861475
510	256	0.001544894
510	256	0.001282987
510	256	0.001374166
510	256	0.001380564
510	256	0.001294109
510	256	0.001290806
510	256	0.001285919
510	256	0.001287956
510	256	0.001387501
510	256	0.001574810
510	256	0.001948875
510	256	0.002178920
510	256	0.001956753
510	256	0.001664525
510	256	0.001791071
510	256	0.001503260
510	256	0.001794497
510	256	0.002095384
510	256	0.002200985
510	380	0.001898633
510	380	0.001894402
510	380	0.001909280
510	380	0.001918994
510	380	0.001915493
510	380	0.001916173
510	380	0.001942415
510	380	0.001903240
510	380	0.001922085
510	380	0.001898586
510	380	0.001906731
510	380	0.001903744
510	380	0.001973411
510	380	0.001919564
510	380	0.002060161
510	380	0.002335163
510	380	0.002131116
510	380	0.002193764
510	380	0.002161299
510	380	0.002161248
510	380	0.002133700
510	380	0.002099813
510	380	0.002140134
510	380	0.002143477
510	380	0.002133500
510	380	0.002099079
510	380	0.002070257
510	380	0.002297752
510	380	0.002752442
510	380	0.002530926
510	380	0.003103194
510	380	0.003207106
510	380	0.003147905
510	380	0.003103654
510	380	0.002876048
510	380	0.003145210
510	380	0.002581795
510	380	0.003008981
510	380	0.002655873
510	380	0.002929075
510	380	0.002215425
510	380	0.002952808
510	380	0.002402331
510	380	0.002622256
510	380	0.002418700
510	380	0.002450794
510	380	0.002300741
510	380	0.002683541
510	380	0.002996141
510	380	0.002620811
510	380	0.002913938
510	380	0.002653132
510	380	0.003061563
510	380	0.002427185
510	380	0.002730129
510	380	0.002482427
510	380	0.002688936
510	380	0.002276983
510	380	0.002687831
510	380	0.002136258
510	380	0.002674352
510	380	0.002183473
510	380	0.002373331
510	380	0.002137193
510	380	0.002347104
510	380	0.002187148
510	380	0.002486300
510	380	0.002964426
510	380	0.002586998
510	380	0.003160375
510	380	0.002400669
510	380	0.001969963
510	380	0.001970917
510	380	0.001924744
510	380	0.002155360
510	380	0.001903971
510	380	0.002158065
510	380	0.002744148
510	380	0.003141968
510	380	0.002564351
510	380	0.002121811
510	380	0.002180739
510	380	0.002195901
510	380	0.002406079
510	380	0.003079976
510	380	0.002865310
510	380	0.003228634
510	380	0.002873308
510	380	0.002797357
510	380	0.002879800
510	380	0.002875010
510	380	0.002433017
510	380	0.002566732
510	380	0.001906696
510	380	0.002405606
510	380	0.003147723
510	380	0.003147409
510	380	0.003206628
510	380	0.003246289
510	380	0.003196834
510	510	0.002568097
510	510	0.002555104
510	510	0.002565235
510	510	0.002572880
510	510	0.002568891
510	510	0.002569902
510	510	0.002547897
510	510	0.002788809
510	510	0.003802572
510	510	0.003382137
510	510	0.003346394
510	510	0.002562556
510	510	0.002982227
510	510	0.002639116
510	510	0.002800986
510	510	0.002626282
510	510	0.002940537
510	510	0.002571667
510	510	0.002714915
510	510	0.002551508
510	510	0.002952642
510	510	0.003971323
510	510	0.003827167
510	510	0.002635610
510	510	0.003869241
510	510	0.004174750
510	510	0.003857718
510	510	0.004282959
510	510	0.004289014
510	510	0.003888870
510	510	0.004238753
510	510	0.003226992
510	510	0.002616941
510	510	0.003051777
510	510	0.002544868
510	510	0.002777528
510	510	0.002566109
510	510	0.002553188
510	510	0.002568441
510	510	0.002574377
510	510	0.002550510
510	510	0.002542569
510	510	0.002660735
510	510	0.003160083
510	510	0.002612200
510	510	0.002851586
510	510	0.002657311
510	510	0.002897929
510	510	0.002541958
510	510	0.002949442
510	510	0.002584014
510	510	0.003007274
510	510	0.003727331
510	510	0.002977751
510	510	0.003874947
510	510	0.004205251
510	510	0.004270436
510	510	0.004295349
510	510	0.004227458
510	510	0.004083525
510	510	0.003651912
510	510	0.003987540
510	510	0.003609034
510	510	0.003476552
510	510	0.003424851
510	510	0.004164773
510	510	0.004269116
510	510	0.004233074
510	510	0.004079518
510	510	0.004250698
510	510	0.004037884
510	510	0.004090194
510	510	0.003376499
510	510	0.003764226
510	510	0.004117956
510	510	0.003164660
510	510	0.003990958
510	510	0.002969432
510	510	0.003593491
510	510	0.002805763
510	510	0.003574968
510	510	0.002914367
510	510	0.003376032
510	510	0.002577510
510	510	0.003306767
510	510	0.004036444
510	510	0.003533905
510	510	0.003898683
510	510	0.003240897
510	510	0.003755305
510	510	0.003055423
510	510	0.003482977
510	510	0.002754869
510	510	0.003146906
510	510	0.002684050
510	510	0.002539377
510	510	0.002576434
510	510	0.002557041
510	510	0.002651338
510	510	0.003107950
510	600	0.002998940
510	600	0.002989127
510	600	0.003023630
510	600	0.002995353
510	600	0.002988679
510	600	0.003000219
510	600	0.003027439
510	600	0.003006169
510	600	0.003006941
510	600	0.003027323
510	600	0.002991942
510	600	0.002997064
510	600	0.003019689
510	600	0.003525976
510	600	0.004481369
510	600	0.004804588
510	600	0.003967392
510	600	0.004747677
510	600	0.003822064
510	600	0.003632452
510	600	0.002988942
510	600	0.003406872
510	600	0.003015832
510	600	0.003707640
510	600	0.004592884
510	600	0.003448936
510	600	0.004310778
510	600	0.003213637
510	600	0.003814212
510	600	0.003077396
510	600	0.003505843
510	600	0.003122464
510	600	0.003638691
510	600	0.002993869
510	600	0.003251195
510	600	0.003019536
510	600	0.003131608
510	600	0.002996970
510	600	0.003418737
510	600	0.003023700
510	600	0.003116007
510	600	0.003006034
510	600	0.003239145
510	600	0.003003432
510	600	0.003171083
510	600	0.002998993
510	600	0.003067682
510	600	0.003002557
510	600	0.003185897
510	600	0.003840585
510	600	0.003077036
510	600	0.003640737
510	600	0.003064763
510	600	0.003438990
510	600	0.003041079
510	600	0.003229128
510	600	0.003022548
510	600	0.003140456
510	600	0.003649131
510	600	0.002991191
510	600	0.003025383
510	600	0.003144760
510	600	0.004100928
510	600	0.004196368
510	600	0.004059477
510	600	0.004676196
510	600	0.003549219
510	600	0.004756276
510	600	0.004986194
510	600	0.004845358
510	600	0.004956171
510	600	0.003582219
510	600	0.003019049
510	600	0.003288108
510	600	0.003005353
510	600	0.003162260
510	600	0.003016600
510	600	0.003081167
510	600	0.003024138
510	600	0.003113392
510	600	0.003017205
510	600	0.003008557
510	600	0.003015174
510	600	0.003310947
510	600	0.002997185
510	600	0.003401248
510	600	0.004318842
510	600	0.003427552
510	600	0.003926563
510	600	0.003092497
510	600	0.002993678
510	600	0.003006568
510	600	0.002994428
510	600	0.003006792
510	600	0.002995768
510	600	0.003005614
510	600	0.002997440
510	600	0.003009894
510	600	0.003007321
510	600	0.003008524
600	128	0.000756070
600	128	0.000769250
600	128	0.000766874
600	128	0.000751571
600	128	0.000767886
600	128	0.000766306
600	128	0.000752819
600	128	0.000757735
600	128	0.000764255
600	128	0.000763510
600	128	0.000759894
600	128	0.000766816
600	128	0.000751692
600	128	0.000766620
600	128	0.000759049
600	128	0.000763802
600	128	0.000762904
600	128	0.000758854
600	128	0.000770296
600	128	0.000761737
600	128	0.000759005
600	128	0.000806699
600	128	0.000869607
600	128	0.000798171
600	128	0.000759789
600	128	0.000766120
600	128	0.000808307
600	128	0.000818148
600	128	0.000809935
600	128	0.000821014
600	128	0.000913655
600	128	0.000923603
600	128	0.001131357
600	128	0.001080247
600	128	0.001063758
600	128	0.001074105
600	128	0.001167796
600	128	0.001262377
600	128	0.001185904
600	128	0.001118825
600	128	0.001012175
600	128	0.000973377
600	128	0.000988596
600	128	0.001259416
600	128	0.001179510
600	128	0.001117635
600	128	0.001071026
600	128	0.001072811
600	128	0.001185755
600	128	0.001249225
600	128	0.001252656
600	128	0.001183255
600	128	0.001067181
600	128	0.001080277
600	128	0.001131437
600	128	0.001179381
600	128	0.001188913
600	128	0.001115238
600	128	0.001050845
600	128	0.001012443
600	128	0.000975161
600	128	0.000964913
600	128	0.000943730
600	128	0.000918254
600	128	0.000773063
600	128	0.000751349
600	128	0.000765739
600	128	0.000763878
600	128	0.000751804
600	128	0.000755460
600	128	0.000771582
600	128	0.000795740
600	128	0.000797286
600	128	0.000853971
600	128	0.000843152
600	128	0.001071518
600	128	0.001070337
600	128	0.001012578
600	128	0.001099321
600	128	0.001119034
600	128	0.001119487
600	128	0.001068194
600	128	0.001010464
600	128	0.000966070
600	128	0.000976046
600	128	0.000964449
600	128	0.000959488
600	128	0.001278694
600	128	0.001091577
600	128	0.001063575
600	128	0.001060784
600	128	0.001066405
600	128	0.001115718
600	128	0.001239574
600	128	0.001269239
600	128	0.001314902
600	128	0.001249857
600	128	0.001319999
600	128	0.001291159
600	128	0.001307563
600	256	0.001504394
600	256	0.001505386
600	256	0.001513141
600	256	0.001497835
600	256	0.001511710
600	256	0.001514917
600	256	0.001509041
600	256	0.001520777
600	256	0.001509088
600	256	0.001518504
600	256	0.001501199
600	256	0.001501012
600	256	0.001501349
600	256	0.001516087
600	256	0.001521235
600	256	0.001511944
600	256	0.001509908
600	256	0.001517518
600	256	0.001530081
600	256	0.001524060
600	256	0.001516289
600	256	0.001503463
600	256	0.001520270
600	256	0.001509966
600	256	0.001504121
600	256	0.001525644
600	256	0.001503396
600	256	0.001502162
600	256	0.001520069
600	256	0.001525632
600	256	0.001530344
600	256	0.001526615
600	256	0.001504590
600	256	0.001638180
600	256	0.001587100
600	256	0.001515171
600	256	0.001522225
600	256	0.001634059
600	256	0.001791502
600	256	0.002100588
600	256	0.002044028
600	256	0.002117624
600	256	0.001944503
600	256	0.002268346
600	256	0.002558236
600	256	0.002500173
600	256	0.002563842
600	256	0.002278689
600	256	0.002520552
600	256	0.002130352
600	256	0.002455469
600	256	0.002102700
600	256	0.002342827
600	256	0.002149344
600	256	0.002221665
600	256	0.002054037
600	256	0.002087662
600	256	0.001775002
600	256	0.001504421
600	256	0.001528116
600	256	0.001500362
600	256	0.001513504
600	256	0.001511015
600	256	0.001519632
600	256	0.001529221
600	256	0.001505515
600	256	0.001740870
600	256	0.002212906
600	256	0.002233765
600	256	0.001997602
600	256	0.001954503
600	256	0.001929386
600	256	0.001932165
600	256	0.001859140
600	256	0.002061468
600	256	0.001633807
600	256	0.001826063
600	256	0.001789843
600	256	0.001724116
600	256	0.001763765
600	256	0.001936404
600	256	0.002368674
600	256	0.001947017
600	256	0.002357553
600	256	0.001838295
600	256	0.002087334
600	256	0.001767032
600	256	0.001925929
600	256	0.001918068
600	256	0.001861853
600	256	0.001837238
600	256	0.001927634
600	256	0.002254346
600	256	0.001849999
600	256	0.002215477
600	256	0.002543511
600	256	0.002119215
600	256	0.002482924
600	256	0.002155797
600	256	0.002380206
600	380	0.002270086
600	380	0.002226921
600	380	0.002240757
600	380	0.002245346
600	380	0.002245100
600	380	0.002229460
600	380	0.002246447
600	380	0.002241844
600	380	0.002243509
600	380	0.002228078
600	380	0.002217585
600	380	0.002224714
600	380	0.002274405
600	380	0.002234634
600	380	0.002223315
600	380	0.002230870
600	380	0.002273261
600	380	0.002228258
600	380	0.002228858
600	380	0.002243529
600	380	0.002230080
600	380	0.002247923
600	380	0.002224236
600	380	0.002258497
600	380	0.002244104
600	380	0.002220560
600	380	0.002226502
600	380	0.002261274
600	380	0.002251860
600	380	0.002234972
600	380	0.002242853
600	380	0.002240981
600	380	0.002393389
600	380	0.002521588
600	380	0.002706683
600	380	0.002554064
600	380	0.002727614
600	380	0.002255861
600	380	0.002968556
600	380	0.002247038
600	380	0.002737775
600	380	0.003291582
600	380	0.002818618
600	380	0.003235059
600	380	0.002651295
600	380	0.003289285
600	380	0.003645563
600	380	0.003414265
600	380	0.003690940
600	380	0.003225369
600	380	0.003609401
600	380	0.002962622
600	380	0.003420615
600	380	0.002698044
600	380	0.003546635
600	380	0.003764952
600	380	0.003673714
600	380	0.003748979
600	380	0.003814160
600	380	0.003744854
600	380	0.003457710
600	380	0.002906075
600	380	0.003426952
600	380	0.002804133
600	380	0.003112183
600	380	0.002562207
600	380	0.003116727
600	380	0.002468687
600	380	0.002221643
600	380	0.002363980
600	380	0.003210258
600	380	0.003696620
600	380	0.003640565
600	380	0.003670037
600	380	0.003294528
600	380	0.003715078
600	380	0.003001647
600	380	0.003483926
600	380	0.002560814
600	380	0.002258385
600	380	0.002378274
600	380	0.003040427
600	380	0.002718006
600	380	0.002994541
600	380	0.002243500
600	380	0.002866980
600	380	0.002440323
600	380	0.002644800
600	380	0.002450361
600	380	0.002484362
600	380	0.002402995
600	380	0.002372257
600	380	0.002358689
600	380	0.002497379
600	380	0.002282264
600	380	0.002638349
600	380	0.003490337
600	380	0.002860613
600	380	0.003027253
600	380	0.002405649
600	510	0.003000389
600	510	0.003031971
600	510	0.002981863
600	510	0.002972560
600	510	0.003002900
600	510	0.002991808
600	510	0.003014668
600	510	0.003015304
600	510	0.003001824
600	510	0.003036038
600	510	0.003237726
600	510	0.003717760
600	510	0.003158968
600	510	0.004210443
600	510	0.004690983
600	510	0.003996734
600	510	0.004183967
600	510	0.003558452
600	510	0.003902142
600	510	0.003236496
600	510	0.003464331
600	510	0.003079424
600	510	0.003179656
600	510	0.003085272
600	510	0.003357412
600	510	0.003033525
600	510	0.003014193
600	510	0.003013870
600	510	0.003082061
600	510	0.002988001
600	510	0.003615073
600	510	0.003578553
600	510	0.004048289
600	510	0.003300758
600	510	0.003730141
600	510	0.003057211
600	510	0.003558432
600	510	0.003035507
600	510	0.003526196
600	510	0.003030320
600	510	0.003129022
600	510	0.003006393
600	510	0.003694674
600	510	0.004447948
600	510	0.003675356
600	510	0.004180391
600	510	0.003384550
600	510	0.004581925
600	510	0.004846401
600	510	0.004286090
600	510	0.004744368
600	510	0.003926328
600	510	0.004637955
600	510	0.003523058
600	510	0.004159882
600	510	0.003469481
600	510	0.003985744
600	510	0.003052692
600	510	0.002982653
600	510	0.002998854
600	510	0.003007210
600	510	0.002980575
600	510	0.003007831
600	510	0.003296815
600	510	0.003914990
600	510	0.003051735
600	510	0.003703413
600	510	0.003033934
600	510	0.003556650
600	510	0.002999002
600	510	0.003213818
600	510	0.003068620
600	510	0.003223837
600	510	0.003033334
600	510	0.003404938
600	510	0.002978887
600	510	0.002980025
600	510	0.002982193
600	510	0.003272612
600	510	0.002984606
600	510	0.003001833
600	510	0.003008194
600	510	0.003922456
600	510	0.004340300
600	510	0.003676249
600	510	0.004217349
600	510	0.003243912
600	510	0.003727886
600	510	0.003044626
600	510	0.003688538
600	510	0.003102323
600	510	0.002991340
600	510	0.003163430
600	510	0.003729635
600	510	0.003086429
600	510	0.003428195
600	510	0.003061385
600	510	0.003451589
600	510	0.003018844
600	510	0.003542115
600	600	0.003515833
600	600	0.003524371
600	600	0.003608174
600	600	0.004588475
600	600	0.005617714
600	600	0.004383765
600	600	0.005118155
600	600	0.003689744
600	600	0.004500915
600	600	0.003551403
600	600	0.003543999
600	600	0.003519993
600	600	0.003501233
600	600	0.003523866
600	600	0.003545306
600	600	0.003773995
600	600	0.003509273
600	600	0.003731393
600	600	0.003549073
600	600	0.003502530
600	600	0.003531480
600	600	0.003500318
600	600	0.003551875
600	600	0.003501935
600	600	0.003556951
600	600	0.003524545
600	600	0.003633793
600	600	0.003550290
600	600	0.003543332
600	600	0.003555895
600	600	0.003498274
600	600	0.003527147
600	600	0.003502110
600	600	0.003539194
600	600	0.003527313
600	600	0.003553672
600	600	0.003549534
600	600	0.003556594
600	600	0.003505003
600	600	0.003501578
600	600	0.003522153
600	600	0.003526869
600	600	0.003578645
600	600	0.003586937
600	600	0.003523799
600	600	0.003576175
600	600	0.003508351
600	600	0.004273061
600	600	0.004748539
600	600	0.005422201
600	600	0.004441453
600	600	0.005387128
600	600	0.005696054
600	600	0.005033144
600	600	0.005443433
600	600	0.004329475
600	600	0.004203648
600	600	0.003573893
600	600	0.003645849
600	600	0.003558319
600	600	0.003564355
600	600	0.003524850
600	600	0.004357076
600	600	0.005807546
600	600	0.005411436
600	600	0.005457336
600	600	0.003944000
600	600	0.003527092
600	600	0.003723170
600	600	0.003567463
600	600	0.003652103
600	600	0.003541146
600	600	0.003644435
600	600	0.003553526
600	600	0.003580802
600	600	0.003513776
600	600	0.003578859
600	600	0.003538682
600	600	0.003527661
600	600	0.003544624
600	600	0.003545093
600	600	0.003501410
600	600	0.003560371
600	600	0.003524950
600	600	0.003500325
600	600	0.003508247
600	600	0.003573801
600	600	0.003562266
600	600	0.003564562
600	600	0.003500422
600	600	0.003821959
600	600	0.003499397
600	600	0.004212702
600	600	0.005036301
600	600	0.003944100
600	600	0.004613798
600	600	0.003719946
600	600	0.004194967
600	600	0.003623671
600	600	0.003967487
