120	128	0.000024054
120	128	0.000023909
120	128	0.000025076
120	128	0.000024695
120	128	0.000024416
120	128	0.000023366
120	128	0.000023580
120	128	0.000023921
120	128	0.000024771
120	128	0.000024375
120	128	0.000024483
120	128	0.000024472
120	128	0.000024360
120	128	0.000024503
120	128	0.000027693
120	128	0.000024475
120	128	0.000024171
120	128	0.000024408
120	128	0.000025120
120	128	0.000024429
120	128	0.000024874
120	128	0.000024141
120	128	0.000024392
120	128	0.000025585
120	128	0.000024487
120	128	0.000024068
120	128	0.000024437
120	128	0.000024825
120	128	0.000026158
120	128	0.000026043
120	128	0.000025353
120	128	0.000025232
120	128	0.000024167
120	128	0.000026333
120	128	0.000031116
120	128	0.000030755
120	128	0.000031374
120	128	0.000030609
120	128	0.000030208
120	128	0.000035510
120	128	0.000035521
120	128	0.000035923
120	128	0.000035976
120	128	0.000041209
120	128	0.000041766
120	128	0.000042130
120	128	0.000043171
120	128	0.000049344
120	128	0.000042671
120	128	0.000043917
120	128	0.000043904
120	128	0.000044104
120	128	0.000041289
120	128	0.000042670
120	128	0.000042782
120	128	0.000042503
120	128	0.000042649
120	128	0.000044078
120	128	0.000049880
120	128	0.000051814
120	128	0.000044164
120	128	0.000042875
120	128	0.000043735
120	128	0.000043957
120	128	0.000042609
120	128	0.000041867
120	128	0.000042456
120	128	0.000042558
120	128	0.000042796
120	128	0.000044413
120	128	0.000049925
120	128	0.000042357
120	128	0.000042657
120	128	0.000044090
120	128	0.000042351
120	128	0.000058607
120	128	0.000042374
120	128	0.000043512
120	128	0.000043814
120	128	0.000043481
120	128	0.000042271
120	128	0.000041920
120	128	0.000043003
120	128	0.000053445
120	128	0.000058670
120	128	0.000043426
120	128	0.000041853
120	128	0.000042819
120	128	0.000042733
120	128	0.000043688
120	128	0.000043735
120	128	0.000042629
120	128	0.000053690
120	128	0.000043894
120	128	0.000044014
120	128	0.000042672
120	128	0.000043050
120	128	0.000043797
120	128	0.000042743
120	128	0.000044367
120	256	0.000050568
120	256	0.000049511
120	256	0.000049628
120	256	0.000049511
120	256	0.000049572
120	256	0.000050857
120	256	0.000050807
120	256	0.000048423
120	256	0.000049632
120	256	0.000047268
120	256	0.000049561
120	256	0.000050563
120	256	0.000049436
120	256	0.000050466
120	256	0.000050904
120	256	0.000056574
120	256	0.000048935
120	256	0.000049499
120	256	0.000049550
120	256	0.000050597
120	256	0.000057499
120	256	0.000064841
120	256	0.000048420
120	256	0.000049516
120	256	0.000048813
120	256	0.000053413
120	256	0.000051327
120	256	0.000049883
120	256	0.000048568
120	256	0.000050416
120	256	0.000048942
120	256	0.000060552
120	256	0.000049621
120	256	0.000049848
120	256	0.000049736
120	256	0.000049312
120	256	0.000055769
120	256	0.000049744
120	256	0.000050331
120	256	0.000051062
120	256	0.000051021
120	256	0.000050777
120	256	0.000048918
120	256	0.000049620
120	256	0.000049689
120	256	0.000048200
120	256	0.000050726
120	256	0.000049652
120	256	0.000049410
120	256	0.000049378
120	256	0.000048620
120	256	0.000049634
120	256	0.000049479
120	256	0.000049192
120	256	0.000060164
120	256	0.000047266
120	256	0.000050470
120	256	0.000051061
120	256	0.000049394
120	256	0.000049235
120	256	0.000049472
120	256	0.000050602
120	256	0.000051068
120	256	0.000050905
120	256	0.000047554
120	256	0.000056654
120	256	0.000059197
120	256	0.000050785
120	256	0.000082154
120	256	0.000050718
120	256	0.000069902
120	256	0.000049776
120	256	0.000055855
120	256	0.000048526
120	256	0.000049616
120	256	0.000047720
120	256	0.000049646
120	256	0.000047444
120	256	0.000047470
120	256	0.000047591
120	256	0.000056704
120	256	0.000051656
120	256	0.000055687
120	256	0.000056296
120	256	0.000050598
120	256	0.000050001
120	256	0.000051396
120	256	0.000049531
120	256	0.000055675
120	256	0.000056053
120	256	0.000051095
120	256	0.000049666
120	256	0.000055956
120	256	0.000057647
120	256	0.000049833
120	256	0.000051347
120	256	0.000051422
120	256	0.000056294
120	256	0.000050378
120	256	0.000049333
120	380	0.000073606
120	380	0.000073697
120	380	0.000070686
120	380	0.000075076
120	380	0.000072586
120	380	0.000071944
120	380	0.000070621
120	380	0.000074522
120	380	0.000072706
120	380	0.000086123
120	380	0.000071972
120	380	0.000072148
120	380	0.000072470
120	380	0.000074063
120	380	0.000070562
120	380	0.000071963
120	380	0.000069741
120	380	0.000072856
120	380	0.000072484
120	380	0.000073986
120	380	0.000072007
120	380	0.000072009
120	380	0.000074846
120	380	0.000073658
120	380	0.000069813
120	380	0.000084559
120	380	0.000072205
120	380	0.000070699
120	380	0.000071807
120	380	0.000070510
120	380	0.000074848
120	380	0.000074293
120	380	0.000072101
120	380	0.000069263
120	380	0.000073569
120	380	0.000072504
120	380	0.000074230
120	380	0.000074602
120	380	0.000078258
120	380	0.000072696
120	380	0.000071918
120	380	0.000084084
120	380	0.000074736
120	380	0.000072567
120	380	0.000084506
120	380	0.000079747
120	380	0.000075531
120	380	0.000077282
120	380	0.000084763
120	380	0.000092477
120	380	0.000096444
120	380	0.000087119
120	380	0.000088160
120	380	0.000090506
120	380	0.000087686
120	380	0.000108380
120	380	0.000093678
120	380	0.000104897
120	380	0.000091705
120	380	0.000093926
120	380	0.000095137
120	380	0.000092657
120	380	0.000116598
120	380	0.000134703
120	380	0.000118553
120	380	0.000119696
120	380	0.000115068
120	380	0.000125489
120	380	0.000111899
120	380	0.000129949
120	380	0.000127702
120	380	0.000125927
120	380	0.000116860
120	380	0.000125963
120	380	0.000130419
120	380	0.000129087
120	380	0.000130171
120	380	0.000130210
120	380	0.000126528
120	380	0.000125889
120	380	0.000126864
120	380	0.000126724
120	380	0.000132957
120	380	0.000145697
120	380	0.000126720
120	380	0.000119362
120	380	0.000126573
120	380	0.000143699
120	380	0.000129648
120	380	0.000126661
120	380	0.000130681
120	380	0.000125905
120	380	0.000126576
120	380	0.000129586
120	380	0.000127463
120	380	0.000147480
120	380	0.000128733
120	380	0.000129909
120	380	0.000127199
120	380	0.000130419
120	510	0.000099302
120	510	0.000099265
120	510	0.000096117
120	510	0.000096557
120	510	0.000101539
120	510	0.000099129
120	510	0.000094365
120	510	0.000096027
120	510	0.000097078
120	510	0.000096848
120	510	0.000096107
120	510	0.000096233
120	510	0.000098781
120	510	0.000097487
120	510	0.000096749
120	510	0.000110027
120	510	0.000092561
120	510	0.000095499
120	510	0.000092035
120	510	0.000109051
120	510	0.000096718
120	510	0.000094320
120	510	0.000100038
120	510	0.000098949
120	510	0.000104700
120	510	0.000099386
120	510	0.000096827
120	510	0.000099722
120	510	0.000093869
120	510	0.000110119
120	510	0.000098242
120	510	0.000100525
120	510	0.000099272
120	510	0.000100191
120	510	0.000100393
120	510	0.000100017
120	510	0.000117617
120	510	0.000125215
120	510	0.000117811
120	510	0.000120898
120	510	0.000131771
120	510	0.000132055
120	510	0.000134565
120	510	0.000147224
120	510	0.000152950
120	510	0.000155518
120	510	0.000149626
120	510	0.000164476
120	510	0.000185005
120	510	0.000156981
120	510	0.000155738
120	510	0.000154037
120	510	0.000150278
120	510	0.000150014
120	510	0.000174803
120	510	0.000169175
120	510	0.000169117
120	510	0.000167128
120	510	0.000169241
120	510	0.000174579
120	510	0.000173622
120	510	0.000174079
120	510	0.000174856
120	510	0.000157281
120	510	0.000169219
120	510	0.000192956
120	510	0.000178549
120	510	0.000178703
120	510	0.000175944
120	510	0.000163872
120	510	0.000164423
120	510	0.000165040
120	510	0.000168282
120	510	0.000169403
120	510	0.000171333
120	510	0.000167659
120	510	0.000164154
120	510	0.000169228
120	510	0.000171951
120	510	0.000162365
120	510	0.000169157
120	510	0.000172597
120	510	0.000174001
120	510	0.000169321
120	510	0.000168299
120	510	0.000165668
120	510	0.000167150
120	510	0.000197094
120	510	0.000162424
120	510	0.000174616
120	510	0.000168069
120	510	0.000169872
120	510	0.000169107
120	510	0.000168114
120	510	0.000169180
120	510	0.000173646
120	510	0.000169123
120	510	0.000169068
120	510	0.000172919
120	510	0.000174820
120	600	0.000114147
120	600	0.000112527
120	600	0.000117931
120	600	0.000116338
120	600	0.000111396
120	600	0.000109475
120	600	0.000113591
120	600	0.000124383
120	600	0.000114281
120	600	0.000114152
120	600	0.000114582
120	600	0.000114131
120	600	0.000114274
120	600	0.000113726
120	600	0.000111105
120	600	0.000114143
120	600	0.000116644
120	600	0.000114221
120	600	0.000114674
120	600	0.000114249
120	600	0.000129766
120	600	0.000111797
120	600	0.000113501
120	600	0.000129087
120	600	0.000115821
120	600	0.000126748
120	600	0.000111044
120	600	0.000114079
120	600	0.000113385
120	600	0.000129479
120	600	0.000118280
120	600	0.000114193
120	600	0.000111040
120	600	0.000136256
120	600	0.000111972
120	600	0.000117750
120	600	0.000133552
120	600	0.000114202
120	600	0.000113425
120	600	0.000129491
120	600	0.000113972
120	600	0.000117537
120	600	0.000112736
120	600	0.000129859
120	600	0.000112955
120	600	0.000114387
120	600	0.000149293
120	600	0.000117780
120	600	0.000118934
120	600	0.000117632
120	600	0.000115054
120	600	0.000120856
120	600	0.000144267
120	600	0.000149378
120	600	0.000149558
120	600	0.000145357
120	600	0.000181062
120	600	0.000183078
120	600	0.000177533
120	600	0.000183780
120	600	0.000197325
120	600	0.000203434
120	600	0.000197299
120	600	0.000225599
120	600	0.000197234
120	600	0.000206272
120	600	0.000205020
120	600	0.000191080
120	600	0.000199760
120	600	0.000199669
120	600	0.000205221
120	600	0.000205485
120	600	0.000202802
120	600	0.000206257
120	600	0.000213224
120	600	0.000188055
120	600	0.000199503
120	600	0.000204915
120	600	0.000201118
120	600	0.000204472
120	600	0.000194938
120	600	0.000204671
120	600	0.000201524
120	600	0.000199873
120	600	0.000194841
120	600	0.000199727
120	600	0.000192536
120	600	0.000198472
120	600	0.000187925
120	600	0.000199520
120	600	0.000215048
120	600	0.000200265
120	600	0.000233006
120	600	0.000210098
120	600	0.000205827
120	600	0.000204137
120	600	0.000225910
120	600	0.000242333
120	600	0.000202827
120	600	0.000199705
250	128	0.000039491
250	128	0.000058607
250	128	0.000058862
250	128	0.000039673
250	128	0.000059494
250	128	0.000039871
250	128	0.000057342
250	128	0.000058441
250	128	0.000057779
250	128	0.000058257
250	128	0.000059221
250	128	0.000041783
250	128	0.000058208
250	128	0.000059360
250	128	0.000059086
250	128	0.000039715
250	128	0.000039617
250	128	0.000039616
250	128	0.000057139
250	128	0.000040773
250	128	0.000058454
250	128	0.000042842
250	128	0.000058378
250	128	0.000041603
250	128	0.000059255
250	128	0.000059368
250	128	0.000058180
250	128	0.000058237
250	128	0.000041366
250	128	0.000059760
250	128	0.000059631
250	128	0.000058489
250	128	0.000057253
250	128	0.000056510
250	128	0.000042771
250	128	0.000040771
250	128	0.000058608
250	128	0.000039028
250	128	0.000058200
250	128	0.000054768
250	128	0.000064429
250	128	0.000062917
250	128	0.000042673
250	128	0.000064143
250	128	0.000063958
250	128	0.000048312
250	128	0.000070569
250	128	0.000070260
250	128	0.000071884
250	128	0.000050566
250	128	0.000073674
250	128	0.000084776
250	128	0.000073685
250	128	0.000074461
250	128	0.000088250
250	128	0.000090776
250	128	0.000092159
250	128	0.000090320
250	128	0.000090557
250	128	0.000089938
250	128	0.000061768
250	128	0.000059696
250	128	0.000084656
250	128	0.000087205
250	128	0.000086033
250	128	0.000102965
250	128	0.000103331
250	128	0.000104398
250	128	0.000104344
250	128	0.000104534
250	128	0.000069417
250	128	0.000102660
250	128	0.000069390
250	128	0.000118886
250	128	0.000100513
250	128	0.000099534
250	128	0.000100993
250	128	0.000069218
250	128	0.000100703
250	128	0.000104233
250	128	0.000102313
250	128	0.000103269
250	128	0.000069083
250	128	0.000071943
250	128	0.000102563
250	128	0.000103233
250	128	0.000104118
250	128	0.000103831
250	128	0.000099781
250	128	0.000099957
250	128	0.000103978
250	128	0.000103970
250	128	0.000103469
250	128	0.000103756
250	128	0.000104371
250	128	0.000065923
250	128	0.000102156
250	128	0.000069855
250	128	0.000103314
250	128	0.000101839
250	256	0.000120366
250	256	0.000080874
250	256	0.000117920
250	256	0.000121575
250	256	0.000120343
250	256	0.000120277
250	256	0.000121436
250	256	0.000119218
250	256	0.000123109
250	256	0.000118654
250	256	0.000081274
250	256	0.000121727
250	256	0.000120838
250	256	0.000125969
250	256	0.000121245
250	256	0.000081100
250	256	0.000117909
250	256	0.000081260
250	256	0.000118454
250	256	0.000119139
250	256	0.000080875
250	256	0.000120528
250	256	0.000120592
250	256	0.000121459
250	256	0.000118790
250	256	0.000130058
250	256	0.000115401
250	256	0.000118023
250	256	0.000121018
250	256	0.000120712
250	256	0.000121647
250	256	0.000120120
250	256	0.000119884
250	256	0.000125027
250	256	0.000119766
250	256	0.000120923
250	256	0.000117949
250	256	0.000118381
250	256	0.000118536
250	256	0.000119177
250	256	0.000087847
250	256	0.000121157
250	256	0.000143773
250	256	0.000151598
250	256	0.000144980
250	256	0.000099779
250	256	0.000147391
250	256	0.000140891
250	256	0.000146716
250	256	0.000145220
250	256	0.000194341
250	256	0.000188361
250	256	0.000193489
250	256	0.000128109
250	256	0.000129375
250	256	0.000187077
250	256	0.000211865
250	256	0.000145054
250	256	0.000141558
250	256	0.000149114
250	256	0.000199485
250	256	0.000206487
250	256	0.000207935
250	256	0.000212234
250	256	0.000144685
250	256	0.000212542
250	256	0.000212446
250	256	0.000212956
250	256	0.000209741
250	256	0.000209910
250	256	0.000222084
250	256	0.000219669
250	256	0.000210999
250	256	0.000206992
250	256	0.000211805
250	256	0.000146176
250	256	0.000212754
250	256	0.000207286
250	256	0.000207372
250	256	0.000192747
250	256	0.000207336
250	256	0.000207031
250	256	0.000206963
250	256	0.000212686
250	256	0.000220861
250	256	0.000149387
250	256	0.000202810
250	256	0.000136888
250	256	0.000207699
250	256	0.000208042
250	256	0.000212512
250	256	0.000205479
250	256	0.000142145
250	256	0.000144249
250	256	0.000191371
250	256	0.000212739
250	256	0.000196394
250	256	0.000218191
250	256	0.000142924
250	256	0.000209552
250	380	0.000175464
250	380	0.000178170
250	380	0.000173329
250	380	0.000176400
250	380	0.000182993
250	380	0.000178601
250	380	0.000118133
250	380	0.000180928
250	380	0.000177136
250	380	0.000173265
250	380	0.000173838
250	380	0.000173132
250	380	0.000176194
250	380	0.000178620
250	380	0.000176550
250	380	0.000172274
250	380	0.000177872
250	380	0.000175696
250	380	0.000178728
250	380	0.000173434
250	380	0.000173550
250	380	0.000147054
250	380	0.000117816
250	380	0.000178390
250	380	0.000181722
250	380	0.000176577
250	380	0.000121202
250	380	0.000118322
250	380	0.000173735
250	380	0.000177897
250	380	0.000176035
250	380	0.000118269
250	380	0.000117819
250	380	0.000174059
250	380	0.000174475
250	380	0.000117579
250	380	0.000119935
250	380	0.000124692
250	380	0.000177409
250	380	0.000190687
250	380	0.000133128
250	380	0.000191605
250	380	0.000187501
250	380	0.000215321
250	380	0.000219514
250	380	0.000215702
250	380	0.000216893
250	380	0.000216725
250	380	0.000218540
250	380	0.000214632
250	380	0.000211671
250	380	0.000209953
250	380	0.000215716
250	380	0.000214722
250	380	0.000220892
250	380	0.000227112
250	380	0.000220730
250	380	0.000221912
250	380	0.000181406
250	380	0.000270395
250	380	0.000277251
250	380	0.000255625
250	380	0.000261001
250	380	0.000265464
250	380	0.000269849
250	380	0.000276006
250	380	0.000269831
250	380	0.000263656
250	380	0.000263479
250	380	0.000181912
250	380	0.000277698
250	380	0.000272644
250	380	0.000274328
250	380	0.000276921
250	380	0.000183931
250	380	0.000291185
250	380	0.000302637
250	380	0.000263959
250	380	0.000311629
250	380	0.000309479
250	380	0.000311333
250	380	0.000304645
250	380	0.000267309
250	380	0.000304838
250	380	0.000206094
250	380	0.000310144
250	380	0.000311467
250	380	0.000307923
250	380	0.000310794
250	380	0.000206265
250	380	0.000304295
250	380	0.000303954
250	380	0.000307520
250	380	0.000310321
250	380	0.000313046
250	380	0.000320297
250	380	0.000308474
250	380	0.000311363
250	380	0.000294180
250	380	0.000309137
250	510	0.000237307
250	510	0.000231829
250	510	0.000238876
250	510	0.000238724
250	510	0.000209449
250	510	0.000238698
250	510	0.000237915
250	510	0.000232483
250	510	0.000236669
250	510	0.000236240
250	510	0.000238518
250	510	0.000229559
250	510	0.000214067
250	510	0.000231837
250	510	0.000232285
250	510	0.000238963
250	510	0.000233285
250	510	0.000237154
250	510	0.000239032
250	510	0.000183490
250	510	0.000170668
250	510	0.000255464
250	510	0.000278969
250	510	0.000275186
250	510	0.000274239
250	510	0.000186107
250	510	0.000263892
250	510	0.000264774
250	510	0.000266054
250	510	0.000306248
250	510	0.000309793
250	510	0.000306759
250	510	0.000332195
250	510	0.000325159
250	510	0.000333040
250	510	0.000325399
250	510	0.000220769
250	510	0.000219843
250	510	0.000339543
250	510	0.000347460
250	510	0.000258369
250	510	0.000402824
250	510	0.000281603
250	510	0.000421247
250	510	0.000416716
250	510	0.000417163
250	510	0.000312352
250	510	0.000406131
250	510	0.000417318
250	510	0.000417165
250	510	0.000424107
250	510	0.000417617
250	510	0.000424808
250	510	0.000420527
250	510	0.000416171
250	510	0.000392829
250	510	0.000379208
250	510	0.000452154
250	510	0.000404310
250	510	0.000259673
250	510	0.000424545
250	510	0.000415398
250	510	0.000413842
250	510	0.000413955
250	510	0.000415641
250	510	0.000418064
250	510	0.000386865
250	510	0.000424828
250	510	0.000407180
250	510	0.000406462
250	510	0.000270305
250	510	0.000395512
250	510	0.000424441
250	510	0.000275993
250	510	0.000392569
250	510	0.000392877
250	510	0.000409782
250	510	0.000416853
250	510	0.000413744
250	510	0.000429069
250	510	0.000412978
250	510	0.000392091
250	510	0.000262305
250	510	0.000276310
250	510	0.000419569
250	510	0.000418920
250	510	0.000387639
250	510	0.000426321
250	510	0.000434795
250	510	0.000407336
250	510	0.000417377
250	510	0.000392548
250	510	0.000427296
250	510	0.000414196
250	510	0.000381545
250	510	0.000406426
250	510	0.000416089
250	510	0.000404899
250	510	0.000276176
250	510	0.000266024
250	600	0.000186373
250	600	0.000285645
250	600	0.000281256
250	600	0.000280223
250	600	0.000278259
250	600	0.000193700
250	600	0.000280026
250	600	0.000186926
250	600	0.000272961
250	600	0.000215417
250	600	0.000273396
250	600	0.000276737
250	600	0.000276711
250	600	0.000201536
250	600	0.000186440
250	600	0.000278336
250	600	0.000279041
250	600	0.000282650
250	600	0.000277459
250	600	0.000274181
250	600	0.000275063
250	600	0.000282014
250	600	0.000274185
250	600	0.000227227
250	600	0.000276868
250	600	0.000278265
250	600	0.000281137
250	600	0.000279314
250	600	0.000283138
250	600	0.000282346
250	600	0.000273578
250	600	0.000282934
250	600	0.000315408
250	600	0.000304865
250	600	0.000208888
250	600	0.000244366
250	600	0.000307785
250	600	0.000295015
250	600	0.000326010
250	600	0.000320346
250	600	0.000320903
250	600	0.000327653
250	600	0.000337084
250	600	0.000332126
250	600	0.000226914
250	600	0.000340426
250	600	0.000339920
250	600	0.000347092
250	600	0.000344444
250	600	0.000377834
250	600	0.000370172
250	600	0.000372328
250	600	0.000371147
250	600	0.000374784
250	600	0.000374531
250	600	0.000364373
250	600	0.000374949
250	600	0.000479040
250	600	0.000526477
250	600	0.000493470
250	600	0.000464307
250	600	0.000494298
250	600	0.000339326
250	600	0.000490430
250	600	0.000492002
250	600	0.000367699
250	600	0.000434707
250	600	0.000492448
250	600	0.000502038
250	600	0.000496833
250	600	0.000480505
250	600	0.000312882
250	600	0.000487409
250	600	0.000491489
250	600	0.000480013
250	600	0.000494593
250	600	0.000326661
250	600	0.000492564
250	600	0.000479021
250	600	0.000495288
250	600	0.000486294
250	600	0.000498577
250	600	0.000324675
250	600	0.000480522
250	600	0.000433686
250	600	0.000334808
250	600	0.000491886
250	600	0.000491708
250	600	0.000495566
250	600	0.000477048
250	600	0.000465063
250	600	0.000372876
250	600	0.000478638
250	600	0.000343745
250	600	0.000462731
250	600	0.000485043
250	600	0.000326162
250	600	0.000487093
250	600	0.000491327
250	600	0.000495856
380	128	0.000075581
380	128	0.000075855
380	128	0.000081797
380	128	0.000075220
380	128	0.000080066
380	128	0.000073877
380	128	0.000074160
380	128	0.000074547
380	128	0.000075462
380	128	0.000075249
380	128	0.000084231
380	128	0.000082168
380	128	0.000075307
380	128	0.000081358
380	128	0.000073666
380	128	0.000082048
380	128	0.000074502
380	128	0.000082698
380	128	0.000084403
380	128	0.000076118
380	128	0.000073953
380	128	0.000074324
380	128	0.000073791
380	128	0.000082352
380	128	0.000075147
380	128	0.000075448
380	128	0.000076419
380	128	0.000075156
380	128	0.000076904
380	128	0.000082174
380	128	0.000075292
380	128	0.000073962
380	128	0.000073959
380	128	0.000081938
380	128	0.000082256
380	128	0.000079065
380	128	0.000073626
380	128	0.000065809
380	128	0.000074288
380	128	0.000083861
380	128	0.000082428
380	128	0.000075006
380	128	0.000081921
380	128	0.000074050
380	128	0.000082167
380	128	0.000062551
380	128	0.000075771
380	128	0.000082089
380	128	0.000079017
380	128	0.000074485
380	128	0.000079323
380	128	0.000082021
380	128	0.000075638
380	128	0.000073760
380	128	0.000076014
380	128	0.000074707
380	128	0.000073942
380	128	0.000082192
380	128	0.000075473
380	128	0.000082009
380	128	0.000084110
380	128	0.000076634
380	128	0.000082236
380	128	0.000083800
380	128	0.000067527
380	128	0.000073921
380	128	0.000074337
380	128	0.000075941
380	128	0.000094615
380	128	0.000074460
380	128	0.000076003
380	128	0.000062822
380	128	0.000075197
380	128	0.000075613
380	128	0.000060205
380	128	0.000075162
380	128	0.000076441
380	128	0.000082139
380	128	0.000075048
380	128	0.000082209
380	128	0.000074769
380	128	0.000074212
380	128	0.000075160
380	128	0.000077222
380	128	0.000127365
380	128	0.000074666
380	128	0.000075632
380	128	0.000083818
380	128	0.000075637
380	128	0.000082491
380	128	0.000074902
380	128	0.000075267
380	128	0.000135324
380	128	0.000135078
380	128	0.000122488
380	128	0.000135879
380	128	0.000109834
380	128	0.000133627
380	128	0.000131528
380	128	0.000129271
380	256	0.000153066
380	256	0.000151801
380	256	0.000159675
380	256	0.000153327
380	256	0.000166575
380	256	0.000166771
380	256	0.000167288
380	256	0.000153105
380	256	0.000166993
380	256	0.000166932
380	256	0.000149996
380	256	0.000161918
380	256	0.000171011
380	256	0.000170945
380	256	0.000157609
380	256	0.000166983
380	256	0.000166499
380	256	0.000151062
380	256	0.000153976
380	256	0.000151182
380	256	0.000166573
380	256	0.000152018
380	256	0.000151562
380	256	0.000150344
380	256	0.000191703
380	256	0.000175891
380	256	0.000194952
380	256	0.000190412
380	256	0.000233728
380	256	0.000215523
380	256	0.000209441
380	256	0.000229394
380	256	0.000248696
380	256	0.000253814
380	256	0.000253002
380	256	0.000298358
380	256	0.000306723
380	256	0.000309185
380	256	0.000292687
380	256	0.000264519
380	256	0.000268013
380	256	0.000268435
380	256	0.000287105
380	256	0.000263715
380	256	0.000263229
380	256	0.000268924
380	256	0.000264075
380	256	0.000268659
380	256	0.000268720
380	256	0.000262479
380	256	0.000312827
380	256	0.000263090
380	256	0.000293129
380	256	0.000293791
380	256	0.000292858
380	256	0.000293078
380	256	0.000300094
380	256	0.000329552
380	256	0.000287140
380	256	0.000264040
380	256	0.000268474
380	256	0.000280292
380	256	0.000216027
380	256	0.000264084
380	256	0.000265876
380	256	0.000276706
380	256	0.000287141
380	256	0.000268015
380	256	0.000266134
380	256	0.000281133
380	256	0.000268935
380	256	0.000268102
380	256	0.000278748
380	256	0.000292139
380	256	0.000292446
380	256	0.000268716
380	256	0.000248042
380	256	0.000268262
380	256	0.000285271
380	256	0.000274265
380	256	0.000268874
380	256	0.000299406
380	256	0.000264640
380	256	0.000247901
380	256	0.000298930
380	256	0.000298394
380	256	0.000290888
380	256	0.000264738
380	256	0.000267582
380	256	0.000292313
380	256	0.000263331
380	256	0.000247733
380	256	0.000263165
380	256	0.000291529
380	256	0.000300171
380	256	0.000278284
380	256	0.000265232
380	256	0.000292738
380	256	0.000263380
380	256	0.000252348
380	380	0.000220456
380	380	0.000219772
380	380	0.000220477
380	380	0.000223611
380	380	0.000233751
380	380	0.000221471
380	380	0.000223642
380	380	0.000223632
380	380	0.000239738
380	380	0.000220578
380	380	0.000244632
380	380	0.000244273
380	380	0.000249882
380	380	0.000220764
380	380	0.000224998
380	380	0.000224348
380	380	0.000219392
380	380	0.000244180
380	380	0.000224203
380	380	0.000254515
380	380	0.000244406
380	380	0.000220355
380	380	0.000248918
380	380	0.000224849
380	380	0.000244610
380	380	0.000234099
380	380	0.000224426
380	380	0.000220278
380	380	0.000244662
380	380	0.000244659
380	380	0.000244508
380	380	0.000220882
380	380	0.000219715
380	380	0.000236603
380	380	0.000249773
380	380	0.000243871
380	380	0.000244163
380	380	0.000237144
380	380	0.000219564
380	380	0.000250194
380	380	0.000250045
380	380	0.000308156
380	380	0.000341593
380	380	0.000317010
380	380	0.000305498
380	380	0.000299524
380	380	0.000325920
380	380	0.000315456
380	380	0.000301472
380	380	0.000304642
380	380	0.000345901
380	380	0.000330641
380	380	0.000292905
380	380	0.000341954
380	380	0.000376116
380	380	0.000346309
380	380	0.000336933
380	380	0.000287632
380	380	0.000336141
380	380	0.000392102
380	380	0.000427780
380	380	0.000403813
380	380	0.000420551
380	380	0.000420558
380	380	0.000428592
380	380	0.000362096
380	380	0.000362745
380	380	0.000427183
380	380	0.000391935
380	380	0.000384607
380	380	0.000386374
380	380	0.000425159
380	380	0.000385162
380	380	0.000437717
380	380	0.000401035
380	380	0.000383755
380	380	0.000393313
380	380	0.000361443
380	380	0.000399928
380	380	0.000395713
380	380	0.000392260
380	380	0.000388258
380	380	0.000410541
380	380	0.000426908
380	380	0.000361619
380	380	0.000399968
380	380	0.000437148
380	380	0.000384618
380	380	0.000430511
380	380	0.000396758
380	380	0.000391523
380	380	0.000411550
380	380	0.000412868
380	380	0.000436743
380	380	0.000436944
380	380	0.000415705
380	380	0.000384383
380	380	0.000388927
380	380	0.000371355
380	380	0.000446088
380	510	0.000293560
380	510	0.000299360
380	510	0.000299587
380	510	0.000314843
380	510	0.000309481
380	510	0.000334115
380	510	0.000293103
380	510	0.000326543
380	510	0.000292909
380	510	0.000326223
380	510	0.000311293
380	510	0.000304578
380	510	0.000293240
380	510	0.000293242
380	510	0.000298623
380	510	0.000298666
380	510	0.000315522
380	510	0.000327099
380	510	0.000299180
380	510	0.000293558
380	510	0.000293103
380	510	0.000326140
380	510	0.000320534
380	510	0.000340639
380	510	0.000333991
380	510	0.000335102
380	510	0.000326037
380	510	0.000293612
380	510	0.000398349
380	510	0.000416110
380	510	0.000373066
380	510	0.000441809
380	510	0.000440745
380	510	0.000464166
380	510	0.000495317
380	510	0.000493170
380	510	0.000512952
380	510	0.000540062
380	510	0.000523805
380	510	0.000493016
380	510	0.000550668
380	510	0.000513899
380	510	0.000532707
380	510	0.000555300
380	510	0.000492505
380	510	0.000581252
380	510	0.000544703
380	510	0.000492277
380	510	0.000479126
380	510	0.000500313
380	510	0.000464701
380	510	0.000507260
380	510	0.000507993
380	510	0.000492573
380	510	0.000503048
380	510	0.000535066
380	510	0.000512537
380	510	0.000546126
380	510	0.000573089
380	510	0.000488349
380	510	0.000555035
380	510	0.000526814
380	510	0.000520717
380	510	0.000598564
380	510	0.000513677
380	510	0.000546418
380	510	0.000523166
380	510	0.000500016
380	510	0.000533759
380	510	0.000537366
380	510	0.000574639
380	510	0.000512335
380	510	0.000571574
380	510	0.000572427
380	510	0.000570626
380	510	0.000512464
380	510	0.000513033
380	510	0.000482857
380	510	0.000501392
380	510	0.000523803
380	510	0.000502198
380	510	0.000539843
380	510	0.000514191
380	510	0.000516735
380	510	0.000523820
380	510	0.000505714
380	510	0.000522775
380	510	0.000522589
380	510	0.000556774
380	510	0.000571297
380	510	0.000485734
380	510	0.000531718
380	510	0.000570721
380	510	0.000534140
380	510	0.000513406
380	510	0.000574169
380	510	0.000557643
380	510	0.000484294
380	510	0.000534028
380	510	0.000515855
380	600	0.000397204
380	600	0.000398097
380	600	0.000385360
380	600	0.000385544
380	600	0.000384501
380	600	0.000346065
380	600	0.000393947
380	600	0.000357082
380	600	0.000353462
380	600	0.000358647
380	600	0.000359590
380	600	0.000351899
380	600	0.000346587
380	600	0.000385218
380	600	0.000347143
380	600	0.000346960
380	600	0.000390268
380	600	0.000356575
380	600	0.000397340
380	600	0.000353047
380	600	0.000384581
380	600	0.000347233
380	600	0.000352719
380	600	0.000346130
380	600	0.000361105
380	600	0.000356065
380	600	0.000346702
380	600	0.000384807
380	600	0.000353056
380	600	0.000353840
380	600	0.000346581
380	600	0.000352789
380	600	0.000381064
380	600	0.000379249
380	600	0.000362742
380	600	0.000358590
380	600	0.000358861
380	600	0.000399647
380	600	0.000395361
380	600	0.000431320
380	600	0.000387794
380	600	0.000397881
380	600	0.000470821
380	600	0.000462270
380	600	0.000581955
380	600	0.000580595
380	600	0.000587259
380	600	0.000624303
380	600	0.000621658
380	600	0.000587936
380	600	0.000617820
380	600	0.000663577
380	600	0.000689376
380	600	0.000632373
380	600	0.000617179
380	600	0.000649762
380	600	0.000605896
380	600	0.000662919
380	600	0.000605825
380	600	0.000610846
380	600	0.000675507
380	600	0.000606642
380	600	0.000639701
380	600	0.000605633
380	600	0.000637820
380	600	0.000605874
380	600	0.000672526
380	600	0.000619244
380	600	0.000673366
380	600	0.000669316
380	600	0.000689170
380	600	0.000631828
380	600	0.000619996
380	600	0.000670159
380	600	0.000608349
380	600	0.000587393
380	600	0.000618630
380	600	0.000589567
380	600	0.000645170
380	600	0.000601090
380	600	0.000583765
380	600	0.000657767
380	600	0.000617915
380	600	0.000618270
380	600	0.000618870
380	600	0.000631904
380	600	0.000604853
380	600	0.000599003
380	600	0.000673506
380	600	0.000598863
380	600	0.000617568
380	600	0.000625508
380	600	0.000617228
380	600	0.000611927
380	600	0.000687845
380	600	0.000625054
380	600	0.000604162
380	600	0.000612890
380	600	0.000673849
380	600	0.000654482
510	128	0.000089485
510	128	0.000099419
510	128	0.000097799
510	128	0.000091208
510	128	0.000097497
510	128	0.000097891
510	128	0.000090986
510	128	0.000091101
510	128	0.000090231
510	128	0.000089873
510	128	0.000090885
510	128	0.000091072
510	128	0.000097719
510	128	0.000089434
510	128	0.000089910
510	128	0.000089875
510	128	0.000089652
510	128	0.000097790
510	128	0.000091225
510	128	0.000098372
510	128	0.000089989
510	128	0.000089852
510	128	0.000100162
510	128	0.000091161
510	128	0.000100079
510	128	0.000091175
510	128	0.000100103
510	128	0.000097934
510	128	0.000099411
510	128	0.000090010
510	128	0.000091294
510	128	0.000097815
510	128	0.000091032
510	128	0.000091126
510	128	0.000097899
510	128	0.000098212
510	128	0.000099771
510	128	0.000089604
510	128	0.000116989
510	128	0.000119307
510	128	0.000111161
510	128	0.000119243
510	128	0.000131534
510	128	0.000134883
510	128	0.000131484
510	128	0.000149058
510	128	0.000174898
510	128	0.000164947
510	128	0.000159553
510	128	0.000159674
510	128	0.000160147
510	128	0.000170936
510	128	0.000171836
510	128	0.000174608
510	128	0.000171096
510	128	0.000170753
510	128	0.000158749
510	128	0.000157273
510	128	0.000171655
510	128	0.000174469
510	128	0.000174624
510	128	0.000171289
510	128	0.000174712
510	128	0.000170817
510	128	0.000171189
510	128	0.000159595
510	128	0.000157217
510	128	0.000159418
510	128	0.000171371
510	128	0.000175231
510	128	0.000157828
510	128	0.000159680
510	128	0.000174361
510	128	0.000157002
510	128	0.000180768
510	128	0.000157282
510	128	0.000170707
510	128	0.000157789
510	128	0.000159733
510	128	0.000156942
510	128	0.000159627
510	128	0.000156222
510	128	0.000174576
510	128	0.000171317
510	128	0.000148361
510	128	0.000171340
510	128	0.000159637
510	128	0.000158615
510	128	0.000156496
510	128	0.000170744
510	128	0.000159359
510	128	0.000171046
510	128	0.000156260
510	128	0.000159365
510	128	0.000170963
510	128	0.000157242
510	128	0.000166513
510	128	0.000182185
510	128	0.000165238
510	128	0.000170985
510	256	0.000199494
510	256	0.000183412
510	256	0.000182982
510	256	0.000186789
510	256	0.000185662
510	256	0.000183026
510	256	0.000183573
510	256	0.000207998
510	256	0.000183117
510	256	0.000182919
510	256	0.000192009
510	256	0.000203614
510	256	0.000200026
510	256	0.000186099
510	256	0.000190171
510	256	0.000183531
510	256	0.000183163
510	256	0.000190829
510	256	0.000203373
510	256	0.000185579
510	256	0.000193284
510	256	0.000186299
510	256	0.000199742
510	256	0.000192464
510	256	0.000199523
510	256	0.000199666
510	256	0.000184609
510	256	0.000203486
510	256	0.000183665
510	256	0.000184351
510	256	0.000192101
510	256	0.000182917
510	256	0.000182542
510	256	0.000183198
510	256	0.000200047
510	256	0.000183404
510	256	0.000223558
510	256	0.000257192
510	256	0.000243535
510	256	0.000269656
510	256	0.000296017
510	256	0.000282962
510	256	0.000357140
510	256	0.000328890
510	256	0.000321526
510	256	0.000323539
510	256	0.000355455
510	256	0.000307946
510	256	0.000325940
510	256	0.000329106
510	256	0.000366163
510	256	0.000322005
510	256	0.000355946
510	256	0.000301647
510	256	0.000323246
510	256	0.000333448
510	256	0.000331348
510	256	0.000349572
510	256	0.000325842
510	256	0.000348959
510	256	0.000325646
510	256	0.000332557
510	256	0.000328359
510	256	0.000357375
510	256	0.000320557
510	256	0.000326869
510	256	0.000350332
510	256	0.000361624
510	256	0.000321209
510	256	0.000349173
510	256	0.000328718
510	256	0.000331432
510	256	0.000361261
510	256	0.000356022
510	256	0.000325892
510	256	0.000335772
510	256	0.000362491
510	256	0.000336829
510	256	0.000349729
510	256	0.000355456
510	256	0.000351633
510	256	0.000355185
510	256	0.000320015
510	256	0.000328171
510	256	0.000356704
510	256	0.000346390
510	256	0.000349038
510	256	0.000320774
510	256	0.000355952
510	256	0.000333458
510	256	0.000325137
510	256	0.000355563
510	256	0.000306361
510	256	0.000355825
510	256	0.000321464
510	256	0.000347121
510	256	0.000352333
510	256	0.000349128
510	256	0.000349466
510	256	0.000321254
510	380	0.000271141
510	380	0.000297368
510	380	0.000271710
510	380	0.000267155
510	380	0.000266816
510	380	0.000277687
510	380	0.000297098
510	380	0.000267372
510	380	0.000267409
510	380	0.000299250
510	380	0.000283813
510	380	0.000271275
510	380	0.000267174
510	380	0.000291947
510	380	0.000274807
510	380	0.000267976
510	380	0.000271295
510	380	0.000271895
510	380	0.000299415
510	380	0.000309054
510	380	0.000267832
510	380	0.000267856
510	380	0.000267463
510	380	0.000276397
510	380	0.000312403
510	380	0.000302243
510	380	0.000308552
510	380	0.000317783
510	380	0.000316982
510	380	0.000347518
510	380	0.000314260
510	380	0.000393562
510	380	0.000429300
510	380	0.000456527
510	380	0.000422476
510	380	0.000462443
510	380	0.000422550
510	380	0.000430820
510	380	0.000510755
510	380	0.000520398
510	380	0.000486240
510	380	0.000468490
510	380	0.000474834
510	380	0.000439589
510	380	0.000474655
510	380	0.000491194
510	380	0.000466901
510	380	0.000475241
510	380	0.000485146
510	380	0.000510741
510	380	0.000439929
510	380	0.000464888
510	380	0.000517571
510	380	0.000467545
510	380	0.000472276
510	380	0.000474839
510	380	0.000441974
510	380	0.000477351
510	380	0.000470642
510	380	0.000446941
510	380	0.000489108
510	380	0.000522395
510	380	0.000475571
510	380	0.000450353
510	380	0.000496157
510	380	0.000510758
510	380	0.000466440
510	380	0.000493945
510	380	0.000466762
510	380	0.000460533
510	380	0.000497945
510	380	0.000520114
510	380	0.000462937
510	380	0.000498376
510	380	0.000474976
510	380	0.000475406
510	380	0.000469647
510	380	0.000510460
510	380	0.000487186
510	380	0.000467395
510	380	0.000442453
510	380	0.000532650
510	380	0.000509936
510	380	0.000484791
510	380	0.000467694
510	380	0.000449613
510	380	0.000521958
510	380	0.000520634
510	380	0.000465130
510	380	0.000510899
510	380	0.000508616
510	380	0.000531792
510	380	0.000510618
510	380	0.000478081
510	380	0.000510857
510	380	0.000480427
510	380	0.000506255
510	380	0.000494753
510	380	0.000511363
510	380	0.000440508
510	510	0.000362418
510	510	0.000356030
510	510	0.000356322
510	510	0.000388785
510	510	0.000357532
510	510	0.000362175
510	510	0.000361944
510	510	0.000362455
510	510	0.000374638
510	510	0.000403583
510	510	0.000389694
510	510	0.000376928
510	510	0.000370283
510	510	0.000370995
510	510	0.000455267
510	510	0.000453791
510	510	0.000461065
510	510	0.000584643
510	510	0.000563533
510	510	0.000676745
510	510	0.000631075
510	510	0.000679167
510	510	0.000655926
510	510	0.000642692
510	510	0.000626865
510	510	0.000624264
510	510	0.000643102
510	510	0.000623951
510	510	0.000643718
510	510	0.000683102
510	510	0.000642682
510	510	0.000619241
510	510	0.000614335
510	510	0.000651474
510	510	0.000642085
510	510	0.000622148
510	510	0.000657141
510	510	0.000694521
510	510	0.000615067
510	510	0.000644658
510	510	0.000706760
510	510	0.000681445
510	510	0.000660526
510	510	0.000623015
510	510	0.000650791
510	510	0.000630392
510	510	0.000623904
510	510	0.000650193
510	510	0.000678880
510	510	0.000683315
510	510	0.000633612
510	510	0.000642557
510	510	0.000641204
510	510	0.000647476
510	510	0.000672655
510	510	0.000633823
510	510	0.000635423
510	510	0.000624160
510	510	0.000687359
510	510	0.000701590
510	510	0.000649638
510	510	0.000601158
510	510	0.000693430
510	510	0.000611706
510	510	0.000618941
510	510	0.000692741
510	510	0.000695559
510	510	0.000651100
510	510	0.000623695
510	510	0.000654503
510	510	0.000622858
510	510	0.000665902
510	510	0.000622739
510	510	0.000617407
510	510	0.000682144
510	510	0.000627834
510	510	0.000695131
510	510	0.000622957
510	510	0.000624889
510	510	0.000659264
510	510	0.000688517
510	510	0.000647638
510	510	0.000626234
510	510	0.000658841
510	510	0.000634528
510	510	0.000685953
510	510	0.000647868
510	510	0.000644015
510	510	0.000637040
510	510	0.000673006
510	510	0.000626923
510	510	0.000629412
510	510	0.000635195
510	510	0.000646634
510	510	0.000681088
510	510	0.000652815
510	510	0.000623072
510	510	0.000652229
510	510	0.000622692
510	510	0.000653144
510	600	0.000431277
510	600	0.000427481
510	600	0.000460210
510	600	0.000427494
510	600	0.000460328
510	600	0.000468698
510	600	0.000421628
510	600	0.000427869
510	600	0.000459507
510	600	0.000420500
510	600	0.000459248
510	600	0.000460194
510	600	0.000427563
510	600	0.000421620
510	600	0.000427506
510	600	0.000421757
510	600	0.000470600
510	600	0.000546492
510	600	0.000562197
510	600	0.000655192
510	600	0.000682682
510	600	0.000754580
510	600	0.000818215
510	600	0.000747643
510	600	0.000735918
510	600	0.000773518
510	600	0.000744438
510	600	0.000748736
510	600	0.000724008
510	600	0.000752381
510	600	0.000705564
510	600	0.000770231
510	600	0.000820758
510	600	0.000758576
510	600	0.000756746
510	600	0.000742301
510	600	0.000804262
510	600	0.000754118
510	600	0.000807498
510	600	0.000750716
510	600	0.000738940
510	600	0.000793431
510	600	0.000751562
510	600	0.000753248
510	600	0.000804901
510	600	0.000751429
510	600	0.000741988
510	600	0.000735603
510	600	0.000784681
510	600	0.000742034
510	600	0.000819298
510	600	0.000720893
510	600	0.000762328
510	600	0.000823336
510	600	0.000748256
510	600	0.000748556
510	600	0.000758836
510	600	0.000787504
510	600	0.000805495
510	600	0.000758278
510	600	0.000806147
510	600	0.000806277
510	600	0.000730849
510	600	0.000742029
510	600	0.000726315
510	600	0.000843050
510	600	0.000735116
510	600	0.000771219
510	600	0.000770944
510	600	0.000747130
510	600	0.000804233
510	600	0.000744715
510	600	0.000761611
510	600	0.000749329
510	600	0.000776107
510	600	0.000773381
510	600	0.000747878
510	600	0.000800814
510	600	0.000749221
510	600	0.000737965
510	600	0.000766069
510	600	0.000765992
510	600	0.000804992
510	600	0.000759313
510	600	0.000749863
510	600	0.000746355
510	600	0.000802316
510	600	0.000759101
510	600	0.000762050
510	600	0.000815693
510	600	0.000821350
510	600	0.000785577
510	600	0.000738995
510	600	0.000771537
510	600	0.000773484
510	600	0.000747535
510	600	0.000751705
510	600	0.000735663
510	600	0.000731458
510	600	0.000757506
600	128	0.000126240
600	128	0.000119400
600	128	0.000123320
600	128	0.000127791
600	128	0.000117575
600	128	0.000125939
600	128	0.000117749
600	128	0.000118222
600	128	0.000117205
600	128	0.000117120
600	128	0.000130883
600	128	0.000117951
600	128	0.000117558
600	128	0.000127709
600	128	0.000120482
600	128	0.000130632
600	128	0.000128270
600	128	0.000118043
600	128	0.000128114
600	128	0.000117192
600	128	0.000125595
600	128	0.000119580
600	128	0.000118652
600	128	0.000126188
600	128	0.000119478
600	128	0.000119171
600	128	0.000119433
600	128	0.000119323
600	128	0.000117724
600	128	0.000119835
600	128	0.000119344
600	128	0.000118978
600	128	0.000128672
600	128	0.000118068
600	128	0.000128364
600	128	0.000117656
600	128	0.000119281
600	128	0.000118962
600	128	0.000117448
600	128	0.000117716
600	128	0.000127834
600	128	0.000118668
600	128	0.000125878
600	128	0.000128425
600	128	0.000118112
600	128	0.000126335
600	128	0.000119294
600	128	0.000126315
600	128	0.000118561
600	128	0.000118074
600	128	0.000126188
600	128	0.000117809
600	128	0.000118896
600	128	0.000118450
600	128	0.000119107
600	128	0.000137098
600	128	0.000148410
600	128	0.000137301
600	128	0.000143457
600	128	0.000170511
600	128	0.000167729
600	128	0.000156355
600	128	0.000156924
600	128	0.000157406
600	128	0.000157174
600	128	0.000164400
600	128	0.000185587
600	128	0.000179082
600	128	0.000175617
600	128	0.000182595
600	128	0.000176527
600	128	0.000165865
600	128	0.000171233
600	128	0.000185922
600	128	0.000185744
600	128	0.000173308
600	128	0.000196575
600	128	0.000193164
600	128	0.000196280
600	128	0.000194707
600	128	0.000230180
600	128	0.000265927
600	128	0.000225401
600	128	0.000227303
600	128	0.000229123
600	128	0.000209873
600	128	0.000206771
600	128	0.000220343
600	128	0.000215831
600	128	0.000224186
600	128	0.000215279
600	128	0.000223554
600	128	0.000217675
600	128	0.000225890
600	128	0.000254727
600	128	0.000214551
600	128	0.000214155
600	128	0.000206408
600	128	0.000220648
600	128	0.000212815
600	256	0.000240004
600	256	0.000240987
600	256	0.000240002
600	256	0.000260980
600	256	0.000239734
600	256	0.000263238
600	256	0.000243075
600	256	0.000243167
600	256	0.000240374
600	256	0.000244158
600	256	0.000241436
600	256	0.000241069
600	256	0.000240205
600	256	0.000240214
600	256	0.000240248
600	256	0.000240238
600	256	0.000241045
600	256	0.000260244
600	256	0.000259883
600	256	0.000240531
600	256	0.000260176
600	256	0.000240179
600	256	0.000254525
600	256	0.000241368
600	256	0.000239751
600	256	0.000244007
600	256	0.000256816
600	256	0.000245053
600	256	0.000239864
600	256	0.000243070
600	256	0.000257073
600	256	0.000253591
600	256	0.000248769
600	256	0.000249253
600	256	0.000250781
600	256	0.000258820
600	256	0.000275974
600	256	0.000259826
600	256	0.000297768
600	256	0.000293394
600	256	0.000317042
600	256	0.000312777
600	256	0.000304214
600	256	0.000304114
600	256	0.000280619
600	256	0.000327076
600	256	0.000326573
600	256	0.000351461
600	256	0.000398904
600	256	0.000376325
600	256	0.000407913
600	256	0.000419926
600	256	0.000433906
600	256	0.000420302
600	256	0.000422616
600	256	0.000450297
600	256	0.000425184
600	256	0.000455724
600	256	0.000422055
600	256	0.000419767
600	256	0.000449363
600	256	0.000455461
600	256	0.000420467
600	256	0.000422608
600	256	0.000408103
600	256	0.000421422
600	256	0.000425642
600	256	0.000431550
600	256	0.000435264
600	256	0.000420621
600	256	0.000428497
600	256	0.000402073
600	256	0.000421080
600	256	0.000419374
600	256	0.000458851
600	256	0.000421177
600	256	0.000502219
600	256	0.000460403
600	256	0.000420108
600	256	0.000435034
600	256	0.000407679
600	256	0.000425032
600	256	0.000395309
600	256	0.000433398
600	256	0.000423422
600	256	0.000400435
600	256	0.000399412
600	256	0.000448648
600	256	0.000430398
600	256	0.000449415
600	256	0.000400972
600	256	0.000462983
600	256	0.000420315
600	256	0.000423391
600	256	0.000420538
600	256	0.000472693
600	256	0.000449683
600	256	0.000399121
600	256	0.000429234
600	256	0.000468950
600	380	0.000501853
600	380	0.000373100
600	380	0.000375570
600	380	0.000351022
600	380	0.000350598
600	380	0.000350638
600	380	0.000385072
600	380	0.000369342
600	380	0.000372696
600	380	0.000360034
600	380	0.000350416
600	380	0.000350853
600	380	0.000350977
600	380	0.000380668
600	380	0.000360657
600	380	0.000384794
600	380	0.000357680
600	380	0.000355451
600	380	0.000350673
600	380	0.000352079
600	380	0.000351413
600	380	0.000389535
600	380	0.000369859
600	380	0.000395317
600	380	0.000386281
600	380	0.000424666
600	380	0.000442204
600	380	0.000444702
600	380	0.000399917
600	380	0.000424096
600	380	0.000404844
600	380	0.000438922
600	380	0.000446060
600	380	0.000409345
600	380	0.000524347
600	380	0.000537693
600	380	0.000540397
600	380	0.000621533
600	380	0.000599204
600	380	0.000621033
600	380	0.000631206
600	380	0.000617578
600	380	0.000703548
600	380	0.000580376
600	380	0.000593036
600	380	0.000641834
600	380	0.000613111
600	380	0.000591983
600	380	0.000595438
600	380	0.000538386
600	380	0.000523333
600	380	0.000683072
600	380	0.000666381
600	380	0.000586157
600	380	0.000666320
600	380	0.000607418
600	380	0.000667328
600	380	0.000632513
600	380	0.000639776
600	380	0.000648556
600	380	0.000663999
600	380	0.000658860
600	380	0.000653005
600	380	0.000615245
600	380	0.000613269
600	380	0.000585704
600	380	0.000609648
600	380	0.000656996
600	380	0.000599884
600	380	0.000613931
600	380	0.000629218
600	380	0.000621955
600	380	0.000663766
600	380	0.000617479
600	380	0.000602909
600	380	0.000656829
600	380	0.000631526
600	380	0.000615653
600	380	0.000669185
600	380	0.000616033
600	380	0.000660441
600	380	0.000616042
600	380	0.000627314
600	380	0.000635937
600	380	0.000661376
600	380	0.000577544
600	380	0.000607667
600	380	0.000614200
600	380	0.000609824
600	380	0.000666531
600	380	0.000592637
600	380	0.000657564
600	380	0.000620491
600	380	0.000618574
600	380	0.000604122
600	380	0.000578291
600	380	0.000589368
600	380	0.000613270
600	380	0.000605167
600	380	0.000615437
600	510	0.000501660
600	510	0.000501621
600	510	0.000476953
600	510	0.000506468
600	510	0.000475213
600	510	0.000478164
600	510	0.000485558
600	510	0.000474412
600	510	0.000484484
600	510	0.000505357
600	510	0.000518506
600	510	0.000468894
600	510	0.000469157
600	510	0.000502432
600	510	0.000501902
600	510	0.000468726
600	510	0.000468491
600	510	0.000489154
600	510	0.000520393
600	510	0.000503296
600	510	0.000503850
600	510	0.000544945
600	510	0.000518701
600	510	0.000536696
600	510	0.000562575
600	510	0.000573187
600	510	0.000596301
600	510	0.000596605
600	510	0.000699302
600	510	0.000690314
600	510	0.000836880
600	510	0.000825914
600	510	0.000830014
600	510	0.000818668
600	510	0.000813653
600	510	0.000849261
600	510	0.000828994
600	510	0.000881915
600	510	0.000871886
600	510	0.000831719
600	510	0.000784245
600	510	0.000858693
600	510	0.000879127
600	510	0.000827250
600	510	0.000829142
600	510	0.000820026
600	510	0.000841584
600	510	0.000909274
600	510	0.000849651
600	510	0.000838724
600	510	0.000828099
600	510	0.000845733
600	510	0.000872213
600	510	0.000881527
600	510	0.000882179
600	510	0.000877717
600	510	0.000833129
600	510	0.000841610
600	510	0.000832686
600	510	0.000809559
600	510	0.000844173
600	510	0.000837099
600	510	0.000889690
600	510	0.000854517
600	510	0.000803180
600	510	0.000819780
600	510	0.000818244
600	510	0.000797729
600	510	0.000819818
600	510	0.000838851
600	510	0.000848173
600	510	0.000827510
600	510	0.000785346
600	510	0.000821434
600	510	0.000786555
600	510	0.000895077
600	510	0.000846460
600	510	0.000873339
600	510	0.000820805
600	510	0.000816326
600	510	0.000859778
600	510	0.000832060
600	510	0.000843153
600	510	0.000834931
600	510	0.000820327
600	510	0.000829304
600	510	0.000872910
600	510	0.000844460
600	510	0.000804740
600	510	0.000875737
600	510	0.000836107
600	510	0.000852611
600	510	0.000815254
600	510	0.000890556
600	510	0.000824584
600	510	0.000855447
600	510	0.000910800
600	510	0.000863458
600	510	0.000800099
600	510	0.000900821
600	600	0.000581749
600	600	0.000558790
600	600	0.000592207
600	600	0.000552942
600	600	0.000592158
600	600	0.000558601
600	600	0.000560471
600	600	0.000565927
600	600	0.000558443
600	600	0.000592448
600	600	0.000591225
600	600	0.000553042
600	600	0.000554220
600	600	0.000601639
600	600	0.000559976
600	600	0.000559941
600	600	0.000584943
600	600	0.000560839
600	600	0.000592367
600	600	0.000592752
600	600	0.000600709
600	600	0.000552947
600	600	0.000554034
600	600	0.000560077
600	600	0.000564582
600	600	0.000592207
600	600	0.000558756
600	600	0.000558756
600	600	0.000610995
600	600	0.000638795
600	600	0.000655567
600	600	0.000594342
600	600	0.000578969
600	600	0.000580124
600	600	0.000696110
600	600	0.000646792
600	600	0.000685587
600	600	0.000681113
600	600	0.000636561
600	600	0.000627642
600	600	0.000630104
600	600	0.000653701
600	600	0.000694613
600	600	0.000690537
600	600	0.000653407
600	600	0.000653444
600	600	0.000747068
600	600	0.000752965
600	600	0.000921575
600	600	0.000866331
600	600	0.000888009
600	600	0.000794002
600	600	0.000786641
600	600	0.000907503
600	600	0.001012512
600	600	0.000984398
600	600	0.000981217
600	600	0.000793271
600	600	0.000768922
600	600	0.000833111
600	600	0.000810831
600	600	0.000870257
600	600	0.000875260
600	600	0.000944142
600	600	0.000812765
600	600	0.000776012
600	600	0.000823169
600	600	0.000820373
600	600	0.000822213
600	600	0.000828675
600	600	0.000872355
600	600	0.000856576
600	600	0.000821482
600	600	0.000937847
600	600	0.001011805
600	600	0.000867826
600	600	0.000868359
600	600	0.000993165
600	600	0.001022208
600	600	0.001044165
600	600	0.001042770
600	600	0.000985634
600	600	0.000965895
600	600	0.000958154
600	600	0.000973791
600	600	0.001030324
600	600	0.000968662
600	600	0.000980955
600	600	0.001030155
600	600	0.000965080
600	600	0.000989006
600	600	0.000950094
600	600	0.001018574
600	600	0.000984400
600	600	0.001012051
600	600	0.001054897
600	600	0.001037303
600	600	0.001005733
600	600	0.000963516
600	600	0.001007037
