120	128	0.000005211
120	128	0.000005170
120	128	0.000005433
120	128	0.000005429
120	128	0.000005163
120	128	0.000005453
120	128	0.000005453
120	128	0.000005195
120	128	0.000005223
120	128	0.000005126
120	128	0.000005176
120	128	0.000005184
120	128	0.000005478
120	128	0.000005399
120	128	0.000005241
120	128	0.000005202
120	128	0.000005080
120	128	0.000005211
120	128	0.000005225
120	128	0.000005203
120	128	0.000005132
120	128	0.000005513
120	128	0.000005463
120	128	0.000005127
120	128	0.000005233
120	128	0.000005177
120	128	0.000005175
120	128	0.000005257
120	128	0.000005450
120	128	0.000005196
120	128	0.000005311
120	128	0.000005315
120	128	0.000005455
120	128	0.000005354
120	128	0.000005393
120	128	0.000005609
120	128	0.000005579
120	128	0.000005572
120	128	0.000005618
120	128	0.000005665
120	128	0.000007270
120	128	0.000006480
120	128	0.000006537
120	128	0.000006556
120	128	0.000006532
120	128	0.000006621
120	128	0.000007609
120	128	0.000007689
120	128	0.000007697
120	128	0.000007623
120	128	0.000009548
120	128	0.000009078
120	128	0.000009459
120	128	0.000009525
120	128	0.000008977
120	128	0.000008999
120	128	0.000009487
120	128	0.000009064
120	128	0.000009499
120	128	0.000009150
120	128	0.000008971
120	128	0.000009504
120	128	0.000009117
120	128	0.000009002
120	128	0.000009043
120	128	0.000009464
120	128	0.000009062
120	128	0.000009046
120	128	0.000009039
120	128	0.000009538
120	128	0.000009016
120	128	0.000008968
120	128	0.000009010
120	128	0.000009451
120	128	0.000009007
120	128	0.000009039
120	128	0.000009064
120	128	0.000009494
120	128	0.000009563
120	128	0.000009557
120	128	0.000009436
120	128	0.000009480
120	128	0.000009144
120	128	0.000009509
120	128	0.000009143
120	128	0.000008891
120	128	0.000009544
120	128	0.000009080
120	128	0.000009045
120	128	0.000009557
120	128	0.000009508
120	128	0.000009511
120	128	0.000008522
120	128	0.000009470
120	128	0.000009067
120	128	0.000009228
120	128	0.000009519
120	128	0.000009086
120	128	0.000009001
120	128	0.000009488
120	256	0.000011684
120	256	0.000011729
120	256	0.000011173
120	256	0.000011178
120	256	0.000011145
120	256	0.000011687
120	256	0.000011702
120	256	0.000011164
120	256	0.000011198
120	256	0.000011192
120	256	0.000011668
120	256	0.000011147
120	256	0.000011164
120	256	0.000011193
120	256	0.000011174
120	256	0.000011176
120	256	0.000011679
120	256	0.000011184
120	256	0.000011685
120	256	0.000011860
120	256	0.000011127
120	256	0.000011706
120	256	0.000011171
120	256	0.000011724
120	256	0.000011697
120	256	0.000011189
120	256	0.000011243
120	256	0.000011235
120	256	0.000011825
120	256	0.000011179
120	256	0.000011252
120	256	0.000011232
120	256	0.000011698
120	256	0.000011188
120	256	0.000011746
120	256	0.000011733
120	256	0.000011124
120	256	0.000011713
120	256	0.000012930
120	256	0.000013037
120	256	0.000013145
120	256	0.000013026
120	256	0.000012943
120	256	0.000013063
120	256	0.000014876
120	256	0.000014962
120	256	0.000011138
120	256	0.000011703
120	256	0.000011244
120	256	0.000011167
120	256	0.000011682
120	256	0.000011213
120	256	0.000011151
120	256	0.000011261
120	256	0.000011241
120	256	0.000011175
120	256	0.000011792
120	256	0.000011164
120	256	0.000011748
120	256	0.000011058
120	256	0.000011185
120	256	0.000011142
120	256	0.000011188
120	256	0.000011244
120	256	0.000011244
120	256	0.000011329
120	256	0.000010875
120	256	0.000011239
120	256	0.000010915
120	256	0.000011126
120	256	0.000011130
120	256	0.000011655
120	256	0.000011173
120	256	0.000011154
120	256	0.000011007
120	256	0.000011168
120	256	0.000011288
120	256	0.000011152
120	256	0.000011134
120	256	0.000011159
120	256	0.000011758
120	256	0.000011186
120	256	0.000011229
120	256	0.000011271
120	256	0.000011726
120	256	0.000011223
120	256	0.000011188
120	256	0.000011142
120	256	0.000011179
120	256	0.000011177
120	256	0.000011728
120	256	0.000011199
120	256	0.000011238
120	256	0.000011137
120	256	0.000011177
120	256	0.000011338
120	256	0.000011238
120	256	0.000011739
120	256	0.000011140
120	256	0.000011134
120	380	0.000015555
120	380	0.000016255
120	380	0.000015463
120	380	0.000015519
120	380	0.000015467
120	380	0.000016291
120	380	0.000015472
120	380	0.000015494
120	380	0.000015532
120	380	0.000016331
120	380	0.000015507
120	380	0.000015534
120	380	0.000016307
120	380	0.000015561
120	380	0.000015499
120	380	0.000016311
120	380	0.000015498
120	380	0.000016246
120	380	0.000019970
120	380	0.000016224
120	380	0.000016282
120	380	0.000015534
120	380	0.000015571
120	380	0.000015533
120	380	0.000015460
120	380	0.000015627
120	380	0.000015464
120	380	0.000015554
120	380	0.000015531
120	380	0.000016313
120	380	0.000015476
120	380	0.000015530
120	380	0.000015501
120	380	0.000015460
120	380	0.000015523
120	380	0.000015543
120	380	0.000016361
120	380	0.000015506
120	380	0.000015564
120	380	0.000055186
120	380	0.000015441
120	380	0.000015490
120	380	0.000015611
120	380	0.000015572
120	380	0.000015630
120	380	0.000015555
120	380	0.000015529
120	380	0.000015519
120	380	0.000027689
120	380	0.000016261
120	380	0.000015555
120	380	0.000016286
120	380	0.000015549
120	380	0.000015468
120	380	0.000015498
120	380	0.000015514
120	380	0.000015655
120	380	0.000015529
120	380	0.000016314
120	380	0.000015482
120	380	0.000015566
120	380	0.000015460
120	380	0.000019119
120	380	0.000015572
120	380	0.000015551
120	380	0.000015540
120	380	0.000015538
120	380	0.000015504
120	380	0.000015448
120	380	0.000015510
120	380	0.000015521
120	380	0.000015411
120	380	0.000016369
120	380	0.000015577
120	380	0.000015476
120	380	0.000015568
120	380	0.000016355
120	380	0.000015568
120	380	0.000015492
120	380	0.000015520
120	380	0.000015536
120	380	0.000015516
120	380	0.000015445
120	380	0.000016286
120	380	0.000015616
120	380	0.000016304
120	380	0.000015472
120	380	0.000015585
120	380	0.000015486
120	380	0.000015484
120	380	0.000016242
120	380	0.000015501
120	380	0.000015603
120	380	0.000015443
120	380	0.000016287
120	380	0.000015568
120	380	0.000015470
120	380	0.000015485
120	380	0.000015469
120	380	0.000015511
120	510	0.000021392
120	510	0.000020356
120	510	0.000020303
120	510	0.000020400
120	510	0.000021449
120	510	0.000021389
120	510	0.000021373
120	510	0.000021381
120	510	0.000020366
120	510	0.000020275
120	510	0.000020306
120	510	0.000020254
120	510	0.000020264
120	510	0.000021378
120	510	0.000020309
120	510	0.000020374
120	510	0.000020315
120	510	0.000020286
120	510	0.000020252
120	510	0.000020377
120	510	0.000020263
120	510	0.000020381
120	510	0.000020316
120	510	0.000020245
120	510	0.000020321
120	510	0.000025449
120	510	0.000020314
120	510	0.000020239
120	510	0.000020293
120	510	0.000021371
120	510	0.000020262
120	510	0.000020401
120	510	0.000021043
120	510	0.000021030
120	510	0.000021046
120	510	0.000021093
120	510	0.000021031
120	510	0.000021147
120	510	0.000021161
120	510	0.000021824
120	510	0.000021954
120	510	0.000021796
120	510	0.000021827
120	510	0.000021882
120	510	0.000024754
120	510	0.000024764
120	510	0.000024679
120	510	0.000024799
120	510	0.000024903
120	510	0.000024746
120	510	0.000028413
120	510	0.000028417
120	510	0.000028509
120	510	0.000031547
120	510	0.000031720
120	510	0.000031506
120	510	0.000031595
120	510	0.000035574
120	510	0.000035515
120	510	0.000042254
120	510	0.000035451
120	510	0.000035603
120	510	0.000035583
120	510	0.000035579
120	510	0.000035605
120	510	0.000035644
120	510	0.000035590
120	510	0.000039894
120	510	0.000035535
120	510	0.000037491
120	510	0.000035531
120	510	0.000039879
120	510	0.000037467
120	510	0.000035662
120	510	0.000035643
120	510	0.000035755
120	510	0.000035457
120	510	0.000035490
120	510	0.000035530
120	510	0.000035542
120	510	0.000035688
120	510	0.000037356
120	510	0.000035605
120	510	0.000035510
120	510	0.000035464
120	510	0.000035462
120	510	0.000037491
120	510	0.000037462
120	510	0.000035538
120	510	0.000037418
120	510	0.000037537
120	510	0.000035546
120	510	0.000035647
120	510	0.000037410
120	510	0.000035469
120	510	0.000035716
120	510	0.000035512
120	510	0.000037453
120	510	0.000037320
120	510	0.000033420
120	600	0.000025547
120	600	0.000024315
120	600	0.000025545
120	600	0.000025539
120	600	0.000025431
120	600	0.000024277
120	600	0.000025540
120	600	0.000025554
120	600	0.000030315
120	600	0.000024297
120	600	0.000024360
120	600	0.000024366
120	600	0.000024240
120	600	0.000024281
120	600	0.000025503
120	600	0.000024349
120	600	0.000024255
120	600	0.000024253
120	600	0.000024361
120	600	0.000024264
120	600	0.000024358
120	600	0.000024319
120	600	0.000024288
120	600	0.000025592
120	600	0.000024338
120	600	0.000024286
120	600	0.000025551
120	600	0.000024223
120	600	0.000024254
120	600	0.000024312
120	600	0.000024320
120	600	0.000024286
120	600	0.000024310
120	600	0.000025516
120	600	0.000028364
120	600	0.000029784
120	600	0.000065811
120	600	0.000028329
120	600	0.000029804
120	600	0.000032355
120	600	0.000032228
120	600	0.000032308
120	600	0.000032390
120	600	0.000033992
120	600	0.000033890
120	600	0.000033953
120	600	0.000033965
120	600	0.000033990
120	600	0.000037810
120	600	0.000039719
120	600	0.000037724
120	600	0.000037929
120	600	0.000049609
120	600	0.000039949
120	600	0.000042023
120	600	0.000042512
120	600	0.000042533
120	600	0.000044687
120	600	0.000042522
120	600	0.000044651
120	600	0.000042431
120	600	0.000042413
120	600	0.000052610
120	600	0.000042426
120	600	0.000042430
120	600	0.000040014
120	600	0.000044683
120	600	0.000042467
120	600	0.000044692
120	600	0.000042451
120	600	0.000042421
120	600	0.000044716
120	600	0.000042460
120	600	0.000044746
120	600	0.000044740
120	600	0.000044700
120	600	0.000042394
120	600	0.000044658
120	600	0.000044649
120	600	0.000044669
120	600	0.000042475
120	600	0.000044811
120	600	0.000042506
120	600	0.000042482
120	600	0.000042423
120	600	0.000042455
120	600	0.000042438
120	600	0.000044749
120	600	0.000039976
120	600	0.000042531
120	600	0.000042492
120	600	0.000066815
120	600	0.000042673
120	600	0.000042409
120	600	0.000039986
120	600	0.000042556
120	600	0.000044698
120	600	0.000042529
120	600	0.000050079
120	600	0.000059866
250	128	0.000009534
250	128	0.000010290
250	128	0.000008624
250	128	0.000008572
250	128	0.000008971
250	128	0.000012944
250	128	0.000009573
250	128	0.000008541
250	128	0.000009310
250	128	0.000013273
250	128	0.000009144
250	128	0.000008383
250	128	0.000011029
250	128	0.000008659
250	128	0.000008753
250	128	0.000012860
250	128	0.000011284
250	128	0.000009138
250	128	0.000008387
250	128	0.000009269
250	128	0.000010904
250	128	0.000013097
250	128	0.000010148
250	128	0.000009283
250	128	0.000008579
250	128	0.000011673
250	128	0.000008700
250	128	0.000008505
250	128	0.000013117
250	128	0.000009060
250	128	0.000009660
250	128	0.000010713
250	128	0.000008646
250	128	0.000010327
250	128	0.000008838
250	128	0.000009579
250	128	0.000009583
250	128	0.000009613
250	128	0.000010454
250	128	0.000008755
250	128	0.000009525
250	128	0.000008794
250	128	0.000008335
250	128	0.000009098
250	128	0.000008867
250	128	0.000009501
250	128	0.000010278
250	128	0.000010340
250	128	0.000012969
250	128	0.000009998
250	128	0.000009549
250	128	0.000008481
250	128	0.000008614
250	128	0.000009166
250	128	0.000008608
250	128	0.000009031
250	128	0.000009950
250	128	0.000008593
250	128	0.000009307
250	128	0.000009796
250	128	0.000008564
250	128	0.000009091
250	128	0.000009393
250	128	0.000008730
250	128	0.000009523
250	128	0.000013202
250	128	0.000008621
250	128	0.000008557
250	128	0.000009044
250	128	0.000010287
250	128	0.000008862
250	128	0.000009021
250	128	0.000008280
250	128	0.000009495
250	128	0.000009176
250	128	0.000011453
250	128	0.000008566
250	128	0.000009536
250	128	0.000009159
250	128	0.000012801
250	128	0.000009206
250	128	0.000009418
250	128	0.000011285
250	128	0.000009625
250	128	0.000009120
250	128	0.000008448
250	128	0.000008418
250	128	0.000008608
250	128	0.000009170
250	128	0.000008413
250	128	0.000008540
250	128	0.000008658
250	128	0.000008860
250	128	0.000008995
250	128	0.000008660
250	128	0.000008788
250	128	0.000009319
250	128	0.000008564
250	128	0.000009578
250	128	0.000008608
250	256	0.000022395
250	256	0.000019109
250	256	0.000019368
250	256	0.000018942
250	256	0.000019021
250	256	0.000018931
250	256	0.000018910
250	256	0.000018904
250	256	0.000023142
250	256	0.000022953
250	256	0.000024440
250	256	0.000019432
250	256	0.000019251
250	256	0.000022291
250	256	0.000020200
250	256	0.000018928
250	256	0.000019790
250	256	0.000018877
250	256	0.000019354
250	256	0.000019378
250	256	0.000019600
250	256	0.000018976
250	256	0.000018944
250	256	0.000019034
250	256	0.000019273
250	256	0.000028067
250	256	0.000022559
250	256	0.000019072
250	256	0.000025859
250	256	0.000020600
250	256	0.000027680
250	256	0.000028325
250	256	0.000019019
250	256	0.000019081
250	256	0.000020293
250	256	0.000019466
250	256	0.000023085
250	256	0.000020145
250	256	0.000019056
250	256	0.000018763
250	256	0.000021567
250	256	0.000019028
250	256	0.000019538
250	256	0.000019375
250	256	0.000019334
250	256	0.000018922
250	256	0.000020524
250	256	0.000020376
250	256	0.000020334
250	256	0.000019092
250	256	0.000028183
250	256	0.000019172
250	256	0.000020131
250	256	0.000020205
250	256	0.000019485
250	256	0.000019434
250	256	0.000021649
250	256	0.000019115
250	256	0.000024051
250	256	0.000020175
250	256	0.000026591
250	256	0.000019375
250	256	0.000019917
250	256	0.000020694
250	256	0.000020229
250	256	0.000018620
250	256	0.000027858
250	256	0.000021970
250	256	0.000020046
250	256	0.000020610
250	256	0.000019948
250	256	0.000019284
250	256	0.000019555
250	256	0.000018820
250	256	0.000027883
250	256	0.000019863
250	256	0.000018629
250	256	0.000019601
250	256	0.000026847
250	256	0.000019158
250	256	0.000022815
250	256	0.000018890
250	256	0.000021957
250	256	0.000020025
250	256	0.000019537
250	256	0.000019320
250	256	0.000018717
250	256	0.000020105
250	256	0.000027784
250	256	0.000019518
250	256	0.000019079
250	256	0.000020418
250	256	0.000019957
250	256	0.000018669
250	256	0.000020078
250	256	0.000019039
250	256	0.000019035
250	256	0.000019854
250	256	0.000019205
250	256	0.000019147
250	380	0.000026035
250	380	0.000027197
250	380	0.000027369
250	380	0.000026009
250	380	0.000025898
250	380	0.000025962
250	380	0.000026984
250	380	0.000026186
250	380	0.000038519
250	380	0.000040033
250	380	0.000026921
250	380	0.000026007
250	380	0.000026068
250	380	0.000039278
250	380	0.000031957
250	380	0.000025985
250	380	0.000026820
250	380	0.000039160
250	380	0.000027127
250	380	0.000038153
250	380	0.000034746
250	380	0.000025713
250	380	0.000025907
250	380	0.000032604
250	380	0.000027108
250	380	0.000038448
250	380	0.000026077
250	380	0.000027699
250	380	0.000039093
250	380	0.000025902
250	380	0.000026351
250	380	0.000026144
250	380	0.000028656
250	380	0.000026953
250	380	0.000028648
250	380	0.000040505
250	380	0.000027112
250	380	0.000027660
250	380	0.000027858
250	380	0.000036113
250	380	0.000033396
250	380	0.000032984
250	380	0.000033916
250	380	0.000035419
250	380	0.000038669
250	380	0.000038296
250	380	0.000025806
250	380	0.000026417
250	380	0.000026049
250	380	0.000029850
250	380	0.000028092
250	380	0.000026659
250	380	0.000028387
250	380	0.000026343
250	380	0.000039017
250	380	0.000036326
250	380	0.000027322
250	380	0.000026437
250	380	0.000026443
250	380	0.000026895
250	380	0.000025954
250	380	0.000025638
250	380	0.000025936
250	380	0.000025402
250	380	0.000039789
250	380	0.000026166
250	380	0.000030227
250	380	0.000025891
250	380	0.000027426
250	380	0.000027640
250	380	0.000025923
250	380	0.000025706
250	380	0.000038935
250	380	0.000027307
250	380	0.000026851
250	380	0.000025940
250	380	0.000030023
250	380	0.000026257
250	380	0.000039231
250	380	0.000030104
250	380	0.000026197
250	380	0.000032461
250	380	0.000029120
250	380	0.000030941
250	380	0.000026048
250	380	0.000033596
250	380	0.000026975
250	380	0.000031543
250	380	0.000026105
250	380	0.000026709
250	380	0.000025889
250	380	0.000036343
250	380	0.000026726
250	380	0.000027408
250	380	0.000026637
250	380	0.000030200
250	380	0.000030860
250	380	0.000059941
250	380	0.000026176
250	380	0.000031837
250	510	0.000047873
250	510	0.000033695
250	510	0.000034747
250	510	0.000045550
250	510	0.000034648
250	510	0.000050274
250	510	0.000033864
250	510	0.000034118
250	510	0.000034746
250	510	0.000046164
250	510	0.000051588
250	510	0.000033695
250	510	0.000033794
250	510	0.000035103
250	510	0.000033773
250	510	0.000033427
250	510	0.000033772
250	510	0.000045825
250	510	0.000033835
250	510	0.000047749
250	510	0.000034351
250	510	0.000036769
250	510	0.000050717
250	510	0.000041822
250	510	0.000048919
250	510	0.000038614
250	510	0.000036721
250	510	0.000053263
250	510	0.000056375
250	510	0.000058481
250	510	0.000107663
250	510	0.000046167
250	510	0.000067707
250	510	0.000052677
250	510	0.000053293
250	510	0.000080085
250	510	0.000063090
250	510	0.000059057
250	510	0.000062066
250	510	0.000059089
250	510	0.000059279
250	510	0.000059466
250	510	0.000059119
250	510	0.000059479
250	510	0.000084155
250	510	0.000059432
250	510	0.000068839
250	510	0.000063111
250	510	0.000090153
250	510	0.000059433
250	510	0.000058416
250	510	0.000059350
250	510	0.000089613
250	510	0.000057637
250	510	0.000058789
250	510	0.000058600
250	510	0.000060038
250	510	0.000059060
250	510	0.000061857
250	510	0.000056084
250	510	0.000059113
250	510	0.000086998
250	510	0.000059217
250	510	0.000059461
250	510	0.000091940
250	510	0.000059013
250	510	0.000059050
250	510	0.000061447
250	510	0.000065614
250	510	0.000059205
250	510	0.000087432
250	510	0.000092827
250	510	0.000062386
250	510	0.000059316
250	510	0.000059113
250	510	0.000083120
250	510	0.000091984
250	510	0.000079730
250	510	0.000061959
250	510	0.000059364
250	510	0.000072403
250	510	0.000059149
250	510	0.000059619
250	510	0.000059611
250	510	0.000059235
250	510	0.000059239
250	510	0.000085292
250	510	0.000059258
250	510	0.000058718
250	510	0.000060749
250	510	0.000059014
250	510	0.000075781
250	510	0.000073386
250	510	0.000084318
250	510	0.000059035
250	510	0.000090167
250	510	0.000059324
250	510	0.000091875
250	510	0.000087463
250	510	0.000080892
250	600	0.000040516
250	600	0.000040519
250	600	0.000040574
250	600	0.000054106
250	600	0.000059277
250	600	0.000042339
250	600	0.000059545
250	600	0.000040548
250	600	0.000041853
250	600	0.000040527
250	600	0.000043839
250	600	0.000040599
250	600	0.000057938
250	600	0.000083451
250	600	0.000046579
250	600	0.000047397
250	600	0.000040973
250	600	0.000046829
250	600	0.000041136
250	600	0.000050678
250	600	0.000040800
250	600	0.000040447
250	600	0.000060267
250	600	0.000039959
250	600	0.000040971
250	600	0.000040458
250	600	0.000041001
250	600	0.000042142
250	600	0.000041315
250	600	0.000041359
250	600	0.000040925
250	600	0.000045667
250	600	0.000041503
250	600	0.000041007
250	600	0.000042098
250	600	0.000043373
250	600	0.000081101
250	600	0.000040593
250	600	0.000053771
250	600	0.000055864
250	600	0.000059615
250	600	0.000057805
250	600	0.000040290
250	600	0.000040459
250	600	0.000053136
250	600	0.000040773
250	600	0.000040422
250	600	0.000043051
250	600	0.000040661
250	600	0.000045747
250	600	0.000041010
250	600	0.000048218
250	600	0.000045516
250	600	0.000047198
250	600	0.000045861
250	600	0.000062847
250	600	0.000059399
250	600	0.000052980
250	600	0.000056098
250	600	0.000040569
250	600	0.000046109
250	600	0.000061477
250	600	0.000048449
250	600	0.000057831
250	600	0.000040779
250	600	0.000062203
250	600	0.000044609
250	600	0.000057507
250	600	0.000053984
250	600	0.000040667
250	600	0.000040695
250	600	0.000055807
250	600	0.000040598
250	600	0.000041195
250	600	0.000058419
250	600	0.000040369
250	600	0.000040845
250	600	0.000042231
250	600	0.000040696
250	600	0.000049620
250	600	0.000043881
250	600	0.000039541
250	600	0.000043261
250	600	0.000049836
250	600	0.000040794
250	600	0.000040486
250	600	0.000041229
250	600	0.000042668
250	600	0.000043310
250	600	0.000049985
250	600	0.000050724
250	600	0.000040651
250	600	0.000040859
250	600	0.000041182
250	600	0.000041363
250	600	0.000061531
250	600	0.000057915
250	600	0.000039923
250	600	0.000042371
250	600	0.000061213
380	128	0.000018459
380	128	0.000018257
380	128	0.000018240
380	128	0.000018373
380	128	0.000018483
380	128	0.000018247
380	128	0.000018487
380	128	0.000016909
380	128	0.000018540
380	128	0.000018392
380	128	0.000016717
380	128	0.000018417
380	128	0.000018327
380	128	0.000016873
380	128	0.000018125
380	128	0.000018566
380	128	0.000017172
380	128	0.000018312
380	128	0.000018485
380	128	0.000019019
380	128	0.000018284
380	128	0.000018631
380	128	0.000018572
380	128	0.000018437
380	128	0.000016774
380	128	0.000018517
380	128	0.000018738
380	128	0.000018546
380	128	0.000018588
380	128	0.000018373
380	128	0.000018342
380	128	0.000018700
380	128	0.000018382
380	128	0.000018467
380	128	0.000018660
380	128	0.000018112
380	128	0.000018799
380	128	0.000018369
380	128	0.000018257
380	128	0.000018753
380	128	0.000018231
380	128	0.000018846
380	128	0.000018676
380	128	0.000018368
380	128	0.000017981
380	128	0.000018412
380	128	0.000018241
380	128	0.000018543
380	128	0.000017090
380	128	0.000018555
380	128	0.000019632
380	128	0.000019975
380	128	0.000019616
380	128	0.000019830
380	128	0.000020089
380	128	0.000019909
380	128	0.000019523
380	128	0.000021165
380	128	0.000021309
380	128	0.000021604
380	128	0.000017197
380	128	0.000017153
380	128	0.000016916
380	128	0.000018622
380	128	0.000018699
380	128	0.000018130
380	128	0.000018320
380	128	0.000018318
380	128	0.000018471
380	128	0.000018339
380	128	0.000016870
380	128	0.000018451
380	128	0.000018590
380	128	0.000018269
380	128	0.000018565
380	128	0.000018066
380	128	0.000018175
380	128	0.000018857
380	128	0.000018644
380	128	0.000018268
380	128	0.000018532
380	128	0.000016990
380	128	0.000018567
380	128	0.000018697
380	128	0.000018555
380	128	0.000018783
380	128	0.000018327
380	128	0.000018481
380	128	0.000016952
380	128	0.000018339
380	128	0.000018334
380	128	0.000018570
380	128	0.000018503
380	128	0.000018402
380	128	0.000018450
380	128	0.000018910
380	128	0.000018540
380	128	0.000018645
380	128	0.000018226
380	128	0.000018265
380	256	0.000039376
380	256	0.000039407
380	256	0.000039906
380	256	0.000039446
380	256	0.000039929
380	256	0.000039360
380	256	0.000036258
380	256	0.000039920
380	256	0.000039439
380	256	0.000039506
380	256	0.000036940
380	256	0.000036386
380	256	0.000039838
380	256	0.000039943
380	256	0.000039914
380	256	0.000039957
380	256	0.000040106
380	256	0.000039348
380	256	0.000044101
380	256	0.000039388
380	256	0.000043670
380	256	0.000040053
380	256	0.000040077
380	256	0.000040056
380	256	0.000039508
380	256	0.000040077
380	256	0.000039094
380	256	0.000039992
380	256	0.000039862
380	256	0.000039483
380	256	0.000039793
380	256	0.000039438
380	256	0.000039380
380	256	0.000040118
380	256	0.000040323
380	256	0.000039678
380	256	0.000040210
380	256	0.000039406
380	256	0.000040069
380	256	0.000039546
380	256	0.000039366
380	256	0.000039955
380	256	0.000039651
380	256	0.000040184
380	256	0.000039742
380	256	0.000043943
380	256	0.000039669
380	256	0.000036923
380	256	0.000039991
380	256	0.000039987
380	256	0.000037320
380	256	0.000040279
380	256	0.000039861
380	256	0.000040010
380	256	0.000039472
380	256	0.000039377
380	256	0.000036762
380	256	0.000040246
380	256	0.000039994
380	256	0.000036363
380	256	0.000039347
380	256	0.000039257
380	256	0.000039389
380	256	0.000040139
380	256	0.000039322
380	256	0.000040115
380	256	0.000040358
380	256	0.000039506
380	256	0.000039339
380	256	0.000040223
380	256	0.000040121
380	256	0.000039548
380	256	0.000039512
380	256	0.000039316
380	256	0.000035516
380	256	0.000039205
380	256	0.000036998
380	256	0.000039193
380	256	0.000036525
380	256	0.000040002
380	256	0.000039338
380	256	0.000040204
380	256	0.000039376
380	256	0.000036633
380	256	0.000039907
380	256	0.000039466
380	256	0.000036586
380	256	0.000036484
380	256	0.000039368
380	256	0.000039999
380	256	0.000039496
380	256	0.000039945
380	256	0.000040153
380	256	0.000039431
380	256	0.000039413
380	256	0.000039944
380	256	0.000039832
380	256	0.000039504
380	256	0.000040520
380	256	0.000039532
380	380	0.000055003
380	380	0.000050695
380	380	0.000055787
380	380	0.000055796
380	380	0.000054988
380	380	0.000055848
380	380	0.000050827
380	380	0.000055912
380	380	0.000055042
380	380	0.000055932
380	380	0.000050749
380	380	0.000055048
380	380	0.000054938
380	380	0.000054975
380	380	0.000055937
380	380	0.000055881
380	380	0.000054871
380	380	0.000050722
380	380	0.000055201
380	380	0.000056024
380	380	0.000055043
380	380	0.000055016
380	380	0.000055147
380	380	0.000055035
380	380	0.000050886
380	380	0.000055044
380	380	0.000050527
380	380	0.000055091
380	380	0.000055072
380	380	0.000060501
380	380	0.000055993
380	380	0.000055085
380	380	0.000055255
380	380	0.000055240
380	380	0.000055157
380	380	0.000056341
380	380	0.000050633
380	380	0.000055212
380	380	0.000055087
380	380	0.000054315
380	380	0.000057604
380	380	0.000057883
380	380	0.000058112
380	380	0.000052458
380	380	0.000058113
380	380	0.000060527
380	380	0.000055022
380	380	0.000054999
380	380	0.000055011
380	380	0.000055936
380	380	0.000056042
380	380	0.000051551
380	380	0.000054918
380	380	0.000056016
380	380	0.000056038
380	380	0.000055790
380	380	0.000054986
380	380	0.000055046
380	380	0.000055197
380	380	0.000051563
380	380	0.000055041
380	380	0.000055922
380	380	0.000055430
380	380	0.000060406
380	380	0.000055247
380	380	0.000063581
380	380	0.000056182
380	380	0.000095632
380	380	0.000055607
380	380	0.000054981
380	380	0.000055512
380	380	0.000055113
380	380	0.000055413
380	380	0.000054781
380	380	0.000055024
380	380	0.000055462
380	380	0.000055108
380	380	0.000055513
380	380	0.000059415
380	380	0.000055615
380	380	0.000055090
380	380	0.000054964
380	380	0.000055279
380	380	0.000055140
380	380	0.000055319
380	380	0.000055042
380	380	0.000055209
380	380	0.000051739
380	380	0.000054949
380	380	0.000055327
380	380	0.000055455
380	380	0.000054873
380	380	0.000056000
380	380	0.000054266
380	380	0.000059974
380	380	0.000051436
380	380	0.000054857
380	380	0.000055553
380	380	0.000060225
380	380	0.000054882
380	510	0.000072455
380	510	0.000072601
380	510	0.000079862
380	510	0.000072410
380	510	0.000066381
380	510	0.000073777
380	510	0.000073886
380	510	0.000073440
380	510	0.000073406
380	510	0.000073593
380	510	0.000073816
380	510	0.000072250
380	510	0.000073625
380	510	0.000072274
380	510	0.000072282
380	510	0.000072486
380	510	0.000072349
380	510	0.000072278
380	510	0.000072206
380	510	0.000066604
380	510	0.000072253
380	510	0.000073934
380	510	0.000073619
380	510	0.000066502
380	510	0.000073599
380	510	0.000076428
380	510	0.000076864
380	510	0.000075019
380	510	0.000075136
380	510	0.000077099
380	510	0.000075064
380	510	0.000085056
380	510	0.000085912
380	510	0.000084603
380	510	0.000084394
380	510	0.000084495
380	510	0.000102754
380	510	0.000126004
380	510	0.000103509
380	510	0.000102856
380	510	0.000112530
380	510	0.000103884
380	510	0.000112768
380	510	0.000108178
380	510	0.000106579
380	510	0.000108347
380	510	0.000105260
380	510	0.000098669
380	510	0.000108234
380	510	0.000108337
380	510	0.000123623
380	510	0.000120954
380	510	0.000121505
380	510	0.000116688
380	510	0.000126976
380	510	0.000126673
380	510	0.000126627
380	510	0.000126872
380	510	0.000121339
380	510	0.000128709
380	510	0.000128513
380	510	0.000126402
380	510	0.000116308
380	510	0.000125013
380	510	0.000128788
380	510	0.000129937
380	510	0.000126888
380	510	0.000128496
380	510	0.000116403
380	510	0.000129180
380	510	0.000126672
380	510	0.000109622
380	510	0.000125111
380	510	0.000128472
380	510	0.000126481
380	510	0.000123962
380	510	0.000126427
380	510	0.000121208
380	510	0.000128741
380	510	0.000119072
380	510	0.000116283
380	510	0.000118407
380	510	0.000118900
380	510	0.000126405
380	510	0.000126616
380	510	0.000126601
380	510	0.000116345
380	510	0.000126573
380	510	0.000128717
380	510	0.000126586
380	510	0.000118378
380	510	0.000126554
380	510	0.000124753
380	510	0.000128855
380	510	0.000118499
380	510	0.000128484
380	510	0.000118591
380	510	0.000128950
380	510	0.000127068
380	510	0.000129046
380	600	0.000086489
380	600	0.000087692
380	600	0.000087901
380	600	0.000086240
380	600	0.000086422
380	600	0.000087857
380	600	0.000088039
380	600	0.000087666
380	600	0.000087750
380	600	0.000088081
380	600	0.000087834
380	600	0.000080782
380	600	0.000086187
380	600	0.000086053
380	600	0.000086125
380	600	0.000088015
380	600	0.000087647
380	600	0.000088098
380	600	0.000079594
380	600	0.000086437
380	600	0.000087902
380	600	0.000079322
380	600	0.000088344
380	600	0.000086560
380	600	0.000086397
380	600	0.000086271
380	600	0.000088139
380	600	0.000086230
380	600	0.000087724
380	600	0.000087682
380	600	0.000089480
380	600	0.000089788
380	600	0.000089648
380	600	0.000089665
380	600	0.000100769
380	600	0.000094324
380	600	0.000100892
380	600	0.000102542
380	600	0.000100717
380	600	0.000098238
380	600	0.000104999
380	600	0.000127652
380	600	0.000106800
380	600	0.000105071
380	600	0.000098249
380	600	0.000098234
380	600	0.000097330
380	600	0.000090449
380	600	0.000096748
380	600	0.000129643
380	600	0.000129670
380	600	0.000126522
380	600	0.000143156
380	600	0.000134209
380	600	0.000134173
380	600	0.000144854
380	600	0.000182632
380	600	0.000142401
380	600	0.000150912
380	600	0.000151578
380	600	0.000150814
380	600	0.000151011
380	600	0.000149493
380	600	0.000140577
380	600	0.000141292
380	600	0.000163562
380	600	0.000151868
380	600	0.000152941
380	600	0.000142118
380	600	0.000151037
380	600	0.000151326
380	600	0.000151268
380	600	0.000153373
380	600	0.000153481
380	600	0.000154006
380	600	0.000160141
380	600	0.000142266
380	600	0.000139036
380	600	0.000151045
380	600	0.000141718
380	600	0.000141593
380	600	0.000141531
380	600	0.000142017
380	600	0.000153467
380	600	0.000138677
380	600	0.000138967
380	600	0.000141376
380	600	0.000138762
380	600	0.000150988
380	600	0.000139149
380	600	0.000151051
380	600	0.000153978
380	600	0.000150996
380	600	0.000151230
380	600	0.000151120
380	600	0.000144841
380	600	0.000151243
380	600	0.000153796
380	600	0.000141625
380	600	0.000151092
510	128	0.000022462
510	128	0.000021957
510	128	0.000027782
510	128	0.000022179
510	128	0.000027906
510	128	0.000022429
510	128	0.000027807
510	128	0.000022233
510	128	0.000022616
510	128	0.000022570
510	128	0.000022451
510	128	0.000022523
510	128	0.000021372
510	128	0.000022870
510	128	0.000022030
510	128	0.000022403
510	128	0.000022716
510	128	0.000021007
510	128	0.000022540
510	128	0.000022307
510	128	0.000022543
510	128	0.000022143
510	128	0.000022108
510	128	0.000021982
510	128	0.000022554
510	128	0.000022613
510	128	0.000022171
510	128	0.000022244
510	128	0.000022160
510	128	0.000022406
510	128	0.000022255
510	128	0.000020739
510	128	0.000022532
510	128	0.000022190
510	128	0.000022176
510	128	0.000022128
510	128	0.000022146
510	128	0.000022456
510	128	0.000022425
510	128	0.000022524
510	128	0.000022350
510	128	0.000022367
510	128	0.000022563
510	128	0.000022143
510	128	0.000022370
510	128	0.000022170
510	128	0.000022248
510	128	0.000022532
510	128	0.000020741
510	128	0.000020604
510	128	0.000022474
510	128	0.000022576
510	128	0.000022433
510	128	0.000020988
510	128	0.000022138
510	128	0.000022096
510	128	0.000022384
510	128	0.000021037
510	128	0.000022115
510	128	0.000022056
510	128	0.000022349
510	128	0.000022134
510	128	0.000022616
510	128	0.000022383
510	128	0.000022448
510	128	0.000022544
510	128	0.000022125
510	128	0.000022206
510	128	0.000022406
510	128	0.000022279
510	128	0.000022150
510	128	0.000022166
510	128	0.000022529
510	128	0.000022232
510	128	0.000022278
510	128	0.000022226
510	128	0.000022475
510	128	0.000022458
510	128	0.000022379
510	128	0.000022483
510	128	0.000022081
510	128	0.000022118
510	128	0.000022127
510	128	0.000022658
510	128	0.000024950
510	128	0.000022580
510	128	0.000027758
510	128	0.000022353
510	128	0.000022370
510	128	0.000022135
510	128	0.000022578
510	128	0.000022267
510	128	0.000022614
510	128	0.000022404
510	128	0.000022601
510	128	0.000022397
510	128	0.000022666
510	128	0.000022150
510	128	0.000022592
510	128	0.000027331
510	256	0.000045285
510	256	0.000048772
510	256	0.000048304
510	256	0.000048306
510	256	0.000048391
510	256	0.000053265
510	256	0.000045741
510	256	0.000048871
510	256	0.000048258
510	256	0.000048335
510	256	0.000048893
510	256	0.000048931
510	256	0.000048110
510	256	0.000048233
510	256	0.000048787
510	256	0.000048080
510	256	0.000047819
510	256	0.000053311
510	256	0.000048811
510	256	0.000048229
510	256	0.000048295
510	256	0.000048833
510	256	0.000048242
510	256	0.000048242
510	256	0.000045909
510	256	0.000048064
510	256	0.000048292
510	256	0.000047148
510	256	0.000049040
510	256	0.000048896
510	256	0.000048279
510	256	0.000049247
510	256	0.000048922
510	256	0.000048332
510	256	0.000048457
510	256	0.000048537
510	256	0.000048425
510	256	0.000048451
510	256	0.000052261
510	256	0.000052846
510	256	0.000051867
510	256	0.000052075
510	256	0.000059817
510	256	0.000058844
510	256	0.000048918
510	256	0.000048789
510	256	0.000048334
510	256	0.000048376
510	256	0.000048268
510	256	0.000048779
510	256	0.000048328
510	256	0.000048374
510	256	0.000048150
510	256	0.000047992
510	256	0.000049058
510	256	0.000048725
510	256	0.000049135
510	256	0.000048705
510	256	0.000048240
510	256	0.000048201
510	256	0.000045896
510	256	0.000048173
510	256	0.000046957
510	256	0.000048385
510	256	0.000048707
510	256	0.000048269
510	256	0.000051330
510	256	0.000048176
510	256	0.000053003
510	256	0.000048960
510	256	0.000048458
510	256	0.000048866
510	256	0.000054340
510	256	0.000048206
510	256	0.000052517
510	256	0.000048171
510	256	0.000048220
510	256	0.000048068
510	256	0.000108968
510	256	0.000048234
510	256	0.000047491
510	256	0.000048015
510	256	0.000048142
510	256	0.000048818
510	256	0.000047338
510	256	0.000048921
510	256	0.000048192
510	256	0.000048215
510	256	0.000048794
510	256	0.000048932
510	256	0.000046888
510	256	0.000046040
510	256	0.000048325
510	256	0.000048264
510	256	0.000048465
510	256	0.000045945
510	256	0.000048134
510	256	0.000048313
510	256	0.000045754
510	256	0.000045673
510	380	0.000062643
510	380	0.000067306
510	380	0.000067128
510	380	0.000066841
510	380	0.000073908
510	380	0.000066959
510	380	0.000067829
510	380	0.000065706
510	380	0.000067870
510	380	0.000066892
510	380	0.000067861
510	380	0.000067992
510	380	0.000067320
510	380	0.000062597
510	380	0.000067092
510	380	0.000068099
510	380	0.000068116
510	380	0.000068027
510	380	0.000063521
510	380	0.000067128
510	380	0.000067101
510	380	0.000071670
510	380	0.000062871
510	380	0.000067085
510	380	0.000067054
510	380	0.000068364
510	380	0.000063754
510	380	0.000066966
510	380	0.000068366
510	380	0.000066915
510	380	0.000068041
510	380	0.000067240
510	380	0.000068059
510	380	0.000067090
510	380	0.000068229
510	380	0.000067308
510	380	0.000067177
510	380	0.000067186
510	380	0.000062905
510	380	0.000067038
510	380	0.000073747
510	380	0.000067215
510	380	0.000062530
510	380	0.000067104
510	380	0.000067024
510	380	0.000067182
510	380	0.000067391
510	380	0.000067381
510	380	0.000063726
510	380	0.000073455
510	380	0.000062544
510	380	0.000111915
510	380	0.000062758
510	380	0.000067046
510	380	0.000068026
510	380	0.000066979
510	380	0.000068735
510	380	0.000062789
510	380	0.000066922
510	380	0.000067165
510	380	0.000068006
510	380	0.000067789
510	380	0.000067384
510	380	0.000062747
510	380	0.000065927
510	380	0.000066951
510	380	0.000067891
510	380	0.000063523
510	380	0.000075984
510	380	0.000075209
510	380	0.000083758
510	380	0.000085406
510	380	0.000085482
510	380	0.000086407
510	380	0.000085684
510	380	0.000100216
510	380	0.000112535
510	380	0.000098458
510	380	0.000098911
510	380	0.000097164
510	380	0.000110278
510	380	0.000110776
510	380	0.000117343
510	380	0.000117416
510	380	0.000118648
510	380	0.000118971
510	380	0.000110496
510	380	0.000109441
510	380	0.000119191
510	380	0.000118658
510	380	0.000117263
510	380	0.000112099
510	380	0.000119182
510	380	0.000117613
510	380	0.000110508
510	380	0.000118770
510	380	0.000118842
510	380	0.000119067
510	380	0.000117451
510	380	0.000119172
510	510	0.000087911
510	510	0.000089073
510	510	0.000087981
510	510	0.000082161
510	510	0.000083146
510	510	0.000089337
510	510	0.000087830
510	510	0.000089058
510	510	0.000092373
510	510	0.000083205
510	510	0.000087881
510	510	0.000087997
510	510	0.000087927
510	510	0.000083362
510	510	0.000082250
510	510	0.000089248
510	510	0.000087954
510	510	0.000089231
510	510	0.000088004
510	510	0.000088009
510	510	0.000087794
510	510	0.000088058
510	510	0.000094430
510	510	0.000087941
510	510	0.000088732
510	510	0.000088004
510	510	0.000081916
510	510	0.000089399
510	510	0.000089651
510	510	0.000088053
510	510	0.000087931
510	510	0.000089431
510	510	0.000081892
510	510	0.000089070
510	510	0.000088235
510	510	0.000089038
510	510	0.000082091
510	510	0.000121053
510	510	0.000104107
510	510	0.000102715
510	510	0.000102558
510	510	0.000096343
510	510	0.000102467
510	510	0.000107596
510	510	0.000104142
510	510	0.000104080
510	510	0.000107595
510	510	0.000108761
510	510	0.000108577
510	510	0.000108463
510	510	0.000175513
510	510	0.000123255
510	510	0.000123049
510	510	0.000125008
510	510	0.000138940
510	510	0.000148647
510	510	0.000139087
510	510	0.000154186
510	510	0.000156783
510	510	0.000154220
510	510	0.000155966
510	510	0.000153688
510	510	0.000154485
510	510	0.000144025
510	510	0.000154025
510	510	0.000155911
510	510	0.000156525
510	510	0.000134919
510	510	0.000156302
510	510	0.000153987
510	510	0.000145799
510	510	0.000155991
510	510	0.000144108
510	510	0.000154056
510	510	0.000153868
510	510	0.000143600
510	510	0.000156429
510	510	0.000153968
510	510	0.000155878
510	510	0.000186389
510	510	0.000155978
510	510	0.000153694
510	510	0.000153655
510	510	0.000144707
510	510	0.000166724
510	510	0.000164419
510	510	0.000153722
510	510	0.000159239
510	510	0.000154018
510	510	0.000153911
510	510	0.000146720
510	510	0.000153743
510	510	0.000154012
510	510	0.000143336
510	510	0.000154551
510	510	0.000153935
510	510	0.000155916
510	510	0.000156322
510	510	0.000147841
510	510	0.000153978
510	600	0.000105190
510	600	0.000105303
510	600	0.000105221
510	600	0.000098339
510	600	0.000106694
510	600	0.000106559
510	600	0.000105027
510	600	0.000102873
510	600	0.000105162
510	600	0.000105469
510	600	0.000099734
510	600	0.000105051
510	600	0.000105215
510	600	0.000104975
510	600	0.000105281
510	600	0.000105200
510	600	0.000106822
510	600	0.000106926
510	600	0.000105145
510	600	0.000107054
510	600	0.000106906
510	600	0.000105117
510	600	0.000105226
510	600	0.000105355
510	600	0.000105309
510	600	0.000105620
510	600	0.000109169
510	600	0.000109227
510	600	0.000110909
510	600	0.000109279
510	600	0.000133436
510	600	0.000108997
510	600	0.000109182
510	600	0.000110680
510	600	0.000110634
510	600	0.000109169
510	600	0.000105077
510	600	0.000105136
510	600	0.000099751
510	600	0.000105265
510	600	0.000098403
510	600	0.000124492
510	600	0.000116316
510	600	0.000115023
510	600	0.000122756
510	600	0.000128133
510	600	0.000128147
510	600	0.000137998
510	600	0.000130264
510	600	0.000119661
510	600	0.000117812
510	600	0.000119473
510	600	0.000120022
510	600	0.000118014
510	600	0.000134420
510	600	0.000129652
510	600	0.000116367
510	600	0.000124259
510	600	0.000124346
510	600	0.000122779
510	600	0.000124437
510	600	0.000145095
510	600	0.000140030
510	600	0.000140179
510	600	0.000140191
510	600	0.000145840
510	600	0.000131306
510	600	0.000142035
510	600	0.000157179
510	600	0.000154962
510	600	0.000156944
510	600	0.000157244
510	600	0.000186557
510	600	0.000171733
510	600	0.000186927
510	600	0.000186394
510	600	0.000186739
510	600	0.000183891
510	600	0.000186867
510	600	0.000171760
510	600	0.000184180
510	600	0.000172172
510	600	0.000195477
510	600	0.000219980
510	600	0.000172298
510	600	0.000183940
510	600	0.000186440
510	600	0.000183988
510	600	0.000173160
510	600	0.000184561
510	600	0.000186831
510	600	0.000186508
510	600	0.000183717
510	600	0.000183928
510	600	0.000183574
510	600	0.000174567
510	600	0.000184154
510	600	0.000184313
510	600	0.000183844
510	600	0.000173046
600	128	0.000028189
600	128	0.000026737
600	128	0.000028751
600	128	0.000028579
600	128	0.000028694
600	128	0.000026821
600	128	0.000028500
600	128	0.000028549
600	128	0.000028433
600	128	0.000028276
600	128	0.000033745
600	128	0.000028446
600	128	0.000028209
600	128	0.000028216
600	128	0.000028491
600	128	0.000028664
600	128	0.000028295
600	128	0.000028620
600	128	0.000028608
600	128	0.000028274
600	128	0.000029113
600	128	0.000028480
600	128	0.000026648
600	128	0.000026987
600	128	0.000027129
600	128	0.000028352
600	128	0.000028254
600	128	0.000028299
600	128	0.000028700
600	128	0.000028272
600	128	0.000028313
600	128	0.000029067
600	128	0.000028473
600	128	0.000028363
600	128	0.000028431
600	128	0.000028993
600	128	0.000028449
600	128	0.000028667
600	128	0.000028515
600	128	0.000026558
600	128	0.000028322
600	128	0.000028287
600	128	0.000028681
600	128	0.000028385
600	128	0.000028556
600	128	0.000026769
600	128	0.000028400
600	128	0.000028365
600	128	0.000029391
600	128	0.000029699
600	128	0.000029839
600	128	0.000029174
600	128	0.000028156
600	128	0.000028364
600	128	0.000028262
600	128	0.000028202
600	128	0.000028717
600	128	0.000028814
600	128	0.000028681
600	128	0.000027220
600	128	0.000028281
600	128	0.000028716
600	128	0.000028499
600	128	0.000027256
600	128	0.000028534
600	128	0.000028803
600	128	0.000028303
600	128	0.000026972
600	128	0.000028723
600	128	0.000028448
600	128	0.000028539
600	128	0.000028294
600	128	0.000028433
600	128	0.000028377
600	128	0.000026983
600	128	0.000026773
600	128	0.000028311
600	128	0.000028711
600	128	0.000028522
600	128	0.000028196
600	128	0.000028325
600	128	0.000028623
600	128	0.000026632
600	128	0.000028556
600	128	0.000028329
600	128	0.000029227
600	128	0.000028257
600	128	0.000028423
600	128	0.000028905
600	128	0.000026850
600	128	0.000028275
600	128	0.000028484
600	128	0.000028724
600	128	0.000028677
600	128	0.000028297
600	128	0.000028373
600	128	0.000028150
600	128	0.000026783
600	128	0.000028469
600	128	0.000028338
600	256	0.000061965
600	256	0.000061215
600	256	0.000058895
600	256	0.000061341
600	256	0.000061217
600	256	0.000061125
600	256	0.000061413
600	256	0.000061172
600	256	0.000061204
600	256	0.000061934
600	256	0.000061268
600	256	0.000061186
600	256	0.000061149
600	256	0.000058894
600	256	0.000061817
600	256	0.000061199
600	256	0.000061298
600	256	0.000065168
600	256	0.000061077
600	256	0.000061078
600	256	0.000058395
600	256	0.000061820
600	256	0.000061825
600	256	0.000061556
600	256	0.000061266
600	256	0.000058462
600	256	0.000061622
600	256	0.000061177
600	256	0.000061224
600	256	0.000061612
600	256	0.000061095
600	256	0.000061478
600	256	0.000061705
600	256	0.000061348
600	256	0.000061997
600	256	0.000061402
600	256	0.000061296
600	256	0.000061191
600	256	0.000058686
600	256	0.000061163
600	256	0.000058159
600	256	0.000061903
600	256	0.000061261
600	256	0.000071068
600	256	0.000075605
600	256	0.000074738
600	256	0.000074611
600	256	0.000072020
600	256	0.000071631
600	256	0.000071678
600	256	0.000072153
600	256	0.000076002
600	256	0.000081309
600	256	0.000078351
600	256	0.000090308
600	256	0.000080004
600	256	0.000106991
600	256	0.000107117
600	256	0.000108742
600	256	0.000107037
600	256	0.000107268
600	256	0.000108043
600	256	0.000107606
600	256	0.000104777
600	256	0.000108069
600	256	0.000107417
600	256	0.000107138
600	256	0.000103102
600	256	0.000107562
600	256	0.000108152
600	256	0.000108019
600	256	0.000107633
600	256	0.000108138
600	256	0.000102782
600	256	0.000108183
600	256	0.000104523
600	256	0.000107164
600	256	0.000107990
600	256	0.000107174
600	256	0.000107382
600	256	0.000108003
600	256	0.000101145
600	256	0.000107969
600	256	0.000107209
600	256	0.000107393
600	256	0.000108152
600	256	0.000107687
600	256	0.000114448
600	256	0.000107261
600	256	0.000107597
600	256	0.000107759
600	256	0.000101966
600	256	0.000107964
600	256	0.000107123
600	256	0.000108289
600	256	0.000108404
600	256	0.000108373
600	256	0.000102155
600	256	0.000108137
600	256	0.000100852
600	380	0.000081202
600	380	0.000085406
600	380	0.000085560
600	380	0.000086691
600	380	0.000085558
600	380	0.000090685
600	380	0.000086634
600	380	0.000085443
600	380	0.000085634
600	380	0.000086267
600	380	0.000085683
600	380	0.000085784
600	380	0.000086376
600	380	0.000081588
600	380	0.000081176
600	380	0.000085525
600	380	0.000090382
600	380	0.000086347
600	380	0.000096884
600	380	0.000081906
600	380	0.000086430
600	380	0.000086222
600	380	0.000085487
600	380	0.000085595
600	380	0.000085788
600	380	0.000085551
600	380	0.000086517
600	380	0.000085626
600	380	0.000090702
600	380	0.000095923
600	380	0.000096703
600	380	0.000090841
600	380	0.000095318
600	380	0.000098730
600	380	0.000114120
600	380	0.000115394
600	380	0.000109427
600	380	0.000115426
600	380	0.000127394
600	380	0.000127212
600	380	0.000127586
600	380	0.000122893
600	380	0.000128513
600	380	0.000114586
600	380	0.000119778
600	380	0.000123070
600	380	0.000142373
600	380	0.000142233
600	380	0.000140838
600	380	0.000151067
600	380	0.000142141
600	380	0.000151341
600	380	0.000140708
600	380	0.000143604
600	380	0.000149580
600	380	0.000142532
600	380	0.000149848
600	380	0.000149500
600	380	0.000151359
600	380	0.000157545
600	380	0.000152818
600	380	0.000150377
600	380	0.000142302
600	380	0.000151277
600	380	0.000151143
600	380	0.000151356
600	380	0.000151061
600	380	0.000149823
600	380	0.000151504
600	380	0.000143581
600	380	0.000151238
600	380	0.000149958
600	380	0.000143629
600	380	0.000151470
600	380	0.000151617
600	380	0.000151580
600	380	0.000150221
600	380	0.000159570
600	380	0.000150260
600	380	0.000149685
600	380	0.000142297
600	380	0.000151259
600	380	0.000149646
600	380	0.000151131
600	380	0.000151445
600	380	0.000151245
600	380	0.000147530
600	380	0.000146348
600	380	0.000151572
600	380	0.000149633
600	380	0.000143794
600	380	0.000149591
600	380	0.000151379
600	380	0.000151602
600	380	0.000149538
600	380	0.000149418
600	380	0.000149935
600	380	0.000149627
600	380	0.000149791
600	380	0.000143360
600	510	0.000113584
600	510	0.000112571
600	510	0.000112415
600	510	0.000113954
600	510	0.000112669
600	510	0.000113550
600	510	0.000112449
600	510	0.000106439
600	510	0.000106748
600	510	0.000113705
600	510	0.000112363
600	510	0.000112455
600	510	0.000113571
600	510	0.000113949
600	510	0.000113703
600	510	0.000114126
600	510	0.000119124
600	510	0.000112794
600	510	0.000114076
600	510	0.000113814
600	510	0.000113578
600	510	0.000107712
600	510	0.000107797
600	510	0.000113840
600	510	0.000119384
600	510	0.000112307
600	510	0.000111147
600	510	0.000112462
600	510	0.000112471
600	510	0.000126084
600	510	0.000112763
600	510	0.000132835
600	510	0.000131308
600	510	0.000131134
600	510	0.000132767
600	510	0.000136040
600	510	0.000155119
600	510	0.000159196
600	510	0.000158988
600	510	0.000149409
600	510	0.000221062
600	510	0.000193047
600	510	0.000193611
600	510	0.000202928
600	510	0.000313054
600	510	0.000196934
600	510	0.000197283
600	510	0.000196517
600	510	0.000197434
600	510	0.000196900
600	510	0.000187131
600	510	0.000188755
600	510	0.000198991
600	510	0.000196981
600	510	0.000199403
600	510	0.000188516
600	510	0.000186156
600	510	0.000197184
600	510	0.000198243
600	510	0.000199154
600	510	0.000197135
600	510	0.000199212
600	510	0.000196844
600	510	0.000199145
600	510	0.000199535
600	510	0.000196937
600	510	0.000198899
600	510	0.000207677
600	510	0.000205536
600	510	0.000196706
600	510	0.000196695
600	510	0.000185470
600	510	0.000186240
600	510	0.000196859
600	510	0.000186305
600	510	0.000187049
600	510	0.000214976
600	510	0.000192046
600	510	0.000204963
600	510	0.000204203
600	510	0.000186360
600	510	0.000196847
600	510	0.000187110
600	510	0.000196718
600	510	0.000197329
600	510	0.000186831
600	510	0.000197034
600	510	0.000196944
600	510	0.000198983
600	510	0.000198430
600	510	0.000198813
600	510	0.000198742
600	510	0.000186822
600	510	0.000198958
600	510	0.000197372
600	510	0.000196933
600	510	0.000236760
600	510	0.000203853
600	510	0.000199360
600	510	0.000185551
600	600	0.000134406
600	600	0.000135862
600	600	0.000135674
600	600	0.000134371
600	600	0.000128779
600	600	0.000135723
600	600	0.000135881
600	600	0.000134448
600	600	0.000139140
600	600	0.000135976
600	600	0.000134216
600	600	0.000134741
600	600	0.000134316
600	600	0.000134152
600	600	0.000128768
600	600	0.000127812
600	600	0.000134246
600	600	0.000134459
600	600	0.000126132
600	600	0.000134220
600	600	0.000134258
600	600	0.000134605
600	600	0.000135876
600	600	0.000134265
600	600	0.000134349
600	600	0.000134578
600	600	0.000134524
600	600	0.000139106
600	600	0.000134542
600	600	0.000140908
600	600	0.000139306
600	600	0.000140904
600	600	0.000141130
600	600	0.000139357
600	600	0.000139237
600	600	0.000140703
600	600	0.000139562
600	600	0.000158515
600	600	0.000156769
600	600	0.000157118
600	600	0.000156742
600	600	0.000158481
600	600	0.000179604
600	600	0.000184949
600	600	0.000171944
600	600	0.000187959
600	600	0.000189897
600	600	0.000188487
600	600	0.000190239
600	600	0.000195178
600	600	0.000195050
600	600	0.000190321
600	600	0.000188233
600	600	0.000190231
600	600	0.000187981
600	600	0.000181298
600	600	0.000179322
600	600	0.000185425
600	600	0.000180849
600	600	0.000179131
600	600	0.000181186
600	600	0.000178964
600	600	0.000179300
600	600	0.000178973
600	600	0.000186724
600	600	0.000202672
600	600	0.000198331
600	600	0.000197189
600	600	0.000188786
600	600	0.000190295
600	600	0.000187931
600	600	0.000188100
600	600	0.000188112
600	600	0.000189686
600	600	0.000178615
600	600	0.000178157
600	600	0.000212215
600	600	0.000209885
600	600	0.000223650
600	600	0.000235177
600	600	0.000235198
600	600	0.000223142
600	600	0.000235658
600	600	0.000233529
600	600	0.000236801
600	600	0.000239970
600	600	0.000252036
600	600	0.000261324
600	600	0.000242748
600	600	0.000235206
600	600	0.000221475
600	600	0.000237450
600	600	0.000235501
600	600	0.000222174
600	600	0.000221357
600	600	0.000225592
600	600	0.000237541
600	600	0.000238091
600	600	0.000235350
600	600	0.000235193
