120	128	0.000040164
120	128	0.000040974
120	128	0.000041044
120	128	0.000040053
120	128	0.000039915
120	128	0.000040265
120	128	0.000039915
120	128	0.000040920
120	128	0.000040040
120	128	0.000040948
120	128	0.000040272
120	128	0.000040933
120	128	0.000040331
120	128	0.000041000
120	128	0.000040945
120	128	0.000040305
120	128	0.000040292
120	128	0.000041032
120	128	0.000039867
120	128	0.000040003
120	128	0.000040176
120	128	0.000040281
120	128	0.000040313
120	128	0.000040262
120	128	0.000040024
120	128	0.000040013
120	128	0.000040806
120	128	0.000041039
120	128	0.000040120
120	128	0.000040201
120	128	0.000039970
120	128	0.000040393
120	128	0.000040125
120	128	0.000041081
120	128	0.000041126
120	128	0.000039979
120	128	0.000040256
120	128	0.000041001
120	128	0.000040379
120	128	0.000040809
120	128	0.000041117
120	128	0.000040639
120	128	0.000040317
120	128	0.000040162
120	128	0.000040110
120	128	0.000043571
120	128	0.000043328
120	128	0.000049728
120	128	0.000040461
120	128	0.000046194
120	128	0.000040376
120	128	0.000040011
120	128	0.000040419
120	128	0.000040017
120	128	0.000039863
120	128	0.000045973
120	128	0.000040955
120	128	0.000039889
120	128	0.000040097
120	128	0.000040532
120	128	0.000041136
120	128	0.000040928
120	128	0.000040146
120	128	0.000039927
120	128	0.000040102
120	128	0.000040395
120	128	0.000040241
120	128	0.000039917
120	128	0.000040638
120	128	0.000041087
120	128	0.000041089
120	128	0.000040268
120	128	0.000040418
120	128	0.000044113
120	128	0.000040325
120	128	0.000041046
120	128	0.000040105
120	128	0.000039972
120	128	0.000041238
120	128	0.000040044
120	128	0.000040720
120	128	0.000040643
120	128	0.000039875
120	128	0.000040342
120	128	0.000040082
120	128	0.000040173
120	128	0.000040485
120	128	0.000039911
120	128	0.000040194
120	128	0.000045793
120	128	0.000040236
120	128	0.000040927
120	128	0.000040222
120	128	0.000040181
120	128	0.000040211
120	128	0.000040768
120	128	0.000041070
120	128	0.000041134
120	128	0.000039942
120	128	0.000040266
120	256	0.000080738
120	256	0.000080825
120	256	0.000078672
120	256	0.000078882
120	256	0.000079526
120	256	0.000077936
120	256	0.000078728
120	256	0.000085744
120	256	0.000079463
120	256	0.000078551
120	256	0.000080624
120	256	0.000078898
120	256	0.000078282
120	256	0.000078651
120	256	0.000080527
120	256	0.000078791
120	256	0.000079058
120	256	0.000078541
120	256	0.000080563
120	256	0.000078531
120	256	0.000079094
120	256	0.000079490
120	256	0.000079079
120	256	0.000080694
120	256	0.000078985
120	256	0.000079850
120	256	0.000080945
120	256	0.000078900
120	256	0.000078323
120	256	0.000079675
120	256	0.000078670
120	256	0.000078356
120	256	0.000078121
120	256	0.000078923
120	256	0.000079118
120	256	0.000078729
120	256	0.000078720
120	256	0.000079014
120	256	0.000079095
120	256	0.000097799
120	256	0.000078783
120	256	0.000078928
120	256	0.000084049
120	256	0.000087051
120	256	0.000084835
120	256	0.000085087
120	256	0.000084952
120	256	0.000092282
120	256	0.000092220
120	256	0.000092052
120	256	0.000091581
120	256	0.000092581
120	256	0.000105437
120	256	0.000105617
120	256	0.000105479
120	256	0.000104554
120	256	0.000123566
120	256	0.000122710
120	256	0.000125495
120	256	0.000137638
120	256	0.000129211
120	256	0.000132764
120	256	0.000137531
120	256	0.000141197
120	256	0.000137050
120	256	0.000137020
120	256	0.000141397
120	256	0.000141170
120	256	0.000138217
120	256	0.000138077
120	256	0.000133334
120	256	0.000138301
120	256	0.000141178
120	256	0.000141144
120	256	0.000137938
120	256	0.000136694
120	256	0.000137412
120	256	0.000137533
120	256	0.000138086
120	256	0.000137947
120	256	0.000137382
120	256	0.000136024
120	256	0.000137391
120	256	0.000141246
120	256	0.000141402
120	256	0.000141583
120	256	0.000138769
120	256	0.000138162
120	256	0.000141397
120	256	0.000136859
120	256	0.000136626
120	256	0.000137153
120	256	0.000138131
120	256	0.000139041
120	256	0.000137840
120	256	0.000141285
120	256	0.000137933
120	256	0.000140223
120	256	0.000141182
120	256	0.000136997
120	380	0.000119883
120	380	0.000115302
120	380	0.000119281
120	380	0.000116993
120	380	0.000115224
120	380	0.000116485
120	380	0.000115473
120	380	0.000114954
120	380	0.000115021
120	380	0.000115264
120	380	0.000115024
120	380	0.000116271
120	380	0.000115696
120	380	0.000123356
120	380	0.000116087
120	380	0.000116282
120	380	0.000115240
120	380	0.000115878
120	380	0.000115248
120	380	0.000115693
120	380	0.000116643
120	380	0.000116705
120	380	0.000115844
120	380	0.000115309
120	380	0.000115158
120	380	0.000119228
120	380	0.000115904
120	380	0.000145234
120	380	0.000140159
120	380	0.000140635
120	380	0.000142036
120	380	0.000183293
120	380	0.000171525
120	380	0.000171683
120	380	0.000194958
120	380	0.000202236
120	380	0.000208688
120	380	0.000202191
120	380	0.000209136
120	380	0.000216835
120	380	0.000212252
120	380	0.000202678
120	380	0.000203721
120	380	0.000201795
120	380	0.000201205
120	380	0.000202747
120	380	0.000196616
120	380	0.000202906
120	380	0.000201201
120	380	0.000201819
120	380	0.000208574
120	380	0.000201003
120	380	0.000208663
120	380	0.000213516
120	380	0.000213209
120	380	0.000210322
120	380	0.000208761
120	380	0.000203553
120	380	0.000205337
120	380	0.000203634
120	380	0.000203771
120	380	0.000199969
120	380	0.000196508
120	380	0.000200550
120	380	0.000202771
120	380	0.000203788
120	380	0.000204585
120	380	0.000229365
120	380	0.000200677
120	380	0.000204005
120	380	0.000204264
120	380	0.000196454
120	380	0.000203949
120	380	0.000208971
120	380	0.000191648
120	380	0.000208541
120	380	0.000189717
120	380	0.000201826
120	380	0.000201255
120	380	0.000201498
120	380	0.000205242
120	380	0.000211298
120	380	0.000224429
120	380	0.000208556
120	380	0.000203283
120	380	0.000216626
120	380	0.000209827
120	380	0.000211356
120	380	0.000212872
120	380	0.000203397
120	380	0.000208765
120	380	0.000203842
120	380	0.000208569
120	380	0.000209376
120	380	0.000208607
120	380	0.000201747
120	380	0.000201976
120	380	0.000203785
120	380	0.000208554
120	380	0.000203092
120	510	0.000153911
120	510	0.000159513
120	510	0.000153760
120	510	0.000160862
120	510	0.000154947
120	510	0.000155307
120	510	0.000166187
120	510	0.000155422
120	510	0.000154157
120	510	0.000159711
120	510	0.000153354
120	510	0.000154724
120	510	0.000153984
120	510	0.000163044
120	510	0.000158385
120	510	0.000153978
120	510	0.000166257
120	510	0.000153777
120	510	0.000159616
120	510	0.000183199
120	510	0.000155344
120	510	0.000153753
120	510	0.000178343
120	510	0.000178785
120	510	0.000179063
120	510	0.000228981
120	510	0.000213114
120	510	0.000198024
120	510	0.000202980
120	510	0.000214541
120	510	0.000216488
120	510	0.000219053
120	510	0.000220669
120	510	0.000228911
120	510	0.000235143
120	510	0.000235195
120	510	0.000269559
120	510	0.000279224
120	510	0.000309563
120	510	0.000286237
120	510	0.000279061
120	510	0.000279047
120	510	0.000268707
120	510	0.000268739
120	510	0.000281284
120	510	0.000276505
120	510	0.000268890
120	510	0.000269787
120	510	0.000269799
120	510	0.000287471
120	510	0.000279285
120	510	0.000252872
120	510	0.000271838
120	510	0.000268523
120	510	0.000283098
120	510	0.000271153
120	510	0.000268461
120	510	0.000269145
120	510	0.000279120
120	510	0.000305342
120	510	0.000286241
120	510	0.000271396
120	510	0.000252934
120	510	0.000269567
120	510	0.000271699
120	510	0.000279258
120	510	0.000289808
120	510	0.000271219
120	510	0.000262823
120	510	0.000279231
120	510	0.000275833
120	510	0.000276644
120	510	0.000268749
120	510	0.000262912
120	510	0.000279111
120	510	0.000252807
120	510	0.000269637
120	510	0.000274886
120	510	0.000270507
120	510	0.000271615
120	510	0.000254440
120	510	0.000269404
120	510	0.000269884
120	510	0.000270754
120	510	0.000286289
120	510	0.000270024
120	510	0.000279240
120	510	0.000262772
120	510	0.000280410
120	510	0.000272095
120	510	0.000270921
120	510	0.000269597
120	510	0.000279475
120	510	0.000268610
120	510	0.000283034
120	510	0.000281409
120	510	0.000268483
120	510	0.000253458
120	510	0.000265584
120	510	0.000262895
120	600	0.000180541
120	600	0.000180437
120	600	0.000187579
120	600	0.000189982
120	600	0.000187623
120	600	0.000187678
120	600	0.000179957
120	600	0.000187160
120	600	0.000180557
120	600	0.000180499
120	600	0.000181598
120	600	0.000199886
120	600	0.000180871
120	600	0.000182114
120	600	0.000180640
120	600	0.000180292
120	600	0.000181082
120	600	0.000181204
120	600	0.000216571
120	600	0.000180709
120	600	0.000180428
120	600	0.000192434
120	600	0.000182073
120	600	0.000187876
120	600	0.000181835
120	600	0.000182420
120	600	0.000190302
120	600	0.000194150
120	600	0.000194202
120	600	0.000194911
120	600	0.000218798
120	600	0.000222847
120	600	0.000221033
120	600	0.000209315
120	600	0.000263143
120	600	0.000241499
120	600	0.000240374
120	600	0.000326537
120	600	0.000316059
120	600	0.000319436
120	600	0.000315563
120	600	0.000318455
120	600	0.000315566
120	600	0.000308674
120	600	0.000328347
120	600	0.000348495
120	600	0.000329778
120	600	0.000317171
120	600	0.000308934
120	600	0.000316024
120	600	0.000319523
120	600	0.000318706
120	600	0.000320007
120	600	0.000315832
120	600	0.000317284
120	600	0.000322485
120	600	0.000316831
120	600	0.000298244
120	600	0.000315321
120	600	0.000298529
120	600	0.000325909
120	600	0.000339214
120	600	0.000315174
120	600	0.000308734
120	600	0.000326121
120	600	0.000344311
120	600	0.000317490
120	600	0.000298199
120	600	0.000337433
120	600	0.000315824
120	600	0.000318012
120	600	0.000328323
120	600	0.000297588
120	600	0.000318493
120	600	0.000333160
120	600	0.000315845
120	600	0.000297490
120	600	0.000316790
120	600	0.000296639
120	600	0.000325177
120	600	0.000319619
120	600	0.000315661
120	600	0.000319186
120	600	0.000297846
120	600	0.000328684
120	600	0.000326251
120	600	0.000315368
120	600	0.000315077
120	600	0.000317260
120	600	0.000330630
120	600	0.000315857
120	600	0.000296934
120	600	0.000316193
120	600	0.000321423
120	600	0.000327586
120	600	0.000315036
120	600	0.000328471
120	600	0.000297417
120	600	0.000317097
120	600	0.000325317
250	128	0.000077643
250	128	0.000077179
250	128	0.000077021
250	128	0.000077553
250	128	0.000077002
250	128	0.000082108
250	128	0.000077108
250	128	0.000077669
250	128	0.000076806
250	128	0.000077125
250	128	0.000081476
250	128	0.000076810
250	128	0.000077684
250	128	0.000077035
250	128	0.000076692
250	128	0.000077161
250	128	0.000077072
250	128	0.000097501
250	128	0.000077069
250	128	0.000077095
250	128	0.000076893
250	128	0.000076716
250	128	0.000122787
250	128	0.000076959
250	128	0.000077204
250	128	0.000077188
250	128	0.000077063
250	128	0.000085331
250	128	0.000077058
250	128	0.000081723
250	128	0.000076999
250	128	0.000077775
250	128	0.000076920
250	128	0.000077264
250	128	0.000094618
250	128	0.000093928
250	128	0.000094805
250	128	0.000093278
250	128	0.000093707
250	128	0.000093866
250	128	0.000099050
250	128	0.000093797
250	128	0.000098466
250	128	0.000098869
250	128	0.000099203
250	128	0.000098257
250	128	0.000098687
250	128	0.000125692
250	128	0.000120788
250	128	0.000120550
250	128	0.000113300
250	128	0.000114475
250	128	0.000113617
250	128	0.000125700
250	128	0.000136287
250	128	0.000134372
250	128	0.000135037
250	128	0.000134387
250	128	0.000134799
250	128	0.000134968
250	128	0.000127936
250	128	0.000134796
250	128	0.000134713
250	128	0.000135158
250	128	0.000135012
250	128	0.000135107
250	128	0.000135848
250	128	0.000134715
250	128	0.000134161
250	128	0.000135197
250	128	0.000137050
250	128	0.000132555
250	128	0.000135998
250	128	0.000134554
250	128	0.000134886
250	128	0.000145060
250	128	0.000135895
250	128	0.000134992
250	128	0.000135092
250	128	0.000134935
250	128	0.000127900
250	128	0.000135027
250	128	0.000134919
250	128	0.000134640
250	128	0.000135330
250	128	0.000134612
250	128	0.000134920
250	128	0.000136031
250	128	0.000135023
250	128	0.000136110
250	128	0.000135988
250	128	0.000134352
250	128	0.000134808
250	128	0.000135107
250	128	0.000136191
250	128	0.000134373
250	128	0.000134964
250	128	0.000134993
250	128	0.000135385
250	128	0.000134433
250	256	0.000151954
250	256	0.000151475
250	256	0.000158786
250	256	0.000151439
250	256	0.000152097
250	256	0.000158995
250	256	0.000153182
250	256	0.000151449
250	256	0.000153309
250	256	0.000151654
250	256	0.000152173
250	256	0.000152101
250	256	0.000153162
250	256	0.000151503
250	256	0.000151424
250	256	0.000151720
250	256	0.000153138
250	256	0.000152037
250	256	0.000156835
250	256	0.000151429
250	256	0.000152156
250	256	0.000156948
250	256	0.000153260
250	256	0.000153310
250	256	0.000155713
250	256	0.000162585
250	256	0.000178671
250	256	0.000181098
250	256	0.000176632
250	256	0.000176942
250	256	0.000177318
250	256	0.000183819
250	256	0.000184999
250	256	0.000178674
250	256	0.000176374
250	256	0.000176597
250	256	0.000176672
250	256	0.000223690
250	256	0.000223772
250	256	0.000231636
250	256	0.000249534
250	256	0.000250011
250	256	0.000252317
250	256	0.000265834
250	256	0.000264806
250	256	0.000275691
250	256	0.000276635
250	256	0.000266010
250	256	0.000264585
250	256	0.000249221
250	256	0.000264700
250	256	0.000273322
250	256	0.000273708
250	256	0.000265033
250	256	0.000265241
250	256	0.000252204
250	256	0.000265664
250	256	0.000264668
250	256	0.000269515
250	256	0.000275701
250	256	0.000268193
250	256	0.000265710
250	256	0.000250534
250	256	0.000264557
250	256	0.000268556
250	256	0.000273802
250	256	0.000264869
250	256	0.000266513
250	256	0.000268023
250	256	0.000268458
250	256	0.000255712
250	256	0.000289272
250	256	0.000265131
250	256	0.000265973
250	256	0.000266423
250	256	0.000266373
250	256	0.000274518
250	256	0.000265822
250	256	0.000268045
250	256	0.000249967
250	256	0.000252300
250	256	0.000265081
250	256	0.000265772
250	256	0.000274618
250	256	0.000264674
250	256	0.000265907
250	256	0.000264387
250	256	0.000275361
250	256	0.000264532
250	256	0.000268087
250	256	0.000267932
250	256	0.000275813
250	256	0.000266819
250	256	0.000268006
250	256	0.000268114
250	256	0.000249367
250	256	0.000264898
250	256	0.000255668
250	256	0.000276645
250	256	0.000265720
250	380	0.000223745
250	380	0.000224299
250	380	0.000223505
250	380	0.000228576
250	380	0.000223986
250	380	0.000223206
250	380	0.000223918
250	380	0.000243247
250	380	0.000223439
250	380	0.000224268
250	380	0.000226491
250	380	0.000229359
250	380	0.000223897
250	380	0.000223792
250	380	0.000224220
250	380	0.000229048
250	380	0.000223963
250	380	0.000226742
250	380	0.000223410
250	380	0.000223910
250	380	0.000230471
250	380	0.000224343
250	380	0.000224350
250	380	0.000223495
250	380	0.000245941
250	380	0.000223548
250	380	0.000224540
250	380	0.000223645
250	380	0.000231419
250	380	0.000223540
250	380	0.000223330
250	380	0.000223646
250	380	0.000223246
250	380	0.000231946
250	380	0.000222753
250	380	0.000226304
250	380	0.000226479
250	380	0.000229333
250	380	0.000223652
250	380	0.000224179
250	380	0.000224073
250	380	0.000228289
250	380	0.000226475
250	380	0.000224071
250	380	0.000226281
250	380	0.000222646
250	380	0.000290264
250	380	0.000285662
250	380	0.000295767
250	380	0.000316962
250	380	0.000312785
250	380	0.000313395
250	380	0.000316917
250	380	0.000312755
250	380	0.000312448
250	380	0.000312641
250	380	0.000313937
250	380	0.000402675
250	380	0.000390644
250	380	0.000374833
250	380	0.000401575
250	380	0.000390936
250	380	0.000369633
250	380	0.000391696
250	380	0.000390585
250	380	0.000368959
250	380	0.000391936
250	380	0.000401617
250	380	0.000396006
250	380	0.000386326
250	380	0.000404403
250	380	0.000395945
250	380	0.000393651
250	380	0.000382373
250	380	0.000392013
250	380	0.000390400
250	380	0.000386349
250	380	0.000396087
250	380	0.000375544
250	380	0.000402798
250	380	0.000391968
250	380	0.000372607
250	380	0.000402608
250	380	0.000391352
250	380	0.000373750
250	380	0.000401477
250	380	0.000391804
250	380	0.000372631
250	380	0.000401577
250	380	0.000396053
250	380	0.000367478
250	380	0.000393412
250	380	0.000391278
250	380	0.000368844
250	380	0.000369239
250	380	0.000401013
250	380	0.000389503
250	380	0.000395999
250	380	0.000368800
250	380	0.000408722
250	510	0.000305772
250	510	0.000299226
250	510	0.000306362
250	510	0.000305553
250	510	0.000303822
250	510	0.000303032
250	510	0.000298278
250	510	0.000300328
250	510	0.000302939
250	510	0.000307586
250	510	0.000304894
250	510	0.000298985
250	510	0.000300342
250	510	0.000302884
250	510	0.000298324
250	510	0.000300224
250	510	0.000298452
250	510	0.000305837
250	510	0.000308262
250	510	0.000322766
250	510	0.000321803
250	510	0.000322799
250	510	0.000323912
250	510	0.000349028
250	510	0.000353753
250	510	0.000385567
250	510	0.000381311
250	510	0.000379505
250	510	0.000465440
250	510	0.000474187
250	510	0.000530103
250	510	0.000514264
250	510	0.000530237
250	510	0.000516238
250	510	0.000539198
250	510	0.000520139
250	510	0.000533571
250	510	0.000522836
250	510	0.000553449
250	510	0.000522355
250	510	0.000546663
250	510	0.000530318
250	510	0.000516306
250	510	0.000522209
250	510	0.000510798
250	510	0.000523939
250	510	0.000530636
250	510	0.000541393
250	510	0.000497476
250	510	0.000560204
250	510	0.000502186
250	510	0.000534570
250	510	0.000523227
250	510	0.000508632
250	510	0.000524941
250	510	0.000540136
250	510	0.000519840
250	510	0.000519124
250	510	0.000530458
250	510	0.000512290
250	510	0.000533474
250	510	0.000501638
250	510	0.000539908
250	510	0.000501829
250	510	0.000534122
250	510	0.000524484
250	510	0.000543489
250	510	0.000532455
250	510	0.000499080
250	510	0.000541260
250	510	0.000537039
250	510	0.000500388
250	510	0.000521604
250	510	0.000505268
250	510	0.000446947
250	510	0.000418264
250	510	0.000432140
250	510	0.000450150
250	510	0.000439992
250	510	0.000466010
250	510	0.000472554
250	510	0.000478615
250	510	0.000509365
250	510	0.000517399
250	510	0.000523024
250	510	0.000528070
250	510	0.000522912
250	510	0.000523762
250	510	0.000530141
250	510	0.000539134
250	510	0.000525105
250	510	0.000508322
250	510	0.000534330
250	510	0.000498927
250	510	0.000518427
250	510	0.000522967
250	510	0.000524898
250	510	0.000522690
250	510	0.000515762
250	510	0.000526649
250	600	0.000361991
250	600	0.000351857
250	600	0.000356111
250	600	0.000352155
250	600	0.000351029
250	600	0.000350772
250	600	0.000351360
250	600	0.000352079
250	600	0.000350282
250	600	0.000350990
250	600	0.000357236
250	600	0.000360405
250	600	0.000371350
250	600	0.000361501
250	600	0.000359130
250	600	0.000358833
250	600	0.000356001
250	600	0.000356191
250	600	0.000351187
250	600	0.000351468
250	600	0.000356125
250	600	0.000351749
250	600	0.000383588
250	600	0.000377698
250	600	0.000384646
250	600	0.000433720
250	600	0.000433706
250	600	0.000459276
250	600	0.000459335
250	600	0.000454271
250	600	0.000453181
250	600	0.000453263
250	600	0.000425451
250	600	0.000408923
250	600	0.000417438
250	600	0.000438302
250	600	0.000446219
250	600	0.000437811
250	600	0.000577341
250	600	0.000595056
250	600	0.000617263
250	600	0.000621124
250	600	0.000613444
250	600	0.000616761
250	600	0.000623045
250	600	0.000626433
250	600	0.000611276
250	600	0.000610023
250	600	0.000620872
250	600	0.000624567
250	600	0.000623849
250	600	0.000624495
250	600	0.000608417
250	600	0.000615070
250	600	0.000619188
250	600	0.000607376
250	600	0.000619572
250	600	0.000609513
250	600	0.000623590
250	600	0.000608204
250	600	0.000612878
250	600	0.000631044
250	600	0.000647579
250	600	0.000626230
250	600	0.000583986
250	600	0.000615162
250	600	0.000626521
250	600	0.000615739
250	600	0.000630181
250	600	0.000586821
250	600	0.000587864
250	600	0.000578371
250	600	0.000587999
250	600	0.000580878
250	600	0.000598818
250	600	0.000603759
250	600	0.000589631
250	600	0.000578012
250	600	0.000592222
250	600	0.000644093
250	600	0.000580644
250	600	0.000606648
250	600	0.000614288
250	600	0.000636723
250	600	0.000606806
250	600	0.000626805
250	600	0.000596238
250	600	0.000626834
250	600	0.000579106
250	600	0.000618272
250	600	0.000604305
250	600	0.000623038
250	600	0.000615870
250	600	0.000613826
250	600	0.000625471
250	600	0.000623051
250	600	0.000624737
250	600	0.000595759
250	600	0.000615385
250	600	0.000615222
380	128	0.000114393
380	128	0.000113104
380	128	0.000112778
380	128	0.000113914
380	128	0.000112702
380	128	0.000114181
380	128	0.000118314
380	128	0.000113182
380	128	0.000114228
380	128	0.000114454
380	128	0.000113068
380	128	0.000112711
380	128	0.000113321
380	128	0.000113678
380	128	0.000114528
380	128	0.000113007
380	128	0.000112787
380	128	0.000112948
380	128	0.000112915
380	128	0.000112948
380	128	0.000112783
380	128	0.000112895
380	128	0.000113320
380	128	0.000112823
380	128	0.000112946
380	128	0.000113664
380	128	0.000117361
380	128	0.000123077
380	128	0.000117403
380	128	0.000117375
380	128	0.000117508
380	128	0.000126271
380	128	0.000145656
380	128	0.000143409
380	128	0.000149994
380	128	0.000176334
380	128	0.000177372
380	128	0.000175584
380	128	0.000194039
380	128	0.000198547
380	128	0.000198876
380	128	0.000198442
380	128	0.000197630
380	128	0.000186116
380	128	0.000199982
380	128	0.000211176
380	128	0.000206614
380	128	0.000208838
380	128	0.000200239
380	128	0.000200230
380	128	0.000185692
380	128	0.000200329
380	128	0.000198200
380	128	0.000197805
380	128	0.000197261
380	128	0.000197572
380	128	0.000200329
380	128	0.000198646
380	128	0.000208344
380	128	0.000206890
380	128	0.000221866
380	128	0.000212194
380	128	0.000197223
380	128	0.000198371
380	128	0.000200416
380	128	0.000185787
380	128	0.000198809
380	128	0.000198871
380	128	0.000197278
380	128	0.000200333
380	128	0.000200380
380	128	0.000198196
380	128	0.000208125
380	128	0.000209191
380	128	0.000199024
380	128	0.000200237
380	128	0.000187280
380	128	0.000188439
380	128	0.000200580
380	128	0.000197462
380	128	0.000198914
380	128	0.000209135
380	128	0.000197103
380	128	0.000198243
380	128	0.000186304
380	128	0.000197899
380	128	0.000198435
380	128	0.000200226
380	128	0.000207804
380	128	0.000197323
380	128	0.000197345
380	128	0.000198424
380	128	0.000187202
380	128	0.000197702
380	128	0.000197610
380	128	0.000187131
380	128	0.000200509
380	128	0.000197963
380	128	0.000198129
380	128	0.000202075
380	256	0.000222879
380	256	0.000223023
380	256	0.000222913
380	256	0.000222257
380	256	0.000223563
380	256	0.000231778
380	256	0.000228533
380	256	0.000222297
380	256	0.000223247
380	256	0.000222917
380	256	0.000227186
380	256	0.000222321
380	256	0.000222576
380	256	0.000222816
380	256	0.000228050
380	256	0.000222613
380	256	0.000223472
380	256	0.000222141
380	256	0.000222744
380	256	0.000229474
380	256	0.000222580
380	256	0.000222468
380	256	0.000222299
380	256	0.000265860
380	256	0.000240247
380	256	0.000243087
380	256	0.000243247
380	256	0.000263410
380	256	0.000259744
380	256	0.000259536
380	256	0.000259310
380	256	0.000259993
380	256	0.000263313
380	256	0.000259840
380	256	0.000311477
380	256	0.000316143
380	256	0.000303231
380	256	0.000296102
380	256	0.000298345
380	256	0.000315889
380	256	0.000311712
380	256	0.000324021
380	256	0.000400928
380	256	0.000390689
380	256	0.000395056
380	256	0.000400659
380	256	0.000394921
380	256	0.000365821
380	256	0.000396895
380	256	0.000389690
380	256	0.000367773
380	256	0.000367825
380	256	0.000397589
380	256	0.000388726
380	256	0.000401862
380	256	0.000400890
380	256	0.000389188
380	256	0.000366100
380	256	0.000402394
380	256	0.000390304
380	256	0.000365907
380	256	0.000406531
380	256	0.000395229
380	256	0.000375281
380	256	0.000398514
380	256	0.000388741
380	256	0.000367937
380	256	0.000397253
380	256	0.000388595
380	256	0.000370661
380	256	0.000400020
380	256	0.000389694
380	256	0.000372109
380	256	0.000397452
380	256	0.000389676
380	256	0.000371807
380	256	0.000380673
380	256	0.000402477
380	256	0.000394943
380	256	0.000371755
380	256	0.000386175
380	256	0.000394983
380	256	0.000375809
380	256	0.000404491
380	256	0.000389476
380	256	0.000371665
380	256	0.000400261
380	256	0.000390350
380	256	0.000365677
380	256	0.000381603
380	256	0.000394970
380	256	0.000377129
380	256	0.000402706
380	256	0.000394928
380	256	0.000366414
380	256	0.000389181
380	256	0.000382338
380	256	0.000388509
380	256	0.000390068
380	256	0.000396712
380	380	0.000329890
380	380	0.000333368
380	380	0.000333359
380	380	0.000328200
380	380	0.000333420
380	380	0.000328213
380	380	0.000328289
380	380	0.000329385
380	380	0.000333363
380	380	0.000328265
380	380	0.000328025
380	380	0.000334215
380	380	0.000375307
380	380	0.000368310
380	380	0.000367708
380	380	0.000466719
380	380	0.000488709
380	380	0.000542171
380	380	0.000551318
380	380	0.000574227
380	380	0.000564542
380	380	0.000573971
380	380	0.000601772
380	380	0.000574172
380	380	0.000610015
380	380	0.000541439
380	380	0.000590046
380	380	0.000586478
380	380	0.000584016
380	380	0.000580683
380	380	0.000583583
380	380	0.000570498
380	380	0.000587607
380	380	0.000560044
380	380	0.000590535
380	380	0.000568233
380	380	0.000575844
380	380	0.000585057
380	380	0.000575941
380	380	0.000602931
380	380	0.000574333
380	380	0.000554444
380	380	0.000574298
380	380	0.000577591
380	380	0.000574841
380	380	0.000588099
380	380	0.000570027
380	380	0.000592166
380	380	0.000590095
380	380	0.000585613
380	380	0.000599197
380	380	0.000575168
380	380	0.000572488
380	380	0.000582131
380	380	0.000584932
380	380	0.000574810
380	380	0.000599485
380	380	0.000542483
380	380	0.000587025
380	380	0.000541600
380	380	0.000585492
380	380	0.000579324
380	380	0.000615465
380	380	0.000562614
380	380	0.000543808
380	380	0.000562416
380	380	0.000575872
380	380	0.000582859
380	380	0.000575055
380	380	0.000573139
380	380	0.000574664
380	380	0.000570670
380	380	0.000583415
380	380	0.000564827
380	380	0.000576057
380	380	0.000562145
380	380	0.000591839
380	380	0.000551035
380	380	0.000566769
380	380	0.000573475
380	380	0.000614146
380	380	0.000540932
380	380	0.000583955
380	380	0.000574905
380	380	0.000550946
380	380	0.000575807
380	380	0.000575826
380	380	0.000573927
380	380	0.000571246
380	380	0.000618420
380	380	0.000583421
380	380	0.000589588
380	380	0.000574836
380	380	0.000553331
380	380	0.000542098
380	380	0.000583388
380	380	0.000580857
380	380	0.000598533
380	380	0.000573988
380	380	0.000588520
380	510	0.000439620
380	510	0.000446564
380	510	0.000451725
380	510	0.000450025
380	510	0.000449593
380	510	0.000439487
380	510	0.000439621
380	510	0.000439677
380	510	0.000446408
380	510	0.000439191
380	510	0.000440197
380	510	0.000440288
380	510	0.000439793
380	510	0.000439998
380	510	0.000446687
380	510	0.000440069
380	510	0.000449880
380	510	0.000444137
380	510	0.000445596
380	510	0.000444612
380	510	0.000476600
380	510	0.000447255
380	510	0.000443653
380	510	0.000446748
380	510	0.000444596
380	510	0.000452540
380	510	0.000439508
380	510	0.000445210
380	510	0.000480154
380	510	0.000460857
380	510	0.000463091
380	510	0.000439280
380	510	0.000440680
380	510	0.000439985
380	510	0.000439630
380	510	0.000439922
380	510	0.000439473
380	510	0.000446640
380	510	0.000440074
380	510	0.000439732
380	510	0.000492129
380	510	0.000541331
380	510	0.000543294
380	510	0.000573771
380	510	0.000560350
380	510	0.000584688
380	510	0.000602645
380	510	0.000587212
380	510	0.000591739
380	510	0.000606253
380	510	0.000560556
380	510	0.000565994
380	510	0.000596853
380	510	0.000586789
380	510	0.000624022
380	510	0.000623696
380	510	0.000607448
380	510	0.000602151
380	510	0.000585942
380	510	0.000599571
380	510	0.000598850
380	510	0.000535109
380	510	0.000535121
380	510	0.000535218
380	510	0.000552806
380	510	0.000580740
380	510	0.000512869
380	510	0.000513324
380	510	0.000494037
380	510	0.000478384
380	510	0.000479195
380	510	0.000523243
380	510	0.000514316
380	510	0.000512391
380	510	0.000512677
380	510	0.000524503
380	510	0.000704733
380	510	0.000690878
380	510	0.000614584
380	510	0.000587620
380	510	0.000567780
380	510	0.000594379
380	510	0.000561866
380	510	0.000559463
380	510	0.000580136
380	510	0.000594134
380	510	0.000593397
380	510	0.000615681
380	510	0.000622559
380	510	0.000616415
380	510	0.000621564
380	510	0.000694099
380	510	0.000711082
380	510	0.000698711
380	510	0.000728057
380	510	0.000770940
380	510	0.000782790
380	510	0.000769605
380	510	0.000779128
380	510	0.000734391
380	600	0.000528388
380	600	0.000524538
380	600	0.000516702
380	600	0.000524677
380	600	0.000522567
380	600	0.000530982
380	600	0.000526695
380	600	0.000522717
380	600	0.000516829
380	600	0.000524871
380	600	0.000517875
380	600	0.000522479
380	600	0.000530816
380	600	0.000524260
380	600	0.000529012
380	600	0.000520915
380	600	0.000517424
380	600	0.000518231
380	600	0.000516695
380	600	0.000516856
380	600	0.000529092
380	600	0.000524312
380	600	0.000546127
380	600	0.000516944
380	600	0.000572697
380	600	0.000579723
380	600	0.000586033
380	600	0.000547953
380	600	0.000543992
380	600	0.000516308
380	600	0.000521850
380	600	0.000530056
380	600	0.000563540
380	600	0.000565457
380	600	0.000568226
380	600	0.000578410
380	600	0.000586132
380	600	0.000617243
380	600	0.000602511
380	600	0.000631836
380	600	0.000638678
380	600	0.000628333
380	600	0.000643854
380	600	0.000637167
380	600	0.000634654
380	600	0.000646173
380	600	0.000731398
380	600	0.000822800
380	600	0.000806629
380	600	0.000771410
380	600	0.000784592
380	600	0.000815996
380	600	0.000817934
380	600	0.000825156
380	600	0.000868399
380	600	0.000858998
380	600	0.000809890
380	600	0.000796240
380	600	0.000770890
380	600	0.000772002
380	600	0.000771417
380	600	0.000733804
380	600	0.000734454
380	600	0.000739709
380	600	0.000742596
380	600	0.000894022
380	600	0.000856500
380	600	0.000777799
380	600	0.000797398
380	600	0.000815277
380	600	0.000615018
380	600	0.000646310
380	600	0.000624328
380	600	0.000638267
380	600	0.000638534
380	600	0.000629211
380	600	0.000638262
380	600	0.000668138
380	600	0.000666779
380	600	0.000764933
380	600	0.000772986
380	600	0.000782534
380	600	0.000822229
380	600	0.000813283
380	600	0.000815597
380	600	0.000798848
380	600	0.000776835
380	600	0.000772032
380	600	0.000729287
380	600	0.000734505
380	600	0.000755680
380	600	0.000888628
380	600	0.000896749
380	600	0.000911816
380	600	0.000896721
380	600	0.000887097
380	600	0.000796885
380	600	0.000777144
380	600	0.000770682
380	600	0.000773323
510	128	0.000150201
510	128	0.000159492
510	128	0.000151267
510	128	0.000150148
510	128	0.000150496
510	128	0.000156203
510	128	0.000151211
510	128	0.000149950
510	128	0.000163122
510	128	0.000149971
510	128	0.000150509
510	128	0.000156429
510	128	0.000150035
510	128	0.000149739
510	128	0.000151243
510	128	0.000151180
510	128	0.000149905
510	128	0.000155783
510	128	0.000150378
510	128	0.000149848
510	128	0.000155975
510	128	0.000150521
510	128	0.000150424
510	128	0.000169055
510	128	0.000161766
510	128	0.000162545
510	128	0.000167475
510	128	0.000201048
510	128	0.000199884
510	128	0.000199870
510	128	0.000228392
510	128	0.000235129
510	128	0.000234199
510	128	0.000255531
510	128	0.000262740
510	128	0.000273506
510	128	0.000272746
510	128	0.000263631
510	128	0.000262707
510	128	0.000264973
510	128	0.000263366
510	128	0.000262966
510	128	0.000275082
510	128	0.000274096
510	128	0.000262785
510	128	0.000247878
510	128	0.000247680
510	128	0.000262951
510	128	0.000249402
510	128	0.000274864
510	128	0.000290139
510	128	0.000264876
510	128	0.000247488
510	128	0.000262602
510	128	0.000254941
510	128	0.000264601
510	128	0.000270648
510	128	0.000263281
510	128	0.000264570
510	128	0.000262957
510	128	0.000263050
510	128	0.000294655
510	128	0.000263364
510	128	0.000264642
510	128	0.000264398
510	128	0.000290803
510	128	0.000264336
510	128	0.000247667
510	128	0.000247051
510	128	0.000263755
510	128	0.000247209
510	128	0.000263272
510	128	0.000274990
510	128	0.000294686
510	128	0.000262722
510	128	0.000263711
510	128	0.000247435
510	128	0.000263611
510	128	0.000248296
510	128	0.000267871
510	128	0.000297257
510	128	0.000264872
510	128	0.000263491
510	128	0.000247391
510	128	0.000263534
510	128	0.000274172
510	128	0.000271855
510	128	0.000262569
510	128	0.000247635
510	128	0.000246901
510	128	0.000263768
510	128	0.000247277
510	128	0.000287303
510	128	0.000275837
510	128	0.000264618
510	128	0.000263544
510	128	0.000247480
510	128	0.000247911
510	128	0.000263650
510	128	0.000289575
510	256	0.000295921
510	256	0.000295702
510	256	0.000298239
510	256	0.000296610
510	256	0.000296359
510	256	0.000302071
510	256	0.000301185
510	256	0.000295633
510	256	0.000298218
510	256	0.000298165
510	256	0.000295587
510	256	0.000296026
510	256	0.000295740
510	256	0.000306688
510	256	0.000303724
510	256	0.000301216
510	256	0.000295606
510	256	0.000295567
510	256	0.000296447
510	256	0.000295897
510	256	0.000295827
510	256	0.000300804
510	256	0.000301998
510	256	0.000295515
510	256	0.000295825
510	256	0.000334278
510	256	0.000330817
510	256	0.000330765
510	256	0.000344519
510	256	0.000363134
510	256	0.000359717
510	256	0.000343495
510	256	0.000331152
510	256	0.000331100
510	256	0.000344550
510	256	0.000359644
510	256	0.000359857
510	256	0.000395136
510	256	0.000394556
510	256	0.000404760
510	256	0.000368377
510	256	0.000367890
510	256	0.000387805
510	256	0.000426308
510	256	0.000417380
510	256	0.000446109
510	256	0.000463961
510	256	0.000470992
510	256	0.000487870
510	256	0.000497592
510	256	0.000517964
510	256	0.000511820
510	256	0.000522192
510	256	0.000509416
510	256	0.000544150
510	256	0.000516824
510	256	0.000528648
510	256	0.000517223
510	256	0.000494762
510	256	0.000496906
510	256	0.000486848
510	256	0.000495907
510	256	0.000486714
510	256	0.000496269
510	256	0.000487213
510	256	0.000488651
510	256	0.000494175
510	256	0.000487960
510	256	0.000516662
510	256	0.000517145
510	256	0.000528948
510	256	0.000501965
510	256	0.000502084
510	256	0.000522022
510	256	0.000532653
510	256	0.000517725
510	256	0.000527886
510	256	0.000461198
510	256	0.000463846
510	256	0.000525208
510	256	0.000515765
510	256	0.000504960
510	256	0.000527817
510	256	0.000487495
510	256	0.000514716
510	256	0.000518032
510	256	0.000518210
510	256	0.000525801
510	256	0.000501012
510	256	0.000518105
510	256	0.000491592
510	256	0.000530257
510	256	0.000517657
510	256	0.000516381
510	256	0.000486488
510	256	0.000487438
510	256	0.000492622
510	256	0.000491157
510	256	0.000491345
510	256	0.000495213
510	380	0.000436618
510	380	0.000440709
510	380	0.000440534
510	380	0.000440676
510	380	0.000441421
510	380	0.000455344
510	380	0.000443430
510	380	0.000441916
510	380	0.000448732
510	380	0.000446176
510	380	0.000442003
510	380	0.000442282
510	380	0.000441367
510	380	0.000446832
510	380	0.000445820
510	380	0.000443686
510	380	0.000441983
510	380	0.000442794
510	380	0.000444682
510	380	0.000440898
510	380	0.000446178
510	380	0.000436381
510	380	0.000436444
510	380	0.000442536
510	380	0.000436836
510	380	0.000437110
510	380	0.000459181
510	380	0.000488860
510	380	0.000498897
510	380	0.000540519
510	380	0.000554663
510	380	0.000532377
510	380	0.000531799
510	380	0.000538358
510	380	0.000582331
510	380	0.000581234
510	380	0.000488638
510	380	0.000508678
510	380	0.000496420
510	380	0.000459610
510	380	0.000457542
510	380	0.000467836
510	380	0.000461537
510	380	0.000452404
510	380	0.000487399
510	380	0.000488673
510	380	0.000488473
510	380	0.000537998
510	380	0.000548730
510	380	0.000558225
510	380	0.000560765
510	380	0.000581123
510	380	0.000589729
510	380	0.000581313
510	380	0.000637620
510	380	0.000610299
510	380	0.000587625
510	380	0.000591224
510	380	0.000582813
510	380	0.000587932
510	380	0.000645117
510	380	0.000684839
510	380	0.000699803
510	380	0.000718106
510	380	0.000725127
510	380	0.000743512
510	380	0.000731161
510	380	0.000726030
510	380	0.000642813
510	380	0.000634698
510	380	0.000581576
510	380	0.000581375
510	380	0.000593669
510	380	0.000582669
510	380	0.000728529
510	380	0.000723201
510	380	0.000687462
510	380	0.000708498
510	380	0.000757929
510	380	0.000797547
510	380	0.000768392
510	380	0.000793838
510	380	0.000755732
510	380	0.000766590
510	380	0.000759404
510	380	0.000723534
510	380	0.000745021
510	380	0.000726535
510	380	0.000688324
510	380	0.000704222
510	380	0.000749913
510	380	0.000763923
510	380	0.000776758
510	380	0.000760686
510	380	0.000819615
510	380	0.000754667
510	380	0.000771150
510	380	0.000724948
510	380	0.000725627
510	380	0.000799244
510	510	0.000590928
510	510	0.000593496
510	510	0.000583931
510	510	0.000589931
510	510	0.000594941
510	510	0.000593196
510	510	0.000593926
510	510	0.000583539
510	510	0.000592047
510	510	0.000591311
510	510	0.000583560
510	510	0.000589826
510	510	0.000595322
510	510	0.000591064
510	510	0.000584799
510	510	0.000714597
510	510	0.000719670
510	510	0.000915004
510	510	0.000921846
510	510	0.000999394
510	510	0.000999501
510	510	0.001030520
510	510	0.001040270
510	510	0.001006619
510	510	0.001032811
510	510	0.001012408
510	510	0.001038729
510	510	0.001039292
510	510	0.001032822
510	510	0.001046433
510	510	0.001029123
510	510	0.001051336
510	510	0.000784550
510	510	0.000783710
510	510	0.000786380
510	510	0.000788817
510	510	0.000797034
510	510	0.000784281
510	510	0.000628908
510	510	0.000635175
510	510	0.000750423
510	510	0.000747591
510	510	0.001052650
510	510	0.000954365
510	510	0.000837841
510	510	0.000885389
510	510	0.000917736
510	510	0.001024394
510	510	0.001035411
510	510	0.001040404
510	510	0.001025860
510	510	0.001028241
510	510	0.001033279
510	510	0.001025073
510	510	0.001023245
510	510	0.001031123
510	510	0.001032014
510	510	0.001028922
510	510	0.001023696
510	510	0.001040476
510	510	0.001036467
510	510	0.001035016
510	510	0.001017439
510	510	0.001026750
510	510	0.001025127
510	510	0.000999912
510	510	0.001007058
510	510	0.000969037
510	510	0.000974839
510	510	0.001004766
510	510	0.001015366
510	510	0.001032027
510	510	0.001031562
510	510	0.000973835
510	510	0.001032182
510	510	0.001034620
510	510	0.001036155
510	510	0.001039964
510	510	0.001028214
510	510	0.001032345
510	510	0.001033539
510	510	0.001026930
510	510	0.001041045
510	510	0.001024638
510	510	0.000971856
510	510	0.001060299
510	510	0.000986342
510	510	0.001029848
510	510	0.001026475
510	510	0.001037154
510	510	0.001030930
510	510	0.001060499
510	510	0.000975181
510	510	0.000917692
510	510	0.000916195
510	510	0.000975657
510	510	0.000998010
510	510	0.000983504
510	510	0.000965374
510	510	0.000880452
510	600	0.000692230
510	600	0.000698484
510	600	0.000696373
510	600	0.000693143
510	600	0.000691334
510	600	0.000704139
510	600	0.000686379
510	600	0.000698400
510	600	0.000693186
510	600	0.000693096
510	600	0.000697528
510	600	0.000698935
510	600	0.000686447
510	600	0.000693383
510	600	0.000686325
510	600	0.000714141
510	600	0.000877782
510	600	0.000881263
510	600	0.001157554
510	600	0.001162479
510	600	0.001230592
510	600	0.001202470
510	600	0.001178280
510	600	0.001161388
510	600	0.001160636
510	600	0.001203928
510	600	0.001175516
510	600	0.001184287
510	600	0.001134592
510	600	0.001211563
510	600	0.001198340
510	600	0.001189006
510	600	0.001162710
510	600	0.001190857
510	600	0.001202389
510	600	0.001166986
510	600	0.001207898
510	600	0.001209438
510	600	0.001164785
510	600	0.001206667
510	600	0.001145442
510	600	0.001204166
510	600	0.001180686
510	600	0.001193446
510	600	0.001192461
510	600	0.001215641
510	600	0.001173679
510	600	0.001175456
510	600	0.001206756
510	600	0.001205488
510	600	0.001013737
510	600	0.001119667
510	600	0.001135186
510	600	0.001146944
510	600	0.001208975
510	600	0.001198894
510	600	0.001187509
510	600	0.001211805
510	600	0.001204430
510	600	0.001237858
510	600	0.001186313
510	600	0.001014300
510	600	0.001168106
510	600	0.001209163
510	600	0.001215863
510	600	0.001188104
510	600	0.001188517
510	600	0.001209121
510	600	0.001189881
510	600	0.001209411
510	600	0.001167975
510	600	0.001193916
510	600	0.001205676
510	600	0.001106172
510	600	0.001139734
510	600	0.001169969
510	600	0.001207471
510	600	0.001086993
510	600	0.001141133
510	600	0.001204361
510	600	0.001173629
510	600	0.001175269
510	600	0.001189900
510	600	0.001220028
510	600	0.001188205
510	600	0.001184773
510	600	0.001211788
510	600	0.001210855
510	600	0.001193340
510	600	0.001178833
510	600	0.001171413
510	600	0.001177051
510	600	0.001208187
510	600	0.001161968
510	600	0.001145641
510	600	0.001140871
510	600	0.001195202
510	600	0.001191843
510	600	0.001179086
510	600	0.001141812
600	128	0.000176003
600	128	0.000176045
600	128	0.000175764
600	128	0.000180825
600	128	0.000176095
600	128	0.000175759
600	128	0.000175939
600	128	0.000181328
600	128	0.000176533
600	128	0.000175487
600	128	0.000182141
600	128	0.000175832
600	128	0.000177966
600	128	0.000180126
600	128	0.000176196
600	128	0.000177939
600	128	0.000178062
600	128	0.000185734
600	128	0.000176044
600	128	0.000176047
600	128	0.000182245
600	128	0.000177948
600	128	0.000175999
600	128	0.000184217
600	128	0.000175722
600	128	0.000176051
600	128	0.000176137
600	128	0.000177082
600	128	0.000175754
600	128	0.000175742
600	128	0.000182946
600	128	0.000175781
600	128	0.000189082
600	128	0.000224042
600	128	0.000226485
600	128	0.000230855
600	128	0.000252667
600	128	0.000257425
600	128	0.000246116
600	128	0.000260003
600	128	0.000276253
600	128	0.000268045
600	128	0.000286238
600	128	0.000274800
600	128	0.000283908
600	128	0.000293269
600	128	0.000301991
600	128	0.000339144
600	128	0.000320330
600	128	0.000293098
600	128	0.000276921
600	128	0.000273899
600	128	0.000293175
600	128	0.000290333
600	128	0.000293050
600	128	0.000303691
600	128	0.000310560
600	128	0.000289892
600	128	0.000311378
600	128	0.000315895
600	128	0.000322892
600	128	0.000311427
600	128	0.000290832
600	128	0.000311428
600	128	0.000317029
600	128	0.000282193
600	128	0.000297392
600	128	0.000281958
600	128	0.000289346
600	128	0.000290599
600	128	0.000289673
600	128	0.000289779
600	128	0.000311953
600	128	0.000322786
600	128	0.000311370
600	128	0.000308159
600	128	0.000292438
600	128	0.000341265
600	128	0.000307438
600	128	0.000292323
600	128	0.000322542
600	128	0.000293078
600	128	0.000311388
600	128	0.000289412
600	128	0.000307972
600	128	0.000289106
600	128	0.000322717
600	128	0.000314318
600	128	0.000307199
600	128	0.000307604
600	128	0.000298711
600	128	0.000331244
600	128	0.000308175
600	128	0.000289946
600	128	0.000289909
600	128	0.000322814
600	128	0.000308430
600	128	0.000307147
600	128	0.000293138
600	128	0.000307420
600	256	0.000346662
600	256	0.000351170
600	256	0.000351066
600	256	0.000346287
600	256	0.000346986
600	256	0.000348087
600	256	0.000346477
600	256	0.000351017
600	256	0.000351070
600	256	0.000346972
600	256	0.000350979
600	256	0.000347946
600	256	0.000351102
600	256	0.000347057
600	256	0.000351946
600	256	0.000346157
600	256	0.000347018
600	256	0.000395533
600	256	0.000352299
600	256	0.000355464
600	256	0.000354234
600	256	0.000391540
600	256	0.000351315
600	256	0.000345639
600	256	0.000351146
600	256	0.000351053
600	256	0.000351010
600	256	0.000346862
600	256	0.000351037
600	256	0.000351043
600	256	0.000356048
600	256	0.000387128
600	256	0.000387295
600	256	0.000400174
600	256	0.000403352
600	256	0.000404307
600	256	0.000450625
600	256	0.000446887
600	256	0.000487811
600	256	0.000509963
600	256	0.000509923
600	256	0.000579470
600	256	0.000571715
600	256	0.000576447
600	256	0.000605766
600	256	0.000607754
600	256	0.000606242
600	256	0.000612256
600	256	0.000592665
600	256	0.000609358
600	256	0.000603597
600	256	0.000655047
600	256	0.000570299
600	256	0.000616329
600	256	0.000604444
600	256	0.000614182
600	256	0.000570449
600	256	0.000621006
600	256	0.000604456
600	256	0.000607968
600	256	0.000608973
600	256	0.000594783
600	256	0.000609096
600	256	0.000615397
600	256	0.000610731
600	256	0.000615376
600	256	0.000577293
600	256	0.000613249
600	256	0.000606149
600	256	0.000606783
600	256	0.000619205
600	256	0.000601242
600	256	0.000580877
600	256	0.000587559
600	256	0.000615012
600	256	0.000631564
600	256	0.000615480
600	256	0.000579159
600	256	0.000635801
600	256	0.000617783
600	256	0.000615596
600	256	0.000584399
600	256	0.000613323
600	256	0.000570501
600	256	0.000604080
600	256	0.000604738
600	256	0.000633937
600	256	0.000613085
600	256	0.000610964
600	256	0.000574026
600	256	0.000606155
600	256	0.000606308
600	256	0.000641160
600	256	0.000615226
600	256	0.000606300
600	256	0.000610749
600	256	0.000569674
600	256	0.000585741
600	256	0.000579880
600	256	0.000622418
600	380	0.000511704
600	380	0.000511430
600	380	0.000517643
600	380	0.000519182
600	380	0.000518154
600	380	0.000512934
600	380	0.000510112
600	380	0.000511000
600	380	0.000512372
600	380	0.000526474
600	380	0.000540115
600	380	0.000517599
600	380	0.000520709
600	380	0.000513263
600	380	0.000518677
600	380	0.000510855
600	380	0.000515614
600	380	0.000518018
600	380	0.000517121
600	380	0.000524656
600	380	0.000511055
600	380	0.000511431
600	380	0.000511266
600	380	0.000516955
600	380	0.000517065
600	380	0.000518354
600	380	0.000526011
600	380	0.000551791
600	380	0.000570800
600	380	0.000607661
600	380	0.000605322
600	380	0.000601692
600	380	0.000603858
600	380	0.000608948
600	380	0.000635933
600	380	0.000631519
600	380	0.000652596
600	380	0.000672890
600	380	0.000649275
600	380	0.000660734
600	380	0.000859810
600	380	0.000873086
600	380	0.000899558
600	380	0.000887043
600	380	0.000905117
600	380	0.000902176
600	380	0.000886945
600	380	0.000895936
600	380	0.000905966
600	380	0.000926566
600	380	0.000886021
600	380	0.000892505
600	380	0.000888422
600	380	0.000893702
600	380	0.000880023
600	380	0.000893785
600	380	0.000913592
600	380	0.000897597
600	380	0.000905065
600	380	0.000856806
600	380	0.000852103
600	380	0.000878665
600	380	0.000900948
600	380	0.000901027
600	380	0.000725251
600	380	0.000726215
600	380	0.000899021
600	380	0.000892197
600	380	0.000853358
600	380	0.000909652
600	380	0.000891142
600	380	0.000913163
600	380	0.000905851
600	380	0.000882706
600	380	0.000901383
600	380	0.000908372
600	380	0.000898775
600	380	0.000928742
600	380	0.000901505
600	380	0.000930839
600	380	0.000912945
600	380	0.000880548
600	380	0.000885571
600	380	0.000888719
600	380	0.000894923
600	380	0.000894703
600	380	0.000910774
600	380	0.000901005
600	380	0.000898666
600	380	0.000908160
600	380	0.000894220
600	380	0.000905616
600	380	0.000903078
600	380	0.000904433
600	380	0.000878628
600	380	0.000877554
600	380	0.000894547
600	380	0.000899604
600	380	0.000900768
600	380	0.000897052
600	510	0.000684698
600	510	0.000692698
600	510	0.000700021
600	510	0.000694435
600	510	0.000700128
600	510	0.000692115
600	510	0.000685483
600	510	0.000693640
600	510	0.000693227
600	510	0.000689836
600	510	0.000702572
600	510	0.000683311
600	510	0.000690890
600	510	0.000694450
600	510	0.000686569
600	510	0.000697144
600	510	0.000683627
600	510	0.000688018
600	510	0.000699417
600	510	0.000731837
600	510	0.000812959
600	510	0.000838537
600	510	0.000842836
600	510	0.000813100
600	510	0.000799634
600	510	0.001022883
600	510	0.001171567
600	510	0.001188651
600	510	0.001204420
600	510	0.001070382
600	510	0.001073793
600	510	0.001024319
600	510	0.001230402
600	510	0.001155210
600	510	0.001071818
600	510	0.000838452
600	510	0.000838914
600	510	0.001068397
600	510	0.001208005
600	510	0.001208477
600	510	0.001209331
600	510	0.001189946
600	510	0.001199115
600	510	0.001149956
600	510	0.001149157
600	510	0.001136803
600	510	0.001165626
600	510	0.001140421
600	510	0.001157763
600	510	0.001187911
600	510	0.001192623
600	510	0.001198350
600	510	0.001209936
600	510	0.001169155
600	510	0.001214453
600	510	0.001220046
600	510	0.001207800
600	510	0.001199872
600	510	0.001211661
600	510	0.001189849
600	510	0.001172837
600	510	0.001230610
600	510	0.001192638
600	510	0.001177706
600	510	0.001195118
600	510	0.001205363
600	510	0.001133620
600	510	0.001153706
600	510	0.001210980
600	510	0.001209291
600	510	0.001182121
600	510	0.001190570
600	510	0.001211579
600	510	0.001186571
600	510	0.001167516
600	510	0.001215460
600	510	0.001205968
600	510	0.001172701
600	510	0.001199923
600	510	0.001194051
600	510	0.001195434
600	510	0.001186327
600	510	0.001140566
600	510	0.001212077
600	510	0.001234957
600	510	0.001188878
600	510	0.001150554
600	510	0.001218668
600	510	0.001167136
600	510	0.001143327
600	510	0.001089934
600	510	0.001156879
600	510	0.001196155
600	510	0.000870063
600	510	0.000886960
600	510	0.000981710
600	510	0.001013053
600	510	0.001014073
600	510	0.000977190
600	510	0.001104042
600	600	0.000807777
600	600	0.000812777
600	600	0.000805655
600	600	0.000813691
600	600	0.000807851
600	600	0.000811204
600	600	0.000809399
600	600	0.000815045
600	600	0.000808409
600	600	0.000811016
600	600	0.000813327
600	600	0.000831888
600	600	0.000806496
600	600	0.000809664
600	600	0.000807048
600	600	0.000811287
600	600	0.000805840
600	600	0.000812331
600	600	0.000807576
600	600	0.000860302
600	600	0.000807606
600	600	0.000810909
600	600	0.000806996
600	600	0.000816695
600	600	0.000807256
600	600	0.000812045
600	600	0.000806111
600	600	0.000821461
600	600	0.000806319
600	600	0.000809919
600	600	0.000801934
600	600	0.000817422
600	600	0.000808187
600	600	0.000818303
600	600	0.000819876
600	600	0.000822662
600	600	0.000949169
600	600	0.000988801
600	600	0.000994706
600	600	0.000990562
600	600	0.000998746
600	600	0.001029267
600	600	0.001095637
600	600	0.001028657
600	600	0.001038203
600	600	0.001027948
600	600	0.000960764
600	600	0.000943100
600	600	0.000947484
600	600	0.000988436
600	600	0.001146100
600	600	0.001050031
600	600	0.001039177
600	600	0.001085782
600	600	0.001028553
600	600	0.001047609
600	600	0.001077139
600	600	0.000971505
600	600	0.000911254
600	600	0.000933920
600	600	0.000937249
600	600	0.000946370
600	600	0.000953321
600	600	0.000919488
600	600	0.000951768
600	600	0.001078769
600	600	0.001080991
600	600	0.001078800
600	600	0.001028399
600	600	0.000949657
600	600	0.000939678
600	600	0.000943561
600	600	0.001042314
600	600	0.001144892
600	600	0.001029777
600	600	0.001034873
600	600	0.001087761
600	600	0.001196396
600	600	0.001165138
600	600	0.001098433
600	600	0.001031248
600	600	0.001078963
600	600	0.001343341
600	600	0.001372653
600	600	0.001418256
600	600	0.001374924
600	600	0.001390194
600	600	0.001372586
600	600	0.001339043
600	600	0.001341872
600	600	0.001355354
600	600	0.001294493
600	600	0.001301297
600	600	0.001431438
600	600	0.001403719
600	600	0.001404203
600	600	0.001369567
600	600	0.001409775
600	600	0.001353504
600	600	0.001413675
