120	128	0.000005245
120	128	0.000005247
120	128	0.000005247
120	128	0.000005257
120	128	0.000004914
120	128	0.000004906
120	128	0.000005231
120	128	0.000004914
120	128	0.000005234
120	128	0.000005244
120	128	0.000004917
120	128	0.000004915
120	128	0.000005008
120	128	0.000004926
120	128	0.000004892
120	128	0.000004900
120	128	0.000004925
120	128	0.000004942
120	128	0.000004933
120	128	0.000004917
120	128	0.000004871
120	128	0.000004876
120	128	0.000004829
120	128	0.000005281
120	128	0.000004935
120	128	0.000004900
120	128	0.000004928
120	128	0.000005246
120	128	0.000004930
120	128	0.000004924
120	128	0.000004971
120	128	0.000004897
120	128	0.000004912
120	128	0.000004972
120	128	0.000005302
120	128	0.000005300
120	128	0.000005296
120	128	0.000005666
120	128	0.000005405
120	128	0.000005261
120	128	0.000006543
120	128	0.000006966
120	128	0.000006992
120	128	0.000006545
120	128	0.000006956
120	128	0.000007712
120	128	0.000007331
120	128	0.000007206
120	128	0.000007247
120	128	0.000006744
120	128	0.000006714
120	128	0.000006330
120	128	0.000006269
120	128	0.000006264
120	128	0.000006331
120	128	0.000006568
120	128	0.000006582
120	128	0.000006593
120	128	0.000007012
120	128	0.000007405
120	128	0.000007342
120	128	0.000006900
120	128	0.000006903
120	128	0.000006853
120	128	0.000006522
120	128	0.000006955
120	128	0.000006550
120	128	0.000006626
120	128	0.000006539
120	128	0.000006857
120	128	0.000007424
120	128	0.000006860
120	128	0.000006953
120	128	0.000006281
120	128	0.000006721
120	128	0.000006254
120	128	0.000006699
120	128	0.000006284
120	128	0.000006259
120	128	0.000008069
120	128	0.000008158
120	128	0.000008064
120	128	0.000008190
120	128	0.000009203
120	128	0.000008590
120	128	0.000008180
120	128	0.000009213
120	128	0.000008602
120	128	0.000008599
120	128	0.000009176
120	128	0.000008744
120	128	0.000008464
120	128	0.000009189
120	128	0.000008606
120	128	0.000008603
120	128	0.000008633
120	128	0.000008590
120	128	0.000008578
120	128	0.000008589
120	128	0.000009137
120	256	0.000015904
120	256	0.000015865
120	256	0.000015876
120	256	0.000015865
120	256	0.000015874
120	256	0.000015875
120	256	0.000015885
120	256	0.000015908
120	256	0.000015909
120	256	0.000015887
120	256	0.000014653
120	256	0.000015848
120	256	0.000015869
120	256	0.000014802
120	256	0.000015896
120	256	0.000015884
120	256	0.000015850
120	256	0.000015895
120	256	0.000014183
120	256	0.000015873
120	256	0.000015625
120	256	0.000015901
120	256	0.000015858
120	256	0.000015884
120	256	0.000014165
120	256	0.000015883
120	256	0.000015857
120	256	0.000014251
120	256	0.000015844
120	256	0.000015885
120	256	0.000015580
120	256	0.000013412
120	256	0.000015883
120	256	0.000015851
120	256	0.000015864
120	256	0.000015849
120	256	0.000014658
120	256	0.000015910
120	256	0.000017100
120	256	0.000022261
120	256	0.000017112
120	256	0.000016778
120	256	0.000017101
120	256	0.000017115
120	256	0.000017808
120	256	0.000017846
120	256	0.000017774
120	256	0.000017453
120	256	0.000017791
120	256	0.000017755
120	256	0.000019332
120	256	0.000018963
120	256	0.000019322
120	256	0.000019336
120	256	0.000019335
120	256	0.000018217
120	256	0.000015638
120	256	0.000015883
120	256	0.000015949
120	256	0.000015908
120	256	0.000014181
120	256	0.000015155
120	256	0.000015159
120	256	0.000015864
120	256	0.000015161
120	256	0.000015164
120	256	0.000015854
120	256	0.000015604
120	256	0.000017356
120	256	0.000015863
120	256	0.000012157
120	256	0.000015867
120	256	0.000015859
120	256	0.000015861
120	256	0.000015894
120	256	0.000015877
120	256	0.000015886
120	256	0.000015162
120	256	0.000015900
120	256	0.000015863
120	256	0.000015855
120	256	0.000015870
120	256	0.000013632
120	256	0.000015881
120	256	0.000015861
120	256	0.000015886
120	256	0.000015913
120	256	0.000015890
120	256	0.000015927
120	256	0.000015906
120	256	0.000014209
120	256	0.000015627
120	256	0.000015904
120	256	0.000015868
120	256	0.000015886
120	256	0.000015880
120	256	0.000015872
120	256	0.000015899
120	256	0.000015896
120	256	0.000015859
120	380	0.000015738
120	380	0.000017404
120	380	0.000017403
120	380	0.000017416
120	380	0.000017428
120	380	0.000017462
120	380	0.000017409
120	380	0.000017442
120	380	0.000017457
120	380	0.000017475
120	380	0.000017409
120	380	0.000017410
120	380	0.000017407
120	380	0.000017408
120	380	0.000017401
120	380	0.000017413
120	380	0.000015721
120	380	0.000016118
120	380	0.000017459
120	380	0.000017396
120	380	0.000017402
120	380	0.000017439
120	380	0.000017453
120	380	0.000017430
120	380	0.000017424
120	380	0.000017404
120	380	0.000017448
120	380	0.000017137
120	380	0.000017422
120	380	0.000017447
120	380	0.000017427
120	380	0.000017477
120	380	0.000017434
120	380	0.000017397
120	380	0.000017379
120	380	0.000017431
120	380	0.000017415
120	380	0.000017384
120	380	0.000017435
120	380	0.000017423
120	380	0.000017452
120	380	0.000017441
120	380	0.000017402
120	380	0.000017192
120	380	0.000017429
120	380	0.000017465
120	380	0.000017440
120	380	0.000017460
120	380	0.000017433
120	380	0.000017426
120	380	0.000017406
120	380	0.000017398
120	380	0.000017440
120	380	0.000017438
120	380	0.000017408
120	380	0.000017451
120	380	0.000017414
120	380	0.000017437
120	380	0.000017438
120	380	0.000017145
120	380	0.000017103
120	380	0.000017386
120	380	0.000017441
120	380	0.000017398
120	380	0.000016498
120	380	0.000017457
120	380	0.000017412
120	380	0.000017417
120	380	0.000017426
120	380	0.000017408
120	380	0.000016162
120	380	0.000017436
120	380	0.000017448
120	380	0.000017433
120	380	0.000017423
120	380	0.000017391
120	380	0.000017137
120	380	0.000017457
120	380	0.000017417
120	380	0.000017397
120	380	0.000017418
120	380	0.000017454
120	380	0.000017425
120	380	0.000017421
120	380	0.000017425
120	380	0.000015780
120	380	0.000017434
120	380	0.000017455
120	380	0.000017436
120	380	0.000017441
120	380	0.000017162
120	380	0.000017416
120	380	0.000017433
120	380	0.000017417
120	380	0.000017447
120	380	0.000017431
120	380	0.000017408
120	380	0.000017412
120	380	0.000017489
120	380	0.000017438
120	510	0.000020742
120	510	0.000020778
120	510	0.000020794
120	510	0.000020790
120	510	0.000020786
120	510	0.000020760
120	510	0.000020793
120	510	0.000020785
120	510	0.000020764
120	510	0.000020798
120	510	0.000020784
120	510	0.000020761
120	510	0.000020787
120	510	0.000020783
120	510	0.000020766
120	510	0.000020784
120	510	0.000020768
120	510	0.000020796
120	510	0.000020751
120	510	0.000026755
120	510	0.000020792
120	510	0.000020765
120	510	0.000020549
120	510	0.000020798
120	510	0.000020715
120	510	0.000020712
120	510	0.000020794
120	510	0.000020764
120	510	0.000020752
120	510	0.000020595
120	510	0.000020783
120	510	0.000020784
120	510	0.000020788
120	510	0.000020752
120	510	0.000020132
120	510	0.000020771
120	510	0.000020776
120	510	0.000020792
120	510	0.000020789
120	510	0.000020812
120	510	0.000020774
120	510	0.000020778
120	510	0.000020785
120	510	0.000020752
120	510	0.000020775
120	510	0.000020751
120	510	0.000020774
120	510	0.000020767
120	510	0.000020819
120	510	0.000019561
120	510	0.000019537
120	510	0.000020760
120	510	0.000020529
120	510	0.000022431
120	510	0.000020772
120	510	0.000020778
120	510	0.000020785
120	510	0.000020793
120	510	0.000020769
120	510	0.000020797
120	510	0.000020806
120	510	0.000020790
120	510	0.000020753
120	510	0.000020776
120	510	0.000019553
120	510	0.000020774
120	510	0.000020042
120	510	0.000020748
120	510	0.000020769
120	510	0.000020781
120	510	0.000020795
120	510	0.000020776
120	510	0.000020766
120	510	0.000020768
120	510	0.000020764
120	510	0.000020746
120	510	0.000020772
120	510	0.000020756
120	510	0.000020752
120	510	0.000019514
120	510	0.000020770
120	510	0.000020801
120	510	0.000020779
120	510	0.000020780
120	510	0.000020763
120	510	0.000020802
120	510	0.000020788
120	510	0.000020758
120	510	0.000020795
120	510	0.000020791
120	510	0.000020777
120	510	0.000027809
120	510	0.000020803
120	510	0.000020057
120	510	0.000020770
120	510	0.000020494
120	510	0.000020024
120	510	0.000020775
120	510	0.000020786
120	510	0.000020766
120	600	0.000026959
120	600	0.000026945
120	600	0.000026949
120	600	0.000026968
120	600	0.000032410
120	600	0.000026953
120	600	0.000026967
120	600	0.000026196
120	600	0.000026949
120	600	0.000026992
120	600	0.000026955
120	600	0.000026984
120	600	0.000030858
120	600	0.000026954
120	600	0.000026936
120	600	0.000026964
120	600	0.000026972
120	600	0.000026955
120	600	0.000026913
120	600	0.000025715
120	600	0.000026963
120	600	0.000026967
120	600	0.000026942
120	600	0.000026955
120	600	0.000026969
120	600	0.000026957
120	600	0.000026954
120	600	0.000026970
120	600	0.000026955
120	600	0.000026975
120	600	0.000026934
120	600	0.000026971
120	600	0.000029906
120	600	0.000026940
120	600	0.000036353
120	600	0.000026971
120	600	0.000036758
120	600	0.000026961
120	600	0.000026964
120	600	0.000027942
120	600	0.000027992
120	600	0.000027966
120	600	0.000027972
120	600	0.000027979
120	600	0.000032722
120	600	0.000032817
120	600	0.000032841
120	600	0.000049803
120	600	0.000032837
120	600	0.000032865
120	600	0.000037718
120	600	0.000037733
120	600	0.000037768
120	600	0.000037727
120	600	0.000037714
120	600	0.000037715
120	600	0.000037733
120	600	0.000037768
120	600	0.000044480
120	600	0.000044393
120	600	0.000053303
120	600	0.000044418
120	600	0.000045942
120	600	0.000045056
120	600	0.000044961
120	600	0.000047165
120	600	0.000047219
120	600	0.000046112
120	600	0.000047206
120	600	0.000047166
120	600	0.000045013
120	600	0.000047199
120	600	0.000047207
120	600	0.000047143
120	600	0.000047164
120	600	0.000047188
120	600	0.000044183
120	600	0.000047169
120	600	0.000047208
120	600	0.000047188
120	600	0.000047171
120	600	0.000047178
120	600	0.000047221
120	600	0.000047236
120	600	0.000047184
120	600	0.000047208
120	600	0.000047130
120	600	0.000047209
120	600	0.000047216
120	600	0.000047171
120	600	0.000047201
120	600	0.000047188
120	600	0.000047185
120	600	0.000047187
120	600	0.000047171
120	600	0.000047154
120	600	0.000047225
120	600	0.000047164
120	600	0.000054408
120	600	0.000047169
250	128	0.000009959
250	128	0.000010648
250	128	0.000010681
250	128	0.000009973
250	128	0.000010706
250	128	0.000010715
250	128	0.000010811
250	128	0.000009992
250	128	0.000009998
250	128	0.000010518
250	128	0.000010010
250	128	0.000009983
250	128	0.000010718
250	128	0.000009960
250	128	0.000010019
250	128	0.000010674
250	128	0.000009949
250	128	0.000010029
250	128	0.000009975
250	128	0.000010009
250	128	0.000009987
250	128	0.000009976
250	128	0.000009990
250	128	0.000010155
250	128	0.000010734
250	128	0.000009982
250	128	0.000009997
250	128	0.000010015
250	128	0.000010049
250	128	0.000010085
250	128	0.000010715
250	128	0.000010013
250	128	0.000009988
250	128	0.000010009
250	128	0.000009899
250	128	0.000010007
250	128	0.000010021
250	128	0.000009973
250	128	0.000011109
250	128	0.000010388
250	128	0.000011049
250	128	0.000010018
250	128	0.000010083
250	128	0.000010704
250	128	0.000010234
250	128	0.000009994
250	128	0.000009991
250	128	0.000010004
250	128	0.000015484
250	128	0.000010023
250	128	0.000010000
250	128	0.000009988
250	128	0.000009961
250	128	0.000010060
250	128	0.000009939
250	128	0.000010029
250	128	0.000010007
250	128	0.000009959
250	128	0.000009979
250	128	0.000010675
250	128	0.000010086
250	128	0.000009952
250	128	0.000010012
250	128	0.000009969
250	128	0.000009987
250	128	0.000010036
250	128	0.000009929
250	128	0.000010058
250	128	0.000010734
250	128	0.000009993
250	128	0.000010677
250	128	0.000009955
250	128	0.000010751
250	128	0.000009992
250	128	0.000010004
250	128	0.000009984
250	128	0.000014650
250	128	0.000010093
250	128	0.000010688
250	128	0.000009961
250	128	0.000010651
250	128	0.000010177
250	128	0.000010022
250	128	0.000010023
250	128	0.000009964
250	128	0.000009898
250	128	0.000010090
250	128	0.000010040
250	128	0.000009959
250	128	0.000010044
250	128	0.000010007
250	128	0.000010687
250	128	0.000010622
250	128	0.000010703
250	128	0.000010709
250	128	0.000009931
250	128	0.000010680
250	128	0.000010034
250	128	0.000010079
250	128	0.000010111
250	256	0.000032968
250	256	0.000032953
250	256	0.000032965
250	256	0.000031446
250	256	0.000032973
250	256	0.000032954
250	256	0.000032962
250	256	0.000039407
250	256	0.000031437
250	256	0.000032990
250	256	0.000032925
250	256	0.000032959
250	256	0.000032918
250	256	0.000032425
250	256	0.000032942
250	256	0.000032971
250	256	0.000032969
250	256	0.000032941
250	256	0.000032961
250	256	0.000032965
250	256	0.000032973
250	256	0.000032975
250	256	0.000032944
250	256	0.000032972
250	256	0.000032434
250	256	0.000032930
250	256	0.000032941
250	256	0.000032987
250	256	0.000031413
250	256	0.000032945
250	256	0.000032974
250	256	0.000032977
250	256	0.000032380
250	256	0.000032967
250	256	0.000032951
250	256	0.000032349
250	256	0.000032959
250	256	0.000052272
250	256	0.000030333
250	256	0.000032973
250	256	0.000034194
250	256	0.000034183
250	256	0.000033621
250	256	0.000034187
250	256	0.000034195
250	256	0.000034163
250	256	0.000040094
250	256	0.000039509
250	256	0.000040121
250	256	0.000040079
250	256	0.000040095
250	256	0.000046112
250	256	0.000038524
250	256	0.000046163
250	256	0.000046099
250	256	0.000050317
250	256	0.000051268
250	256	0.000048970
250	256	0.000051300
250	256	0.000057718
250	256	0.000057672
250	256	0.000057715
250	256	0.000057687
250	256	0.000053020
250	256	0.000061558
250	256	0.000057687
250	256	0.000057694
250	256	0.000057741
250	256	0.000057739
250	256	0.000057659
250	256	0.000057676
250	256	0.000057645
250	256	0.000057646
250	256	0.000057705
250	256	0.000057671
250	256	0.000057668
250	256	0.000057692
250	256	0.000057790
250	256	0.000067897
250	256	0.000057719
250	256	0.000057698
250	256	0.000057761
250	256	0.000053083
250	256	0.000057708
250	256	0.000057666
250	256	0.000057722
250	256	0.000057679
250	256	0.000057682
250	256	0.000057720
250	256	0.000057686
250	256	0.000057697
250	256	0.000057720
250	256	0.000057641
250	256	0.000055021
250	256	0.000057640
250	256	0.000057669
250	256	0.000057669
250	256	0.000057736
250	256	0.000057690
250	256	0.000057658
250	380	0.000036196
250	380	0.000036192
250	380	0.000036165
250	380	0.000036199
250	380	0.000036181
250	380	0.000036168
250	380	0.000036161
250	380	0.000036176
250	380	0.000036190
250	380	0.000036170
250	380	0.000035546
250	380	0.000036203
250	380	0.000033552
250	380	0.000036195
250	380	0.000036169
250	380	0.000036167
250	380	0.000036183
250	380	0.000036185
250	380	0.000036200
250	380	0.000036186
250	380	0.000036176
250	380	0.000036164
250	380	0.000036175
250	380	0.000037527
250	380	0.000037553
250	380	0.000037537
250	380	0.000037577
250	380	0.000042469
250	380	0.000036196
250	380	0.000036174
250	380	0.000036161
250	380	0.000036197
250	380	0.000032610
250	380	0.000035648
250	380	0.000048273
250	380	0.000053276
250	380	0.000048270
250	380	0.000048230
250	380	0.000047389
250	380	0.000059562
250	380	0.000059536
250	380	0.000057057
250	380	0.000061619
250	380	0.000078619
250	380	0.000063308
250	380	0.000063299
250	380	0.000063269
250	380	0.000063330
250	380	0.000063317
250	380	0.000063350
250	380	0.000063339
250	380	0.000063260
250	380	0.000063362
250	380	0.000063323
250	380	0.000063321
250	380	0.000063347
250	380	0.000063258
250	380	0.000062265
250	380	0.000063286
250	380	0.000063319
250	380	0.000058708
250	380	0.000063377
250	380	0.000063308
250	380	0.000063335
250	380	0.000063335
250	380	0.000063360
250	380	0.000063301
250	380	0.000063308
250	380	0.000063275
250	380	0.000063315
250	380	0.000072712
250	380	0.000063308
250	380	0.000063303
250	380	0.000063287
250	380	0.000063250
250	380	0.000063314
250	380	0.000057020
250	380	0.000071831
250	380	0.000063306
250	380	0.000063321
250	380	0.000063317
250	380	0.000063347
250	380	0.000059545
250	380	0.000063321
250	380	0.000063311
250	380	0.000059606
250	380	0.000059575
250	380	0.000063312
250	380	0.000063324
250	380	0.000063326
250	380	0.000072068
250	380	0.000063315
250	380	0.000057125
250	380	0.000063293
250	380	0.000063355
250	380	0.000063299
250	380	0.000057107
250	380	0.000063331
250	380	0.000059608
250	380	0.000063187
250	510	0.000043151
250	510	0.000043157
250	510	0.000043164
250	510	0.000053508
250	510	0.000043145
250	510	0.000043154
250	510	0.000043165
250	510	0.000043160
250	510	0.000043187
250	510	0.000039658
250	510	0.000043156
250	510	0.000043189
250	510	0.000043174
250	510	0.000058105
250	510	0.000043165
250	510	0.000043141
250	510	0.000043190
250	510	0.000043160
250	510	0.000043160
250	510	0.000043139
250	510	0.000042616
250	510	0.000047510
250	510	0.000043190
250	510	0.000043166
250	510	0.000043154
250	510	0.000043164
250	510	0.000043175
250	510	0.000039883
250	510	0.000042568
250	510	0.000043143
250	510	0.000043140
250	510	0.000043145
250	510	0.000043144
250	510	0.000043164
250	510	0.000050333
250	510	0.000050358
250	510	0.000050365
250	510	0.000050360
250	510	0.000050329
250	510	0.000057566
250	510	0.000057524
250	510	0.000061975
250	510	0.000057549
250	510	0.000057544
250	510	0.000067151
250	510	0.000067167
250	510	0.000067128
250	510	0.000071041
250	510	0.000071090
250	510	0.000071109
250	510	0.000071098
250	510	0.000081702
250	510	0.000114007
250	510	0.000087463
250	510	0.000075518
250	510	0.000074673
250	510	0.000075519
250	510	0.000085474
250	510	0.000084590
250	510	0.000075547
250	510	0.000094118
250	510	0.000075547
250	510	0.000075542
250	510	0.000075585
250	510	0.000075545
250	510	0.000075529
250	510	0.000075581
250	510	0.000082308
250	510	0.000084548
250	510	0.000075551
250	510	0.000075510
250	510	0.000075523
250	510	0.000075516
250	510	0.000075525
250	510	0.000075454
250	510	0.000074704
250	510	0.000075518
250	510	0.000071101
250	510	0.000075493
250	510	0.000075515
250	510	0.000083045
250	510	0.000075503
250	510	0.000075510
250	510	0.000073030
250	510	0.000070089
250	510	0.000075549
250	510	0.000075567
250	510	0.000072842
250	510	0.000075511
250	510	0.000075543
250	510	0.000075542
250	510	0.000075504
250	510	0.000075527
250	510	0.000075552
250	510	0.000075511
250	510	0.000075558
250	510	0.000075520
250	510	0.000070887
250	510	0.000075570
250	510	0.000075558
250	600	0.000056072
250	600	0.000056017
250	600	0.000056049
250	600	0.000056046
250	600	0.000056092
250	600	0.000056049
250	600	0.000056044
250	600	0.000056046
250	600	0.000056060
250	600	0.000056045
250	600	0.000056068
250	600	0.000056065
250	600	0.000052547
250	600	0.000060000
250	600	0.000054535
250	600	0.000056034
250	600	0.000056023
250	600	0.000056050
250	600	0.000056036
250	600	0.000056048
250	600	0.000051745
250	600	0.000056024
250	600	0.000056053
250	600	0.000054506
250	600	0.000058599
250	600	0.000056009
250	600	0.000055995
250	600	0.000056075
250	600	0.000060290
250	600	0.000056052
250	600	0.000056054
250	600	0.000056060
250	600	0.000056019
250	600	0.000056037
250	600	0.000056047
250	600	0.000056012
250	600	0.000056047
250	600	0.000061063
250	600	0.000055494
250	600	0.000056025
250	600	0.000059710
250	600	0.000060349
250	600	0.000058724
250	600	0.000060331
250	600	0.000060370
250	600	0.000060353
250	600	0.000071282
250	600	0.000071329
250	600	0.000056014
250	600	0.000056031
250	600	0.000056036
250	600	0.000056052
250	600	0.000056002
250	600	0.000056051
250	600	0.000053398
250	600	0.000055548
250	600	0.000056035
250	600	0.000056050
250	600	0.000056063
250	600	0.000056046
250	600	0.000061415
250	600	0.000056055
250	600	0.000056029
250	600	0.000056058
250	600	0.000056051
250	600	0.000056071
250	600	0.000056036
250	600	0.000056164
250	600	0.000056028
250	600	0.000056061
250	600	0.000056062
250	600	0.000056060
250	600	0.000056049
250	600	0.000056052
250	600	0.000053410
250	600	0.000063598
250	600	0.000054484
250	600	0.000056066
250	600	0.000056069
250	600	0.000056085
250	600	0.000056055
250	600	0.000056062
250	600	0.000056047
250	600	0.000056053
250	600	0.000055545
250	600	0.000075021
250	600	0.000056037
250	600	0.000056057
250	600	0.000056046
250	600	0.000056049
250	600	0.000056045
250	600	0.000056019
250	600	0.000056059
250	600	0.000056070
250	600	0.000056064
250	600	0.000055529
250	600	0.000056044
250	600	0.000056048
250	600	0.000056045
250	600	0.000056056
380	128	0.000015116
380	128	0.000015123
380	128	0.000015105
380	128	0.000015110
380	128	0.000015182
380	128	0.000015128
380	128	0.000016445
380	128	0.000016161
380	128	0.000015128
380	128	0.000028067
380	128	0.000015097
380	128	0.000016199
380	128	0.000015140
380	128	0.000015159
380	128	0.000015090
380	128	0.000015198
380	128	0.000015158
380	128	0.000015101
380	128	0.000015220
380	128	0.000015133
380	128	0.000024812
380	128	0.000015500
380	128	0.000015056
380	128	0.000015126
380	128	0.000015114
380	128	0.000015244
380	128	0.000015112
380	128	0.000015123
380	128	0.000015080
380	128	0.000015143
380	128	0.000015202
380	128	0.000028315
380	128	0.000015122
380	128	0.000016139
380	128	0.000015042
380	128	0.000015158
380	128	0.000015088
380	128	0.000015101
380	128	0.000015080
380	128	0.000015249
380	128	0.000015160
380	128	0.000016143
380	128	0.000015117
380	128	0.000015031
380	128	0.000015245
380	128	0.000015117
380	128	0.000016158
380	128	0.000015205
380	128	0.000015061
380	128	0.000015135
380	128	0.000016191
380	128	0.000015003
380	128	0.000015210
380	128	0.000016206
380	128	0.000015102
380	128	0.000015178
380	128	0.000015204
380	128	0.000015172
380	128	0.000016160
380	128	0.000015112
380	128	0.000015191
380	128	0.000015149
380	128	0.000015119
380	128	0.000016130
380	128	0.000016210
380	128	0.000015113
380	128	0.000015209
380	128	0.000015077
380	128	0.000015100
380	128	0.000015095
380	128	0.000015130
380	128	0.000015086
380	128	0.000015140
380	128	0.000015097
380	128	0.000016177
380	128	0.000015144
380	128	0.000015117
380	128	0.000016190
380	128	0.000015050
380	128	0.000015159
380	128	0.000019922
380	128	0.000015105
380	128	0.000016214
380	128	0.000015076
380	128	0.000016159
380	128	0.000015143
380	128	0.000015066
380	128	0.000015128
380	128	0.000015105
380	128	0.000015099
380	128	0.000015156
380	128	0.000015102
380	128	0.000015128
380	128	0.000016392
380	128	0.000015092
380	128	0.000015117
380	128	0.000015129
380	128	0.000015073
380	128	0.000015076
380	128	0.000015123
380	256	0.000050069
380	256	0.000050056
380	256	0.000050015
380	256	0.000050083
380	256	0.000050053
380	256	0.000050046
380	256	0.000047053
380	256	0.000050054
380	256	0.000050056
380	256	0.000050072
380	256	0.000057142
380	256	0.000044879
380	256	0.000050009
380	256	0.000049242
380	256	0.000050014
380	256	0.000050040
380	256	0.000050062
380	256	0.000050082
380	256	0.000043138
380	256	0.000050042
380	256	0.000050050
380	256	0.000050059
380	256	0.000055030
380	256	0.000050003
380	256	0.000050106
380	256	0.000050033
380	256	0.000054073
380	256	0.000050048
380	256	0.000050082
380	256	0.000050073
380	256	0.000050063
380	256	0.000050098
380	256	0.000050041
380	256	0.000050017
380	256	0.000045787
380	256	0.000049231
380	256	0.000049102
380	256	0.000049209
380	256	0.000050042
380	256	0.000044789
380	256	0.000050110
380	256	0.000050000
380	256	0.000050015
380	256	0.000050015
380	256	0.000050011
380	256	0.000050101
380	256	0.000050054
380	256	0.000050055
380	256	0.000050049
380	256	0.000050070
380	256	0.000050006
380	256	0.000050059
380	256	0.000050041
380	256	0.000045783
380	256	0.000047087
380	256	0.000050056
380	256	0.000046016
380	256	0.000050096
380	256	0.000050045
380	256	0.000049207
380	256	0.000050060
380	256	0.000044999
380	256	0.000049989
380	256	0.000050020
380	256	0.000044271
380	256	0.000050081
380	256	0.000050003
380	256	0.000050034
380	256	0.000050040
380	256	0.000050038
380	256	0.000050031
380	256	0.000050067
380	256	0.000050100
380	256	0.000050057
380	256	0.000050048
380	256	0.000050060
380	256	0.000050029
380	256	0.000050031
380	256	0.000050045
380	256	0.000050059
380	256	0.000050077
380	256	0.000050101
380	256	0.000049116
380	256	0.000050030
380	256	0.000049993
380	256	0.000050019
380	256	0.000050034
380	256	0.000050088
380	256	0.000048404
380	256	0.000050042
380	256	0.000050073
380	256	0.000050085
380	256	0.000050001
380	256	0.000050034
380	256	0.000049990
380	256	0.000049213
380	256	0.000050047
380	256	0.000049977
380	256	0.000047056
380	256	0.000050098
380	380	0.000054989
380	380	0.000054935
380	380	0.000054975
380	380	0.000054986
380	380	0.000054921
380	380	0.000054956
380	380	0.000054980
380	380	0.000054965
380	380	0.000054941
380	380	0.000054133
380	380	0.000054967
380	380	0.000054957
380	380	0.000054982
380	380	0.000054943
380	380	0.000054986
380	380	0.000050909
380	380	0.000054943
380	380	0.000054949
380	380	0.000054956
380	380	0.000054945
380	380	0.000054948
380	380	0.000054918
380	380	0.000054926
380	380	0.000054980
380	380	0.000060712
380	380	0.000051959
380	380	0.000058350
380	380	0.000054965
380	380	0.000059889
380	380	0.000054959
380	380	0.000054956
380	380	0.000054945
380	380	0.000054915
380	380	0.000054949
380	380	0.000063326
380	380	0.000055458
380	380	0.000061550
380	380	0.000061498
380	380	0.000061563
380	380	0.000061560
380	380	0.000060265
380	380	0.000066912
380	380	0.000066813
380	380	0.000066886
380	380	0.000068266
380	380	0.000064137
380	380	0.000064153
380	380	0.000064068
380	380	0.000064154
380	380	0.000064080
380	380	0.000071236
380	380	0.000076893
380	380	0.000076967
380	380	0.000076912
380	380	0.000076905
380	380	0.000076862
380	380	0.000076898
380	380	0.000076910
380	380	0.000079185
380	380	0.000085520
380	380	0.000085536
380	380	0.000085515
380	380	0.000090483
380	380	0.000090550
380	380	0.000090479
380	380	0.000096232
380	380	0.000096175
380	380	0.000096129
380	380	0.000096259
380	380	0.000096106
380	380	0.000096142
380	380	0.000096194
380	380	0.000107560
380	380	0.000096171
380	380	0.000096108
380	380	0.000096123
380	380	0.000096188
380	380	0.000120404
380	380	0.000096154
380	380	0.000096125
380	380	0.000096196
380	380	0.000096148
380	380	0.000096159
380	380	0.000096149
380	380	0.000085605
380	380	0.000096135
380	380	0.000096162
380	380	0.000096217
380	380	0.000096191
380	380	0.000090990
380	380	0.000096136
380	380	0.000090988
380	380	0.000096125
380	380	0.000096177
380	380	0.000096160
380	380	0.000090468
380	380	0.000090473
380	380	0.000096871
380	380	0.000090517
380	380	0.000096081
380	510	0.000065575
380	510	0.000065529
380	510	0.000065535
380	510	0.000065565
380	510	0.000065545
380	510	0.000065562
380	510	0.000065542
380	510	0.000065562
380	510	0.000065587
380	510	0.000065544
380	510	0.000065606
380	510	0.000065531
380	510	0.000065543
380	510	0.000065657
380	510	0.000065542
380	510	0.000065560
380	510	0.000065607
380	510	0.000065599
380	510	0.000064600
380	510	0.000065591
380	510	0.000065593
380	510	0.000061509
380	510	0.000060122
380	510	0.000061502
380	510	0.000065551
380	510	0.000065562
380	510	0.000065548
380	510	0.000065588
380	510	0.000065589
380	510	0.000065550
380	510	0.000069699
380	510	0.000065566
380	510	0.000065536
380	510	0.000065547
380	510	0.000065766
380	510	0.000064585
380	510	0.000065547
380	510	0.000065594
380	510	0.000067992
380	510	0.000072359
380	510	0.000067153
380	510	0.000067963
380	510	0.000067986
380	510	0.000076509
380	510	0.000073034
380	510	0.000076501
380	510	0.000076445
380	510	0.000081512
380	510	0.000078668
380	510	0.000079760
380	510	0.000079817
380	510	0.000079822
380	510	0.000083494
380	510	0.000089799
380	510	0.000083477
380	510	0.000083432
380	510	0.000083423
380	510	0.000096577
380	510	0.000096571
380	510	0.000096646
380	510	0.000096655
380	510	0.000096697
380	510	0.000096598
380	510	0.000096614
380	510	0.000114692
380	510	0.000114701
380	510	0.000114709
380	510	0.000115028
380	510	0.000114790
380	510	0.000114744
380	510	0.000114776
380	510	0.000114684
380	510	0.000108024
380	510	0.000114807
380	510	0.000114751
380	510	0.000109618
380	510	0.000114718
380	510	0.000109529
380	510	0.000108010
380	510	0.000114693
380	510	0.000114685
380	510	0.000114662
380	510	0.000114700
380	510	0.000168194
380	510	0.000114693
380	510	0.000107935
380	510	0.000114794
380	510	0.000114781
380	510	0.000114818
380	510	0.000114782
380	510	0.000114792
380	510	0.000114677
380	510	0.000114812
380	510	0.000114792
380	510	0.000114705
380	510	0.000109584
380	510	0.000107991
380	510	0.000114706
380	510	0.000107999
380	510	0.000114663
380	600	0.000085168
380	600	0.000085119
380	600	0.000085189
380	600	0.000085116
380	600	0.000092154
380	600	0.000085209
380	600	0.000085183
380	600	0.000085168
380	600	0.000085131
380	600	0.000085141
380	600	0.000085187
380	600	0.000085185
380	600	0.000085104
380	600	0.000085137
380	600	0.000085157
380	600	0.000085114
380	600	0.000092386
380	600	0.000085270
380	600	0.000085186
380	600	0.000085183
380	600	0.000085155
380	600	0.000085199
380	600	0.000085165
380	600	0.000089715
380	600	0.000084338
380	600	0.000085129
380	600	0.000085179
380	600	0.000084204
380	600	0.000079778
380	600	0.000084360
380	600	0.000085152
380	600	0.000085146
380	600	0.000085100
380	600	0.000085147
380	600	0.000085135
380	600	0.000085127
380	600	0.000085134
380	600	0.000085156
380	600	0.000085141
380	600	0.000085158
380	600	0.000085111
380	600	0.000085124
380	600	0.000085142
380	600	0.000103675
380	600	0.000103610
380	600	0.000103715
380	600	0.000103664
380	600	0.000098715
380	600	0.000125539
380	600	0.000125450
380	600	0.000125454
380	600	0.000148941
380	600	0.000148989
380	600	0.000149008
380	600	0.000149034
380	600	0.000149073
380	600	0.000149026
380	600	0.000139474
380	600	0.000149675
380	600	0.000145947
380	600	0.000149076
380	600	0.000149040
380	600	0.000149037
380	600	0.000149009
380	600	0.000148997
380	600	0.000143790
380	600	0.000149009
380	600	0.000142296
380	600	0.000149006
380	600	0.000148962
380	600	0.000148997
380	600	0.000149098
380	600	0.000148976
380	600	0.000149019
380	600	0.000149032
380	600	0.000148961
380	600	0.000149021
380	600	0.000149052
380	600	0.000149045
380	600	0.000158257
380	600	0.000158065
380	600	0.000149035
380	600	0.000148962
380	600	0.000148998
380	600	0.000149044
380	600	0.000143772
380	600	0.000149004
380	600	0.000159510
380	600	0.000156084
380	600	0.000157027
380	600	0.000149044
380	600	0.000160898
380	600	0.000148956
380	600	0.000149063
380	600	0.000149095
380	600	0.000149047
380	600	0.000149024
380	600	0.000149053
380	600	0.000149086
380	600	0.000149012
510	128	0.000021649
510	128	0.000020236
510	128	0.000020293
510	128	0.000020218
510	128	0.000026562
510	128	0.000020196
510	128	0.000028279
510	128	0.000022015
510	128	0.000020233
510	128	0.000020212
510	128	0.000021628
510	128	0.000020196
510	128	0.000021607
510	128	0.000021625
510	128	0.000020208
510	128	0.000021615
510	128	0.000020222
510	128	0.000021590
510	128	0.000020221
510	128	0.000020150
510	128	0.000020238
510	128	0.000025598
510	128	0.000020330
510	128	0.000021653
510	128	0.000020216
510	128	0.000021681
510	128	0.000020226
510	128	0.000020390
510	128	0.000020281
510	128	0.000020331
510	128	0.000020190
510	128	0.000021627
510	128	0.000021779
510	128	0.000020201
510	128	0.000020206
510	128	0.000021655
510	128	0.000020972
510	128	0.000021126
510	128	0.000020954
510	128	0.000022455
510	128	0.000022461
510	128	0.000020955
510	128	0.000020786
510	128	0.000028874
510	128	0.000027014
510	128	0.000026971
510	128	0.000026974
510	128	0.000027108
510	128	0.000031286
510	128	0.000031604
510	128	0.000031504
510	128	0.000033678
510	128	0.000033314
510	128	0.000033363
510	128	0.000035647
510	128	0.000033267
510	128	0.000037899
510	128	0.000038467
510	128	0.000051538
510	128	0.000037902
510	128	0.000037867
510	128	0.000035406
510	128	0.000035411
510	128	0.000035413
510	128	0.000037919
510	128	0.000041996
510	128	0.000035334
510	128	0.000035233
510	128	0.000037840
510	128	0.000035379
510	128	0.000035328
510	128	0.000035320
510	128	0.000035316
510	128	0.000035352
510	128	0.000035328
510	128	0.000040909
510	128	0.000035655
510	128	0.000033242
510	128	0.000035374
510	128	0.000037883
510	128	0.000033300
510	128	0.000037827
510	128	0.000042113
510	128	0.000035418
510	128	0.000035448
510	128	0.000037868
510	128	0.000035305
510	128	0.000035461
510	128	0.000037856
510	128	0.000035372
510	128	0.000035338
510	128	0.000035372
510	128	0.000035360
510	128	0.000037861
510	128	0.000037873
510	128	0.000035126
510	128	0.000035315
510	128	0.000035856
510	128	0.000037857
510	128	0.000035403
510	256	0.000067114
510	256	0.000067091
510	256	0.000067125
510	256	0.000067166
510	256	0.000067101
510	256	0.000067118
510	256	0.000067144
510	256	0.000067131
510	256	0.000073393
510	256	0.000067885
510	256	0.000067174
510	256	0.000067179
510	256	0.000067152
510	256	0.000067111
510	256	0.000067085
510	256	0.000067164
510	256	0.000065851
510	256	0.000070157
510	256	0.000067113
510	256	0.000067146
510	256	0.000067205
510	256	0.000067147
510	256	0.000067161
510	256	0.000060873
510	256	0.000067148
510	256	0.000067099
510	256	0.000074873
510	256	0.000067104
510	256	0.000067069
510	256	0.000067178
510	256	0.000067898
510	256	0.000072258
510	256	0.000072345
510	256	0.000066465
510	256	0.000072367
510	256	0.000072264
510	256	0.000085535
510	256	0.000076211
510	256	0.000085398
510	256	0.000085417
510	256	0.000087115
510	256	0.000111702
510	256	0.000087836
510	256	0.000089538
510	256	0.000098991
510	256	0.000098995
510	256	0.000098918
510	256	0.000098951
510	256	0.000098995
510	256	0.000095857
510	256	0.000098892
510	256	0.000098998
510	256	0.000125460
510	256	0.000118814
510	256	0.000117436
510	256	0.000104739
510	256	0.000110620
510	256	0.000110552
510	256	0.000110575
510	256	0.000117459
510	256	0.000117582
510	256	0.000107968
510	256	0.000117539
510	256	0.000110617
510	256	0.000117543
510	256	0.000117483
510	256	0.000117475
510	256	0.000117484
510	256	0.000117561
510	256	0.000118782
510	256	0.000118746
510	256	0.000110668
510	256	0.000118874
510	256	0.000117482
510	256	0.000117556
510	256	0.000117585
510	256	0.000118830
510	256	0.000117524
510	256	0.000117560
510	256	0.000117459
510	256	0.000101644
510	256	0.000117453
510	256	0.000110596
510	256	0.000117459
510	256	0.000117472
510	256	0.000117541
510	256	0.000117495
510	256	0.000110522
510	256	0.000117544
510	256	0.000117554
510	256	0.000117488
510	256	0.000118799
510	256	0.000117421
510	256	0.000107415
510	256	0.000117504
510	256	0.000117535
510	256	0.000117464
510	256	0.000117584
510	256	0.000117450
510	256	0.000118783
510	380	0.000073713
510	380	0.000073726
510	380	0.000073740
510	380	0.000079555
510	380	0.000073748
510	380	0.000073690
510	380	0.000073687
510	380	0.000073673
510	380	0.000078341
510	380	0.000073675
510	380	0.000072427
510	380	0.000073717
510	380	0.000073665
510	380	0.000073772
510	380	0.000073713
510	380	0.000073789
510	380	0.000073704
510	380	0.000078975
510	380	0.000073720
510	380	0.000073718
510	380	0.000073679
510	380	0.000067920
510	380	0.000073743
510	380	0.000073736
510	380	0.000072638
510	380	0.000073654
510	380	0.000073737
510	380	0.000073712
510	380	0.000073718
510	380	0.000073742
510	380	0.000078340
510	380	0.000073707
510	380	0.000072608
510	380	0.000073691
510	380	0.000073747
510	380	0.000073747
510	380	0.000073767
510	380	0.000072584
510	380	0.000073668
510	380	0.000073677
510	380	0.000085973
510	380	0.000085974
510	380	0.000086046
510	380	0.000085940
510	380	0.000089756
510	380	0.000092564
510	380	0.000089750
510	380	0.000080841
510	380	0.000089690
510	380	0.000093833
510	380	0.000093773
510	380	0.000093849
510	380	0.000093809
510	380	0.000103189
510	380	0.000103244
510	380	0.000103198
510	380	0.000109530
510	380	0.000108683
510	380	0.000108589
510	380	0.000108529
510	380	0.000114655
510	380	0.000114697
510	380	0.000114611
510	380	0.000114703
510	380	0.000121386
510	380	0.000121465
510	380	0.000109342
510	380	0.000130346
510	380	0.000128981
510	380	0.000129026
510	380	0.000128985
510	380	0.000128929
510	380	0.000129040
510	380	0.000129025
510	380	0.000124596
510	380	0.000128991
510	380	0.000127100
510	380	0.000128970
510	380	0.000128934
510	380	0.000129019
510	380	0.000130398
510	380	0.000129100
510	380	0.000128953
510	380	0.000128940
510	380	0.000128956
510	380	0.000129035
510	380	0.000118874
510	380	0.000128947
510	380	0.000129055
510	380	0.000129054
510	380	0.000129026
510	380	0.000128904
510	380	0.000129078
510	380	0.000136495
510	380	0.000136704
510	380	0.000129056
510	380	0.000128987
510	380	0.000129052
510	380	0.000128983
510	380	0.000129048
510	510	0.000093966
510	510	0.000087911
510	510	0.000088006
510	510	0.000087970
510	510	0.000087965
510	510	0.000087959
510	510	0.000087966
510	510	0.000087922
510	510	0.000088020
510	510	0.000093460
510	510	0.000087971
510	510	0.000087928
510	510	0.000087978
510	510	0.000088692
510	510	0.000087947
510	510	0.000087951
510	510	0.000087971
510	510	0.000087954
510	510	0.000087929
510	510	0.000087970
510	510	0.000087893
510	510	0.000087949
510	510	0.000087904
510	510	0.000087915
510	510	0.000086823
510	510	0.000087961
510	510	0.000087953
510	510	0.000087933
510	510	0.000082514
510	510	0.000088019
510	510	0.000087965
510	510	0.000082514
510	510	0.000087949
510	510	0.000087945
510	510	0.000087995
510	510	0.000088696
510	510	0.000087920
510	510	0.000096948
510	510	0.000107037
510	510	0.000107068
510	510	0.000107963
510	510	0.000107124
510	510	0.000117229
510	510	0.000117231
510	510	0.000117213
510	510	0.000129652
510	510	0.000129636
510	510	0.000136061
510	510	0.000130716
510	510	0.000136780
510	510	0.000136778
510	510	0.000136782
510	510	0.000144911
510	510	0.000144830
510	510	0.000144910
510	510	0.000148682
510	510	0.000153871
510	510	0.000153868
510	510	0.000144889
510	510	0.000144789
510	510	0.000144906
510	510	0.000153973
510	510	0.000164135
510	510	0.000153872
510	510	0.000153964
510	510	0.000153964
510	510	0.000153916
510	510	0.000153944
510	510	0.000153875
510	510	0.000153950
510	510	0.000153928
510	510	0.000176507
510	510	0.000157766
510	510	0.000153952
510	510	0.000153874
510	510	0.000153990
510	510	0.000153881
510	510	0.000153945
510	510	0.000153885
510	510	0.000141170
510	510	0.000166471
510	510	0.000153924
510	510	0.000165466
510	510	0.000204896
510	510	0.000163574
510	510	0.000166022
510	510	0.000161649
510	510	0.000222676
510	510	0.000162710
510	510	0.000170526
510	510	0.000162094
510	510	0.000153969
510	510	0.000144817
510	510	0.000153902
510	510	0.000144850
510	510	0.000144957
510	510	0.000153834
510	510	0.000163691
510	510	0.000153859
510	510	0.000153958
510	600	0.000114282
510	600	0.000106956
510	600	0.000119310
510	600	0.000114211
510	600	0.000114246
510	600	0.000114278
510	600	0.000114262
510	600	0.000118631
510	600	0.000114217
510	600	0.000114267
510	600	0.000115016
510	600	0.000114202
510	600	0.000108801
510	600	0.000119722
510	600	0.000114207
510	600	0.000114287
510	600	0.000114262
510	600	0.000114186
510	600	0.000114237
510	600	0.000114209
510	600	0.000114186
510	600	0.000114212
510	600	0.000114273
510	600	0.000114302
510	600	0.000114239
510	600	0.000114279
510	600	0.000114258
510	600	0.000114246
510	600	0.000121013
510	600	0.000114233
510	600	0.000114201
510	600	0.000114213
510	600	0.000114257
510	600	0.000108810
510	600	0.000112959
510	600	0.000114203
510	600	0.000114244
510	600	0.000117204
510	600	0.000123086
510	600	0.000122999
510	600	0.000123020
510	600	0.000123067
510	600	0.000133259
510	600	0.000132092
510	600	0.000133323
510	600	0.000141340
510	600	0.000152228
510	600	0.000153353
510	600	0.000152362
510	600	0.000188072
510	600	0.000188174
510	600	0.000188129
510	600	0.000183349
510	600	0.000177675
510	600	0.000185043
510	600	0.000196030
510	600	0.000188094
510	600	0.000188118
510	600	0.000188090
510	600	0.000209120
510	600	0.000212350
510	600	0.000199878
510	600	0.000199950
510	600	0.000210514
510	600	0.000212945
510	600	0.000196684
510	600	0.000218731
510	600	0.000205872
510	600	0.000208165
510	600	0.000204851
510	600	0.000280038
510	600	0.000199821
510	600	0.000188159
510	600	0.000199870
510	600	0.000199903
510	600	0.000199857
510	600	0.000199924
510	600	0.000188208
510	600	0.000199874
510	600	0.000200000
510	600	0.000199988
510	600	0.000195913
510	600	0.000199935
510	600	0.000208320
510	600	0.000208849
510	600	0.000199935
510	600	0.000188106
510	600	0.000200009
510	600	0.000199979
510	600	0.000199971
510	600	0.000199931
510	600	0.000199952
510	600	0.000199846
510	600	0.000199987
510	600	0.000208097
510	600	0.000197420
510	600	0.000206530
510	600	0.000202218
510	600	0.000206396
510	600	0.000199981
600	128	0.000023731
600	128	0.000025380
600	128	0.000023718
600	128	0.000023713
600	128	0.000023768
600	128	0.000025401
600	128	0.000023662
600	128	0.000023673
600	128	0.000023744
600	128	0.000023690
600	128	0.000023775
600	128	0.000023720
600	128	0.000027927
600	128	0.000023739
600	128	0.000029084
600	128	0.000023753
600	128	0.000023685
600	128	0.000025436
600	128	0.000023699
600	128	0.000023735
600	128	0.000025347
600	128	0.000023713
600	128	0.000023718
600	128	0.000023711
600	128	0.000025402
600	128	0.000025792
600	128	0.000023736
600	128	0.000023729
600	128	0.000028119
600	128	0.000023685
600	128	0.000023717
600	128	0.000023727
600	128	0.000023690
600	128	0.000023756
600	128	0.000023692
600	128	0.000025454
600	128	0.000023703
600	128	0.000025415
600	128	0.000023668
600	128	0.000023688
600	128	0.000025679
600	128	0.000031624
600	128	0.000025503
600	128	0.000032081
600	128	0.000027278
600	128	0.000025544
600	128	0.000031563
600	128	0.000031666
600	128	0.000023894
600	128	0.000023759
600	128	0.000023679
600	128	0.000025399
600	128	0.000023839
600	128	0.000023741
600	128	0.000023686
600	128	0.000023710
600	128	0.000023654
600	128	0.000023785
600	128	0.000023676
600	128	0.000023767
600	128	0.000025451
600	128	0.000023705
600	128	0.000023848
600	128	0.000023707
600	128	0.000023712
600	128	0.000025398
600	128	0.000023827
600	128	0.000023749
600	128	0.000023919
600	128	0.000023891
600	128	0.000025386
600	128	0.000032581
600	128	0.000025425
600	128	0.000023714
600	128	0.000023721
600	128	0.000023673
600	128	0.000023683
600	128	0.000023712
600	128	0.000023719
600	128	0.000023687
600	128	0.000023705
600	128	0.000023898
600	128	0.000023638
600	128	0.000023820
600	128	0.000023827
600	128	0.000023831
600	128	0.000025405
600	128	0.000023706
600	128	0.000023695
600	128	0.000023809
600	128	0.000023743
600	128	0.000023700
600	128	0.000023690
600	128	0.000023757
600	128	0.000023752
600	128	0.000023679
600	128	0.000023849
600	128	0.000023763
600	128	0.000023724
600	128	0.000023925
600	256	0.000078999
600	256	0.000079039
600	256	0.000078968
600	256	0.000078900
600	256	0.000079013
600	256	0.000078926
600	256	0.000079074
600	256	0.000084243
600	256	0.000076976
600	256	0.000084153
600	256	0.000079032
600	256	0.000070331
600	256	0.000079019
600	256	0.000079029
600	256	0.000078924
600	256	0.000078917
600	256	0.000078982
600	256	0.000072968
600	256	0.000078920
600	256	0.000079927
600	256	0.000077791
600	256	0.000078917
600	256	0.000079014
600	256	0.000078997
600	256	0.000079039
600	256	0.000078951
600	256	0.000078969
600	256	0.000078912
600	256	0.000078967
600	256	0.000077393
600	256	0.000078908
600	256	0.000078950
600	256	0.000081852
600	256	0.000081897
600	256	0.000081978
600	256	0.000081838
600	256	0.000097847
600	256	0.000083447
600	256	0.000084996
600	256	0.000075767
600	256	0.000078747
600	256	0.000083158
600	256	0.000083860
600	256	0.000088396
600	256	0.000096120
600	256	0.000096079
600	256	0.000122873
600	256	0.000122821
600	256	0.000122959
600	256	0.000122761
600	256	0.000116300
600	256	0.000116517
600	256	0.000116419
600	256	0.000121608
600	256	0.000148426
600	256	0.000146155
600	256	0.000138269
600	256	0.000138129
600	256	0.000138192
600	256	0.000138165
600	256	0.000127013
600	256	0.000138242
600	256	0.000138268
600	256	0.000138205
600	256	0.000122802
600	256	0.000256820
600	256	0.000138122
600	256	0.000135676
600	256	0.000133324
600	256	0.000138312
600	256	0.000138128
600	256	0.000126975
600	256	0.000126152
600	256	0.000138152
600	256	0.000138140
600	256	0.000138156
600	256	0.000138157
600	256	0.000138298
600	256	0.000126983
600	256	0.000138291
600	256	0.000138265
600	256	0.000139848
600	256	0.000138174
600	256	0.000138113
600	256	0.000138137
600	256	0.000138250
600	256	0.000138193
600	256	0.000130013
600	256	0.000134199
600	256	0.000139746
600	256	0.000148045
600	256	0.000138157
600	256	0.000147366
600	256	0.000138284
600	256	0.000138160
600	256	0.000151563
600	256	0.000146620
600	256	0.000138216
600	256	0.000138105
600	256	0.000118911
600	380	0.000086737
600	380	0.000086666
600	380	0.000093220
600	380	0.000086653
600	380	0.000086682
600	380	0.000086708
600	380	0.000086748
600	380	0.000086737
600	380	0.000086755
600	380	0.000090790
600	380	0.000086693
600	380	0.000086737
600	380	0.000086747
600	380	0.000086677
600	380	0.000086705
600	380	0.000086683
600	380	0.000086691
600	380	0.000086664
600	380	0.000090152
600	380	0.000086701
600	380	0.000127196
600	380	0.000085358
600	380	0.000086719
600	380	0.000086678
600	380	0.000086682
600	380	0.000078113
600	380	0.000085397
600	380	0.000086757
600	380	0.000086906
600	380	0.000086755
600	380	0.000086723
600	380	0.000086696
600	380	0.000086660
600	380	0.000086740
600	380	0.000086648
600	380	0.000086652
600	380	0.000086685
600	380	0.000076601
600	380	0.000094017
600	380	0.000086644
600	380	0.000086695
600	380	0.000086714
600	380	0.000080277
600	380	0.000085388
600	380	0.000085190
600	380	0.000160682
600	380	0.000105524
600	380	0.000105510
600	380	0.000110849
600	380	0.000105549
600	380	0.000103753
600	380	0.000117707
600	380	0.000110276
600	380	0.000110378
600	380	0.000110403
600	380	0.000110401
600	380	0.000110455
600	380	0.000110440
600	380	0.000140710
600	380	0.000142868
600	380	0.000142888
600	380	0.000136995
600	380	0.000134946
600	380	0.000134791
600	380	0.000134891
600	380	0.000136728
600	380	0.000151699
600	380	0.000149157
600	380	0.000151771
600	380	0.000142859
600	380	0.000151685
600	380	0.000151651
600	380	0.000151783
600	380	0.000151811
600	380	0.000160635
600	380	0.000151677
600	380	0.000151782
600	380	0.000161784
600	380	0.000151813
600	380	0.000151817
600	380	0.000151800
600	380	0.000151788
600	380	0.000151837
600	380	0.000151771
600	380	0.000151773
600	380	0.000142744
600	380	0.000151771
600	380	0.000151728
600	380	0.000149440
600	380	0.000151761
600	380	0.000151672
600	380	0.000151789
600	380	0.000151796
600	380	0.000151803
600	380	0.000151627
600	380	0.000151668
600	380	0.000151772
600	380	0.000161950
600	380	0.000151640
600	380	0.000151754
600	510	0.000103429
600	510	0.000103433
600	510	0.000103483
600	510	0.000103486
600	510	0.000103529
600	510	0.000103414
600	510	0.000103506
600	510	0.000108868
600	510	0.000103432
600	510	0.000103492
600	510	0.000099350
600	510	0.000094826
600	510	0.000103403
600	510	0.000103445
600	510	0.000103423
600	510	0.000103420
600	510	0.000103472
600	510	0.000107169
600	510	0.000104353
600	510	0.000103414
600	510	0.000103518
600	510	0.000103405
600	510	0.000108583
600	510	0.000103433
600	510	0.000104357
600	510	0.000103423
600	510	0.000103508
600	510	0.000121636
600	510	0.000103420
600	510	0.000103483
600	510	0.000120760
600	510	0.000120746
600	510	0.000120725
600	510	0.000120735
600	510	0.000137993
600	510	0.000137916
600	510	0.000137991
600	510	0.000143859
600	510	0.000139141
600	510	0.000137961
600	510	0.000137879
600	510	0.000143170
600	510	0.000170390
600	510	0.000170367
600	510	0.000170467
600	510	0.000180950
600	510	0.000193232
600	510	0.000178449
600	510	0.000180987
600	510	0.000180940
600	510	0.000174865
600	510	0.000181119
600	510	0.000181152
600	510	0.000181070
600	510	0.000180954
600	510	0.000181100
600	510	0.000181117
600	510	0.000180960
600	510	0.000181134
600	510	0.000191224
600	510	0.000188811
600	510	0.000181149
600	510	0.000181114
600	510	0.000170433
600	510	0.000181004
600	510	0.000180946
600	510	0.000181121
600	510	0.000181096
600	510	0.000181065
600	510	0.000181095
600	510	0.000181141
600	510	0.000181108
600	510	0.000165966
600	510	0.000181179
600	510	0.000190197
600	510	0.000164296
600	510	0.000181088
600	510	0.000180948
600	510	0.000190504
600	510	0.000180962
600	510	0.000189413
600	510	0.000191370
600	510	0.000186773
600	510	0.000181943
600	510	0.000209736
600	510	0.000188188
600	510	0.000170406
600	510	0.000186728
600	510	0.000174199
600	510	0.000170335
600	510	0.000187927
600	510	0.000188805
600	510	0.000181076
600	510	0.000159193
600	510	0.000182654
600	510	0.000170477
600	510	0.000170460
600	510	0.000170395
600	510	0.000181004
600	510	0.000175037
600	600	0.000139652
600	600	0.000134455
600	600	0.000134407
600	600	0.000134396
600	600	0.000134418
600	600	0.000134351
600	600	0.000134423
600	600	0.000134361
600	600	0.000134431
600	600	0.000135927
600	600	0.000134437
600	600	0.000134358
600	600	0.000134362
600	600	0.000134416
600	600	0.000134409
600	600	0.000134466
600	600	0.000135288
600	600	0.000144704
600	600	0.000144667
600	600	0.000144745
600	600	0.000135523
600	600	0.000143324
600	600	0.000175800
600	600	0.000188087
600	600	0.000172898
600	600	0.000188133
600	600	0.000221229
600	600	0.000221328
600	600	0.000232009
600	600	0.000273515
600	600	0.000235255
600	600	0.000235261
600	600	0.000235125
600	600	0.000240008
600	600	0.000250895
600	600	0.000231782
600	600	0.000235236
600	600	0.000236717
600	600	0.000235262
600	600	0.000235243
600	600	0.000235257
600	600	0.000249729
600	600	0.000244511
600	600	0.000235141
600	600	0.000221317
600	600	0.000235107
600	600	0.000235214
600	600	0.000235225
600	600	0.000235208
600	600	0.000268012
600	600	0.000241981
600	600	0.000235292
600	600	0.000221416
600	600	0.000236725
600	600	0.000235103
600	600	0.000235101
600	600	0.000224025
600	600	0.000245461
600	600	0.000236695
600	600	0.000221445
600	600	0.000235117
600	600	0.000230933
600	600	0.000227722
600	600	0.000229958
600	600	0.000242960
600	600	0.000227446
600	600	0.000243951
600	600	0.000235247
600	600	0.000221420
600	600	0.000221370
600	600	0.000236686
600	600	0.000221274
600	600	0.000235089
600	600	0.000235223
600	600	0.000235211
600	600	0.000235145
600	600	0.000235254
600	600	0.000235303
600	600	0.000241789
600	600	0.000235252
600	600	0.000221246
600	600	0.000221418
600	600	0.000231147
600	600	0.000221427
600	600	0.000235129
600	600	0.000235243
600	600	0.000245512
600	600	0.000243469
600	600	0.000223983
600	600	0.000228446
600	600	0.000235237
600	600	0.000235108
600	600	0.000235126
600	600	0.000233767
600	600	0.000235283
600	600	0.000243263
600	600	0.000235146
600	600	0.000235268
600	600	0.000221414
600	600	0.000235142
