120	128	0.000038800
120	128	0.000040291
120	128	0.000040279
120	128	0.000038794
120	128	0.000046391
120	128	0.000040298
120	128	0.000040257
120	128	0.000039363
120	128	0.000040259
120	128	0.000040299
120	128	0.000040270
120	128	0.000040270
120	128	0.000040310
120	128	0.000040263
120	128	0.000040285
120	128	0.000040300
120	128	0.000039998
120	128	0.000040278
120	128	0.000038788
120	128	0.000045076
120	128	0.000038812
120	128	0.000044117
120	128	0.000040247
120	128	0.000040236
120	128	0.000040244
120	128	0.000040283
120	128	0.000040269
120	128	0.000040268
120	128	0.000038839
120	128	0.000040261
120	128	0.000040290
120	128	0.000040255
120	128	0.000038744
120	128	0.000039356
120	128	0.000040286
120	128	0.000038770
120	128	0.000039349
120	128	0.000039437
120	128	0.000040244
120	128	0.000040268
120	128	0.000040250
120	128	0.000039354
120	128	0.000040251
120	128	0.000040246
120	128	0.000040286
120	128	0.000039371
120	128	0.000040259
120	128	0.000038759
120	128	0.000040274
120	128	0.000038762
120	128	0.000040260
120	128	0.000038764
120	128	0.000040280
120	128	0.000040281
120	128	0.000039211
120	128	0.000040318
120	128	0.000039358
120	128	0.000040282
120	128	0.000039389
120	128	0.000040284
120	128	0.000040292
120	128	0.000040241
120	128	0.000039358
120	128	0.000040283
120	128	0.000040268
120	128	0.000040212
120	128	0.000039989
120	128	0.000040271
120	128	0.000038799
120	128	0.000040273
120	128	0.000040260
120	128	0.000040242
120	128	0.000039238
120	128	0.000040252
120	128	0.000040257
120	128	0.000040290
120	128	0.000040260
120	128	0.000040226
120	128	0.000040300
120	128	0.000038746
120	128	0.000038855
120	128	0.000046281
120	128	0.000040294
120	128	0.000040228
120	128	0.000040321
120	128	0.000040256
120	128	0.000039361
120	128	0.000040300
120	128	0.000040280
120	128	0.000040006
120	128	0.000040259
120	128	0.000038809
120	128	0.000040274
120	128	0.000045630
120	128	0.000039362
120	128	0.000044335
120	128	0.000040260
120	128	0.000040269
120	128	0.000039382
120	128	0.000040301
120	256	0.000074033
120	256	0.000072894
120	256	0.000074525
120	256	0.000074511
120	256	0.000074515
120	256	0.000081957
120	256	0.000074524
120	256	0.000074536
120	256	0.000074499
120	256	0.000074520
120	256	0.000075878
120	256	0.000074560
120	256	0.000080269
120	256	0.000074507
120	256	0.000082827
120	256	0.000074533
120	256	0.000074517
120	256	0.000074546
120	256	0.000074495
120	256	0.000074531
120	256	0.000074503
120	256	0.000099124
120	256	0.000072875
120	256	0.000071785
120	256	0.000074497
120	256	0.000071811
120	256	0.000071780
120	256	0.000074549
120	256	0.000074512
120	256	0.000072200
120	256	0.000078846
120	256	0.000074542
120	256	0.000074556
120	256	0.000071776
120	256	0.000074525
120	256	0.000074493
120	256	0.000074533
120	256	0.000074487
120	256	0.000074529
120	256	0.000074687
120	256	0.000074517
120	256	0.000074506
120	256	0.000074528
120	256	0.000074510
120	256	0.000072864
120	256	0.000074508
120	256	0.000074509
120	256	0.000074506
120	256	0.000074520
120	256	0.000074511
120	256	0.000074556
120	256	0.000074511
120	256	0.000086924
120	256	0.000086924
120	256	0.000094949
120	256	0.000084246
120	256	0.000090749
120	256	0.000087383
120	256	0.000087906
120	256	0.000090705
120	256	0.000098435
120	256	0.000094838
120	256	0.000094844
120	256	0.000094804
120	256	0.000091342
120	256	0.000099369
120	256	0.000099367
120	256	0.000107102
120	256	0.000099337
120	256	0.000115920
120	256	0.000115906
120	256	0.000112275
120	256	0.000112318
120	256	0.000121976
120	256	0.000104282
120	256	0.000100500
120	256	0.000104313
120	256	0.000109810
120	256	0.000116851
120	256	0.000109763
120	256	0.000106356
120	256	0.000109815
120	256	0.000109855
120	256	0.000122748
120	256	0.000122729
120	256	0.000122735
120	256	0.000128689
120	256	0.000121918
120	256	0.000127880
120	256	0.000122733
120	256	0.000138681
120	256	0.000130433
120	256	0.000130413
120	256	0.000130398
120	256	0.000130440
120	256	0.000130414
120	256	0.000130391
120	256	0.000130438
120	256	0.000126570
120	256	0.000125641
120	380	0.000103727
120	380	0.000105216
120	380	0.000110432
120	380	0.000104963
120	380	0.000105232
120	380	0.000105268
120	380	0.000105239
120	380	0.000105232
120	380	0.000105200
120	380	0.000105237
120	380	0.000103743
120	380	0.000103723
120	380	0.000105189
120	380	0.000105203
120	380	0.000105235
120	380	0.000104960
120	380	0.000104318
120	380	0.000104982
120	380	0.000103765
120	380	0.000105245
120	380	0.000105220
120	380	0.000104186
120	380	0.000105261
120	380	0.000105226
120	380	0.000104301
120	380	0.000103717
120	380	0.000103744
120	380	0.000105221
120	380	0.000104336
120	380	0.000105181
120	380	0.000113672
120	380	0.000104127
120	380	0.000105378
120	380	0.000105231
120	380	0.000117058
120	380	0.000122764
120	380	0.000122744
120	380	0.000122756
120	380	0.000133874
120	380	0.000133923
120	380	0.000133892
120	380	0.000132054
120	380	0.000160308
120	380	0.000155011
120	380	0.000155024
120	380	0.000155045
120	380	0.000163694
120	380	0.000171576
120	380	0.000173220
120	380	0.000173344
120	380	0.000173287
120	380	0.000173376
120	380	0.000173273
120	380	0.000182299
120	380	0.000173281
120	380	0.000184130
120	380	0.000173327
120	380	0.000183671
120	380	0.000181548
120	380	0.000183745
120	380	0.000184145
120	380	0.000184116
120	380	0.000182304
120	380	0.000182264
120	380	0.000193851
120	380	0.000197260
120	380	0.000189716
120	380	0.000214184
120	380	0.000184167
120	380	0.000194466
120	380	0.000183621
120	380	0.000173300
120	380	0.000184141
120	380	0.000181637
120	380	0.000184129
120	380	0.000181561
120	380	0.000184138
120	380	0.000184151
120	380	0.000184118
120	380	0.000181560
120	380	0.000181565
120	380	0.000184128
120	380	0.000184089
120	380	0.000184202
120	380	0.000184121
120	380	0.000184190
120	380	0.000192747
120	380	0.000190536
120	380	0.000181559
120	380	0.000181537
120	380	0.000184168
120	380	0.000184095
120	380	0.000170910
120	380	0.000183647
120	380	0.000181524
120	380	0.000173335
120	380	0.000173273
120	380	0.000184199
120	380	0.000184156
120	380	0.000183705
120	510	0.000137525
120	510	0.000137258
120	510	0.000138711
120	510	0.000143876
120	510	0.000138736
120	510	0.000138727
120	510	0.000142231
120	510	0.000138760
120	510	0.000137234
120	510	0.000137275
120	510	0.000138739
120	510	0.000142697
120	510	0.000138688
120	510	0.000138749
120	510	0.000143962
120	510	0.000138721
120	510	0.000138725
120	510	0.000138723
120	510	0.000149404
120	510	0.000149397
120	510	0.000149377
120	510	0.000149394
120	510	0.000149383
120	510	0.000154829
120	510	0.000148390
120	510	0.000149033
120	510	0.000153561
120	510	0.000168905
120	510	0.000168913
120	510	0.000167062
120	510	0.000175667
120	510	0.000155375
120	510	0.000155403
120	510	0.000155386
120	510	0.000155372
120	510	0.000167042
120	510	0.000168907
120	510	0.000168878
120	510	0.000176347
120	510	0.000176583
120	510	0.000176520
120	510	0.000176558
120	510	0.000181374
120	510	0.000228469
120	510	0.000228453
120	510	0.000228489
120	510	0.000240181
120	510	0.000228443
120	510	0.000242771
120	510	0.000242817
120	510	0.000251896
120	510	0.000253506
120	510	0.000242766
120	510	0.000226058
120	510	0.000242804
120	510	0.000240926
120	510	0.000253099
120	510	0.000242773
120	510	0.000240923
120	510	0.000242773
120	510	0.000226045
120	510	0.000242764
120	510	0.000253986
120	510	0.000242813
120	510	0.000242769
120	510	0.000234596
120	510	0.000242730
120	510	0.000255179
120	510	0.000242771
120	510	0.000242765
120	510	0.000226976
120	510	0.000240188
120	510	0.000240181
120	510	0.000253204
120	510	0.000251946
120	510	0.000242770
120	510	0.000226743
120	510	0.000228481
120	510	0.000242717
120	510	0.000242325
120	510	0.000253108
120	510	0.000240967
120	510	0.000240201
120	510	0.000242742
120	510	0.000242231
120	510	0.000251485
120	510	0.000251634
120	510	0.000242803
120	510	0.000240214
120	510	0.000228483
120	510	0.000240893
120	510	0.000242745
120	510	0.000242761
120	510	0.000250426
120	510	0.000242763
120	510	0.000228474
120	510	0.000242727
120	510	0.000242770
120	510	0.000242743
120	510	0.000253817
120	600	0.000163174
120	600	0.000163190
120	600	0.000163175
120	600	0.000168640
120	600	0.000163204
120	600	0.000163156
120	600	0.000168464
120	600	0.000163226
120	600	0.000163214
120	600	0.000160415
120	600	0.000163173
120	600	0.000163171
120	600	0.000163197
120	600	0.000168100
120	600	0.000163197
120	600	0.000160913
120	600	0.000167792
120	600	0.000163211
120	600	0.000163206
120	600	0.000166788
120	600	0.000163172
120	600	0.000162717
120	600	0.000172847
120	600	0.000163228
120	600	0.000163202
120	600	0.000163174
120	600	0.000163187
120	600	0.000163191
120	600	0.000163152
120	600	0.000169201
120	600	0.000166384
120	600	0.000169251
120	600	0.000173617
120	600	0.000175748
120	600	0.000175756
120	600	0.000175767
120	600	0.000181573
120	600	0.000190371
120	600	0.000188435
120	600	0.000190403
120	600	0.000196081
120	600	0.000194324
120	600	0.000190372
120	600	0.000190382
120	600	0.000217551
120	600	0.000215427
120	600	0.000217580
120	600	0.000223834
120	600	0.000204149
120	600	0.000207685
120	600	0.000207723
120	600	0.000228503
120	600	0.000228453
120	600	0.000228440
120	600	0.000231693
120	600	0.000249564
120	600	0.000249544
120	600	0.000268770
120	600	0.000268763
120	600	0.000361072
120	600	0.000285619
120	600	0.000264259
120	600	0.000285553
120	600	0.000294305
120	600	0.000268727
120	600	0.000285576
120	600	0.000268813
120	600	0.000285592
120	600	0.000294332
120	600	0.000285565
120	600	0.000281530
120	600	0.000275796
120	600	0.000296689
120	600	0.000324909
120	600	0.000285589
120	600	0.000268785
120	600	0.000264313
120	600	0.000285562
120	600	0.000297680
120	600	0.000285548
120	600	0.000285587
120	600	0.000285531
120	600	0.000292557
120	600	0.000280770
120	600	0.000285646
120	600	0.000280767
120	600	0.000297555
120	600	0.000294210
120	600	0.000284745
120	600	0.000281546
120	600	0.000280711
120	600	0.000296993
120	600	0.000281462
120	600	0.000281495
120	600	0.000268724
120	600	0.000281540
120	600	0.000285589
120	600	0.000285579
120	600	0.000282703
120	600	0.000285568
250	128	0.000080657
250	128	0.000083804
250	128	0.000089108
250	128	0.000083811
250	128	0.000080673
250	128	0.000080688
250	128	0.000083808
250	128	0.000083758
250	128	0.000083795
250	128	0.000083828
250	128	0.000080605
250	128	0.000083797
250	128	0.000083767
250	128	0.000088267
250	128	0.000083763
250	128	0.000089648
250	128	0.000083808
250	128	0.000083814
250	128	0.000083749
250	128	0.000083735
250	128	0.000083763
250	128	0.000083798
250	128	0.000091763
250	128	0.000083775
250	128	0.000083792
250	128	0.000083796
250	128	0.000090265
250	128	0.000090234
250	128	0.000090222
250	128	0.000090219
250	128	0.000102002
250	128	0.000101999
250	128	0.000101971
250	128	0.000111041
250	128	0.000102001
250	128	0.000105820
250	128	0.000121494
250	128	0.000117292
250	128	0.000117295
250	128	0.000130317
250	128	0.000130352
250	128	0.000130347
250	128	0.000130345
250	128	0.000137957
250	128	0.000138010
250	128	0.000138010
250	128	0.000148171
250	128	0.000141405
250	128	0.000140010
250	128	0.000146650
250	128	0.000146610
250	128	0.000146654
250	128	0.000146641
250	128	0.000141152
250	128	0.000154999
250	128	0.000157294
250	128	0.000146512
250	128	0.000146602
250	128	0.000141214
250	128	0.000146568
250	128	0.000146573
250	128	0.000146594
250	128	0.000146646
250	128	0.000132848
250	128	0.000142765
250	128	0.000146612
250	128	0.000146575
250	128	0.000146681
250	128	0.000141183
250	128	0.000141185
250	128	0.000146632
250	128	0.000146581
250	128	0.000146637
250	128	0.000146635
250	128	0.000137970
250	128	0.000141095
250	128	0.000141215
250	128	0.000141120
250	128	0.000141188
250	128	0.000137994
250	128	0.000146645
250	128	0.000146610
250	128	0.000146625
250	128	0.000146649
250	128	0.000146707
250	128	0.000146628
250	128	0.000146569
250	128	0.000146595
250	128	0.000146689
250	128	0.000146590
250	128	0.000146627
250	128	0.000146597
250	128	0.000146651
250	128	0.000142751
250	128	0.000146617
250	128	0.000146658
250	128	0.000146584
250	128	0.000146577
250	128	0.000146601
250	128	0.000132890
250	256	0.000155169
250	256	0.000160939
250	256	0.000149441
250	256	0.000155159
250	256	0.000155185
250	256	0.000155170
250	256	0.000150307
250	256	0.000149388
250	256	0.000153967
250	256	0.000149386
250	256	0.000155213
250	256	0.000149415
250	256	0.000155166
250	256	0.000149389
250	256	0.000157541
250	256	0.000155173
250	256	0.000155159
250	256	0.000155660
250	256	0.000155188
250	256	0.000150325
250	256	0.000149984
250	256	0.000155149
250	256	0.000155141
250	256	0.000155167
250	256	0.000149450
250	256	0.000155170
250	256	0.000159967
250	256	0.000155167
250	256	0.000164419
250	256	0.000171087
250	256	0.000167093
250	256	0.000167122
250	256	0.000160917
250	256	0.000204140
250	256	0.000199202
250	256	0.000199217
250	256	0.000228666
250	256	0.000228644
250	256	0.000228702
250	256	0.000221523
250	256	0.000255583
250	256	0.000247496
250	256	0.000255615
250	256	0.000246068
250	256	0.000247539
250	256	0.000271527
250	256	0.000283519
250	256	0.000271486
250	256	0.000271514
250	256	0.000255571
250	256	0.000271617
250	256	0.000275637
250	256	0.000282430
250	256	0.000271543
250	256	0.000246068
250	256	0.000262996
250	256	0.000263050
250	256	0.000288711
250	256	0.000271556
250	256	0.000255568
250	256	0.000247579
250	256	0.000271553
250	256	0.000271556
250	256	0.000282239
250	256	0.000280178
250	256	0.000271547
250	256	0.000261437
250	256	0.000270632
250	256	0.000279539
250	256	0.000271479
250	256	0.000255574
250	256	0.000261463
250	256	0.000271579
250	256	0.000255637
250	256	0.000295802
250	256	0.000271549
250	256	0.000255578
250	256	0.000271594
250	256	0.000271053
250	256	0.000280784
250	256	0.000280722
250	256	0.000271558
250	256	0.000246035
250	256	0.000271571
250	256	0.000255578
250	256	0.000261435
250	256	0.000261471
250	256	0.000271597
250	256	0.000294028
250	256	0.000271522
250	256	0.000262449
250	256	0.000271535
250	256	0.000279937
250	256	0.000271546
250	256	0.000255556
250	256	0.000271542
250	256	0.000280763
250	256	0.000281107
250	256	0.000271558
250	256	0.000255580
250	380	0.000219101
250	380	0.000219095
250	380	0.000215991
250	380	0.000219081
250	380	0.000224359
250	380	0.000219121
250	380	0.000219103
250	380	0.000215967
250	380	0.000219106
250	380	0.000224462
250	380	0.000219123
250	380	0.000219095
250	380	0.000219137
250	380	0.000219070
250	380	0.000247920
250	380	0.000219107
250	380	0.000219104
250	380	0.000219101
250	380	0.000219087
250	380	0.000230188
250	380	0.000219116
250	380	0.000219135
250	380	0.000219146
250	380	0.000224981
250	380	0.000219084
250	380	0.000219082
250	380	0.000219108
250	380	0.000219105
250	380	0.000216843
250	380	0.000228762
250	380	0.000215990
250	380	0.000240990
250	380	0.000245402
250	380	0.000252084
250	380	0.000242923
250	380	0.000278881
250	380	0.000278842
250	380	0.000278825
250	380	0.000293429
250	380	0.000302361
250	380	0.000306705
250	380	0.000276043
250	380	0.000278840
250	380	0.000278855
250	380	0.000340887
250	380	0.000347911
250	380	0.000350290
250	380	0.000377973
250	380	0.000383399
250	380	0.000389001
250	380	0.000383385
250	380	0.000370139
250	380	0.000392287
250	380	0.000383434
250	380	0.000359092
250	380	0.000391490
250	380	0.000394818
250	380	0.000360867
250	380	0.000383450
250	380	0.000391779
250	380	0.000384652
250	380	0.000360897
250	380	0.000376287
250	380	0.000377942
250	380	0.000355736
250	380	0.000383427
250	380	0.000391482
250	380	0.000379540
250	380	0.000373845
250	380	0.000392920
250	380	0.000377975
250	380	0.000368546
250	380	0.000394215
250	380	0.000383406
250	380	0.000360886
250	380	0.000366180
250	380	0.000383436
250	380	0.000357220
250	380	0.000391907
250	380	0.000396573
250	380	0.000355719
250	380	0.000383440
250	380	0.000396985
250	380	0.000383392
250	380	0.000360877
250	380	0.000362494
250	380	0.000393633
250	380	0.000395298
250	380	0.000360859
250	380	0.000360930
250	380	0.000383470
250	380	0.000375671
250	380	0.000383422
250	380	0.000362403
250	380	0.000393689
250	380	0.000408916
250	380	0.000383396
250	380	0.000385191
250	380	0.000393619
250	380	0.000383466
250	510	0.000288891
250	510	0.000288879
250	510	0.000288884
250	510	0.000288918
250	510	0.000288890
250	510	0.000285770
250	510	0.000286690
250	510	0.000297243
250	510	0.000288888
250	510	0.000288893
250	510	0.000288923
250	510	0.000288915
250	510	0.000285802
250	510	0.000290663
250	510	0.000288888
250	510	0.000285814
250	510	0.000288922
250	510	0.000285792
250	510	0.000288927
250	510	0.000288865
250	510	0.000295049
250	510	0.000297555
250	510	0.000311220
250	510	0.000286697
250	510	0.000288869
250	510	0.000288892
250	510	0.000288913
250	510	0.000288920
250	510	0.000292796
250	510	0.000294098
250	510	0.000288891
250	510	0.000288898
250	510	0.000288873
250	510	0.000288901
250	510	0.000288897
250	510	0.000294501
250	510	0.000288891
250	510	0.000288879
250	510	0.000288884
250	510	0.000285810
250	510	0.000288883
250	510	0.000297840
250	510	0.000296370
250	510	0.000304230
250	510	0.000307366
250	510	0.000351058
250	510	0.000328887
250	510	0.000393287
250	510	0.000404475
250	510	0.000404470
250	510	0.000449434
250	510	0.000465087
250	510	0.000458004
250	510	0.000472240
250	510	0.000482873
250	510	0.000475872
250	510	0.000486233
250	510	0.000485347
250	510	0.000475838
250	510	0.000513491
250	510	0.000505564
250	510	0.000510768
250	510	0.000502566
250	510	0.000503557
250	510	0.000505575
250	510	0.000529969
250	510	0.000514542
250	510	0.000479786
250	510	0.000510155
250	510	0.000505601
250	510	0.000536145
250	510	0.000472209
250	510	0.000481528
250	510	0.000515210
250	510	0.000487281
250	510	0.000515460
250	510	0.000504035
250	510	0.000514171
250	510	0.000500099
250	510	0.000489499
250	510	0.000515311
250	510	0.000498217
250	510	0.000515141
250	510	0.000505562
250	510	0.000510165
250	510	0.000505511
250	510	0.000482281
250	510	0.000501689
250	510	0.000486382
250	510	0.000514152
250	510	0.000472208
250	510	0.000513506
250	510	0.000475858
250	510	0.000508726
250	510	0.000505527
250	510	0.000490831
250	510	0.000515877
250	510	0.000494538
250	510	0.000488557
250	510	0.000515784
250	600	0.000339898
250	600	0.000339842
250	600	0.000339886
250	600	0.000339861
250	600	0.000339862
250	600	0.000339873
250	600	0.000334104
250	600	0.000340015
250	600	0.000339894
250	600	0.000339858
250	600	0.000339874
250	600	0.000339896
250	600	0.000343576
250	600	0.000345301
250	600	0.000361404
250	600	0.000334126
250	600	0.000339879
250	600	0.000339877
250	600	0.000334130
250	600	0.000339873
250	600	0.000334134
250	600	0.000339896
250	600	0.000339883
250	600	0.000339883
250	600	0.000339869
250	600	0.000339872
250	600	0.000345878
250	600	0.000342208
250	600	0.000340140
250	600	0.000354017
250	600	0.000339874
250	600	0.000339888
250	600	0.000334104
250	600	0.000339902
250	600	0.000339887
250	600	0.000339860
250	600	0.000339884
250	600	0.000339888
250	600	0.000357820
250	600	0.000352427
250	600	0.000364546
250	600	0.000453207
250	600	0.000446685
250	600	0.000483536
250	600	0.000481840
250	600	0.000475827
250	600	0.000475834
250	600	0.000483518
250	600	0.000510391
250	600	0.000500860
250	600	0.000536785
250	600	0.000528718
250	600	0.000538954
250	600	0.000528725
250	600	0.000579159
250	600	0.000585679
250	600	0.000603314
250	600	0.000594923
250	600	0.000598797
250	600	0.000559781
250	600	0.000598582
250	600	0.000551797
250	600	0.000614954
250	600	0.000594789
250	600	0.000588658
250	600	0.000550309
250	600	0.000584871
250	600	0.000594739
250	600	0.000598502
250	600	0.000601186
250	600	0.000478527
250	600	0.000482193
250	600	0.000484201
250	600	0.000480635
250	600	0.000475801
250	600	0.000498728
250	600	0.000509596
250	600	0.000558032
250	600	0.000610584
250	600	0.000584241
250	600	0.000569947
250	600	0.000594819
250	600	0.000605840
250	600	0.000564725
250	600	0.000594627
250	600	0.000500836
250	600	0.000518004
250	600	0.000518142
250	600	0.000528704
250	600	0.000537165
250	600	0.000551779
250	600	0.000567855
250	600	0.000559828
250	600	0.000567994
250	600	0.000559863
250	600	0.000566543
250	600	0.000500861
250	600	0.000500832
250	600	0.000595062
250	600	0.000559767
380	128	0.000127324
380	128	0.000127271
380	128	0.000127327
380	128	0.000133318
380	128	0.000127299
380	128	0.000122552
380	128	0.000138854
380	128	0.000127343
380	128	0.000127316
380	128	0.000122587
380	128	0.000127287
380	128	0.000127287
380	128	0.000127316
380	128	0.000127341
380	128	0.000128318
380	128	0.000127309
380	128	0.000123936
380	128	0.000127334
380	128	0.000122601
380	128	0.000127334
380	128	0.000127318
380	128	0.000127340
380	128	0.000130747
380	128	0.000127254
380	128	0.000127288
380	128	0.000127325
380	128	0.000127329
380	128	0.000127262
380	128	0.000127272
380	128	0.000127284
380	128	0.000130655
380	128	0.000127311
380	128	0.000127245
380	128	0.000137088
380	128	0.000137122
380	128	0.000131974
380	128	0.000132043
380	128	0.000155021
380	128	0.000156779
380	128	0.000154989
380	128	0.000155017
380	128	0.000178298
380	128	0.000178286
380	128	0.000178214
380	128	0.000184803
380	128	0.000198066
380	128	0.000192896
380	128	0.000222880
380	128	0.000222809
380	128	0.000209721
380	128	0.000204181
380	128	0.000222829
380	128	0.000216865
380	128	0.000222841
380	128	0.000222794
380	128	0.000222716
380	128	0.000222850
380	128	0.000238199
380	128	0.000222688
380	128	0.000222760
380	128	0.000204148
380	128	0.000216880
380	128	0.000222745
380	128	0.000214574
380	128	0.000232992
380	128	0.000209661
380	128	0.000214487
380	128	0.000209670
380	128	0.000222880
380	128	0.000214493
380	128	0.000222848
380	128	0.000231344
380	128	0.000232032
380	128	0.000222829
380	128	0.000209659
380	128	0.000214587
380	128	0.000222802
380	128	0.000222783
380	128	0.000222835
380	128	0.000222837
380	128	0.000235253
380	128	0.000222852
380	128	0.000201848
380	128	0.000222986
380	128	0.000213933
380	128	0.000222719
380	128	0.000222847
380	128	0.000229498
380	128	0.000233106
380	128	0.000209642
380	128	0.000222893
380	128	0.000209693
380	128	0.000222801
380	128	0.000222784
380	128	0.000222831
380	128	0.000222729
380	128	0.000224511
380	128	0.000216881
380	128	0.000201846
380	128	0.000222759
380	256	0.000241377
380	256	0.000235846
380	256	0.000235865
380	256	0.000228427
380	256	0.000227608
380	256	0.000237536
380	256	0.000227014
380	256	0.000235816
380	256	0.000235792
380	256	0.000239908
380	256	0.000235782
380	256	0.000235820
380	256	0.000235830
380	256	0.000235791
380	256	0.000227023
380	256	0.000227024
380	256	0.000235851
380	256	0.000235862
380	256	0.000242168
380	256	0.000241583
380	256	0.000235844
380	256	0.000235851
380	256	0.000235815
380	256	0.000235859
380	256	0.000240280
380	256	0.000235818
380	256	0.000235779
380	256	0.000235816
380	256	0.000238138
380	256	0.000235857
380	256	0.000235758
380	256	0.000227013
380	256	0.000241874
380	256	0.000235835
380	256	0.000235867
380	256	0.000227015
380	256	0.000227044
380	256	0.000235855
380	256	0.000302113
380	256	0.000264875
380	256	0.000275149
380	256	0.000334618
380	256	0.000347526
380	256	0.000347503
380	256	0.000422618
380	256	0.000412714
380	256	0.000412669
380	256	0.000423257
380	256	0.000412635
380	256	0.000388480
380	256	0.000399687
380	256	0.000424758
380	256	0.000412700
380	256	0.000393633
380	256	0.000429075
380	256	0.000399714
380	256	0.000400196
380	256	0.000408517
380	256	0.000412658
380	256	0.000383692
380	256	0.000422484
380	256	0.000412634
380	256	0.000407048
380	256	0.000421936
380	256	0.000412647
380	256	0.000419464
380	256	0.000420328
380	256	0.000412677
380	256	0.000395691
380	256	0.000403910
380	256	0.000388394
380	256	0.000415441
380	256	0.000424710
380	256	0.000388466
380	256	0.000397213
380	256	0.000421533
380	256	0.000392338
380	256	0.000419902
380	256	0.000423140
380	256	0.000388329
380	256	0.000414142
380	256	0.000425818
380	256	0.000388392
380	256	0.000421541
380	256	0.000376160
380	256	0.000388427
380	256	0.000420918
380	256	0.000412613
380	256	0.000393479
380	256	0.000421186
380	256	0.000412706
380	256	0.000388500
380	256	0.000423326
380	256	0.000412715
380	256	0.000410751
380	256	0.000421383
380	256	0.000412665
380	256	0.000420009
380	256	0.000420352
380	256	0.000398544
380	380	0.000333014
380	380	0.000328274
380	380	0.000332983
380	380	0.000329617
380	380	0.000333000
380	380	0.000332981
380	380	0.000333000
380	380	0.000328234
380	380	0.000332952
380	380	0.000333010
380	380	0.000329590
380	380	0.000332951
380	380	0.000340633
380	380	0.000337866
380	380	0.000339267
380	380	0.000346310
380	380	0.000332901
380	380	0.000332952
380	380	0.000328192
380	380	0.000333035
380	380	0.000328226
380	380	0.000332939
380	380	0.000333211
380	380	0.000332977
380	380	0.000332917
380	380	0.000378642
380	380	0.000372971
380	380	0.000372916
380	380	0.000396757
380	380	0.000399588
380	380	0.000401273
380	380	0.000500898
380	380	0.000546377
380	380	0.000512738
380	380	0.000527885
380	380	0.000544261
380	380	0.000587516
380	380	0.000553332
380	380	0.000584828
380	380	0.000565147
380	380	0.000594447
380	380	0.000569263
380	380	0.000591292
380	380	0.000568793
380	380	0.000582738
380	380	0.000579906
380	380	0.000602582
380	380	0.000554177
380	380	0.000557948
380	380	0.000590747
380	380	0.000556312
380	380	0.000595591
380	380	0.000562618
380	380	0.000586331
380	380	0.000559792
380	380	0.000584739
380	380	0.000572727
380	380	0.000592179
380	380	0.000592648
380	380	0.000574403
380	380	0.000561796
380	380	0.000561413
380	380	0.000554137
380	380	0.000558238
380	380	0.000593944
380	380	0.000564293
380	380	0.000582679
380	380	0.000591641
380	380	0.000582655
380	380	0.000594307
380	380	0.000566703
380	380	0.000595424
380	380	0.000571432
380	380	0.000574477
380	380	0.000575574
380	380	0.000574455
380	380	0.000593773
380	380	0.000574853
380	380	0.000590365
380	380	0.000563349
380	380	0.000574545
380	380	0.000563852
380	380	0.000594707
380	380	0.000576007
380	380	0.000620594
380	380	0.000564243
380	380	0.000591271
380	380	0.000557105
380	380	0.000582632
380	380	0.000548371
380	380	0.000588929
380	380	0.000578658
380	380	0.000601413
380	380	0.000548498
380	380	0.000491432
380	380	0.000509563
380	380	0.000496774
380	380	0.000490728
380	380	0.000500257
380	380	0.000552275
380	510	0.000439079
380	510	0.000445055
380	510	0.000445631
380	510	0.000441600
380	510	0.000450137
380	510	0.000444543
380	510	0.000447837
380	510	0.000439042
380	510	0.000439097
380	510	0.000434333
380	510	0.000439129
380	510	0.000439094
380	510	0.000435676
380	510	0.000439095
380	510	0.000434337
380	510	0.000434336
380	510	0.000439073
380	510	0.000439069
380	510	0.000439048
380	510	0.000434386
380	510	0.000439058
380	510	0.000540019
380	510	0.000551354
380	510	0.000537940
380	510	0.000552750
380	510	0.000572769
380	510	0.000647018
380	510	0.000654041
380	510	0.000729385
380	510	0.000694070
380	510	0.000692375
380	510	0.000765453
380	510	0.000759846
380	510	0.000778534
380	510	0.000767364
380	510	0.000774358
380	510	0.000821304
380	510	0.000755283
380	510	0.000773512
380	510	0.000760676
380	510	0.000760064
380	510	0.000784140
380	510	0.000776175
380	510	0.000776452
380	510	0.000747567
380	510	0.000776998
380	510	0.000744414
380	510	0.000755068
380	510	0.000771173
380	510	0.000781065
380	510	0.000775499
380	510	0.000747182
380	510	0.000756202
380	510	0.000768413
380	510	0.000773699
380	510	0.000770116
380	510	0.000759060
380	510	0.000775864
380	510	0.000752473
380	510	0.000750437
380	510	0.000777240
380	510	0.000770358
380	510	0.000774542
380	510	0.000764379
380	510	0.000776507
380	510	0.000760669
380	510	0.000750143
380	510	0.000778757
380	510	0.000767996
380	510	0.000763624
380	510	0.000772097
380	510	0.000823448
380	510	0.000763537
380	510	0.000769617
380	510	0.000764163
380	510	0.000728088
380	510	0.000785493
380	510	0.000761949
380	510	0.000727753
380	510	0.000779433
380	510	0.000775422
380	510	0.000759010
380	510	0.000773575
380	510	0.000747523
380	510	0.000777558
380	510	0.000806428
380	510	0.000763639
380	510	0.000757763
380	510	0.000775886
380	510	0.000763663
380	510	0.000754076
380	510	0.000756880
380	510	0.000768013
380	510	0.000774490
380	510	0.000761423
380	510	0.000754028
380	510	0.000756198
380	510	0.000735173
380	510	0.000764743
380	510	0.000766034
380	600	0.000523690
380	600	0.000523582
380	600	0.000509143
380	600	0.000516594
380	600	0.000516635
380	600	0.000523381
380	600	0.000521986
380	600	0.000524909
380	600	0.000521785
380	600	0.000516605
380	600	0.000516611
380	600	0.000516602
380	600	0.000522659
380	600	0.000541374
380	600	0.000521731
380	600	0.000688758
380	600	0.000721148
380	600	0.000646263
380	600	0.000650418
380	600	0.000684356
380	600	0.000688777
380	600	0.000734681
380	600	0.000872341
380	600	0.000817284
380	600	0.000803599
380	600	0.000911415
380	600	0.000908959
380	600	0.000887067
380	600	0.000922433
380	600	0.000878321
380	600	0.000869983
380	600	0.000888685
380	600	0.000909738
380	600	0.000910580
380	600	0.000889005
380	600	0.000888514
380	600	0.000896156
380	600	0.000871250
380	600	0.000887187
380	600	0.000885350
380	600	0.000903436
380	600	0.000903396
380	600	0.000906462
380	600	0.000905972
380	600	0.000890102
380	600	0.000911751
380	600	0.000887594
380	600	0.000910694
380	600	0.000856511
380	600	0.000816904
380	600	0.000806804
380	600	0.000858082
380	600	0.000861320
380	600	0.000905738
380	600	0.000898104
380	600	0.000856202
380	600	0.000857051
380	600	0.000890754
380	600	0.000899541
380	600	0.000731001
380	600	0.000723209
380	600	0.000695504
380	600	0.000688789
380	600	0.000764355
380	600	0.000761251
380	600	0.000695282
380	600	0.000702880
380	600	0.000911888
380	600	0.000906583
380	600	0.000901470
380	600	0.000883941
380	600	0.000855881
380	600	0.000887201
380	600	0.000893339
380	600	0.000886917
380	600	0.000913620
380	600	0.000905511
380	600	0.000898730
380	600	0.000897312
380	600	0.000921028
380	600	0.000909228
380	600	0.000873900
380	600	0.000879868
380	600	0.000908111
380	600	0.000854910
380	600	0.000855766
380	600	0.000860233
380	600	0.000856901
380	600	0.000858104
380	600	0.000867166
380	600	0.000890559
380	600	0.000880647
380	600	0.000895813
380	600	0.000910296
380	600	0.000914012
380	600	0.000905241
380	600	0.000886844
380	600	0.000902542
380	600	0.000888888
380	600	0.000884911
510	128	0.000170798
510	128	0.000170823
510	128	0.000170858
510	128	0.000176268
510	128	0.000164455
510	128	0.000170823
510	128	0.000168367
510	128	0.000166323
510	128	0.000170852
510	128	0.000170827
510	128	0.000170821
510	128	0.000170788
510	128	0.000164405
510	128	0.000174567
510	128	0.000170850
510	128	0.000170781
510	128	0.000170827
510	128	0.000175955
510	128	0.000166336
510	128	0.000170850
510	128	0.000170868
510	128	0.000164476
510	128	0.000170806
510	128	0.000175388
510	128	0.000170821
510	128	0.000170801
510	128	0.000176013
510	128	0.000170839
510	128	0.000170810
510	128	0.000170799
510	128	0.000170815
510	128	0.000164448
510	128	0.000170850
510	128	0.000170825
510	128	0.000170827
510	128	0.000170777
510	128	0.000174693
510	128	0.000170762
510	128	0.000170867
510	128	0.000170810
510	128	0.000164405
510	128	0.000170803
510	128	0.000170814
510	128	0.000170864
510	128	0.000170848
510	128	0.000170812
510	128	0.000181365
510	128	0.000184015
510	128	0.000183978
510	128	0.000190035
510	128	0.000179045
510	128	0.000200204
510	128	0.000207948
510	128	0.000202485
510	128	0.000212731
510	128	0.000239140
510	128	0.000239184
510	128	0.000230254
510	128	0.000298823
510	128	0.000306753
510	128	0.000281382
510	128	0.000298826
510	128	0.000287843
510	128	0.000287846
510	128	0.000296533
510	128	0.000287762
510	128	0.000281317
510	128	0.000290780
510	128	0.000325262
510	128	0.000298930
510	128	0.000281322
510	128	0.000298933
510	128	0.000281322
510	128	0.000299027
510	128	0.000297590
510	128	0.000298821
510	128	0.000291046
510	128	0.000298991
510	128	0.000292551
510	128	0.000326010
510	128	0.000298889
510	128	0.000270885
510	128	0.000298985
510	128	0.000281335
510	128	0.000298905
510	128	0.000309474
510	128	0.000287779
510	128	0.000290904
510	128	0.000288288
510	128	0.000306974
510	128	0.000287725
510	128	0.000287766
510	128	0.000298952
510	128	0.000310859
510	128	0.000287759
510	128	0.000281290
510	128	0.000281363
510	128	0.000298850
510	128	0.000298866
510	128	0.000288536
510	256	0.000316446
510	256	0.000323988
510	256	0.000316452
510	256	0.000304650
510	256	0.000316487
510	256	0.000316450
510	256	0.000306470
510	256	0.000316489
510	256	0.000316419
510	256	0.000316458
510	256	0.000319408
510	256	0.000322768
510	256	0.000324641
510	256	0.000304657
510	256	0.000316474
510	256	0.000304709
510	256	0.000316483
510	256	0.000316512
510	256	0.000316438
510	256	0.000316446
510	256	0.000339295
510	256	0.000321671
510	256	0.000320658
510	256	0.000316448
510	256	0.000316462
510	256	0.000316444
510	256	0.000351709
510	256	0.000369241
510	256	0.000369206
510	256	0.000341261
510	256	0.000354464
510	256	0.000341200
510	256	0.000359276
510	256	0.000369247
510	256	0.000357557
510	256	0.000412480
510	256	0.000466396
510	256	0.000485793
510	256	0.000492276
510	256	0.000473879
510	256	0.000499366
510	256	0.000476722
510	256	0.000492261
510	256	0.000503740
510	256	0.000530662
510	256	0.000582859
510	256	0.000521239
510	256	0.000539683
510	256	0.000553801
510	256	0.000547430
510	256	0.000526948
510	256	0.000528500
510	256	0.000531598
510	256	0.000548695
510	256	0.000533252
510	256	0.000559442
510	256	0.000549703
510	256	0.000554512
510	256	0.000566209
510	256	0.000534708
510	256	0.000553790
510	256	0.000557096
510	256	0.000553855
510	256	0.000558911
510	256	0.000533559
510	256	0.000565575
510	256	0.000553813
510	256	0.000561405
510	256	0.000550521
510	256	0.000561812
510	256	0.000528375
510	256	0.000530892
510	256	0.000521209
510	256	0.000571896
510	256	0.000549324
510	256	0.000544119
510	256	0.000536755
510	256	0.000527897
510	256	0.000553833
510	256	0.000566702
510	256	0.000553840
510	256	0.000551194
510	256	0.000533110
510	256	0.000552809
510	256	0.000549476
510	256	0.000520912
510	256	0.000563095
510	256	0.000530521
510	256	0.000563790
510	256	0.000543702
510	256	0.000555577
510	256	0.000553889
510	256	0.000588410
510	256	0.000534166
510	256	0.000563326
510	256	0.000504783
510	256	0.000543810
510	256	0.000553882
510	256	0.000529718
510	256	0.000536417
510	380	0.000440606
510	380	0.000446836
510	380	0.000446850
510	380	0.000446905
510	380	0.000454527
510	380	0.000452262
510	380	0.000446558
510	380	0.000452659
510	380	0.000451823
510	380	0.000453184
510	380	0.000449515
510	380	0.000457424
510	380	0.000455697
510	380	0.000451566
510	380	0.000464172
510	380	0.000446914
510	380	0.000446856
510	380	0.000484297
510	380	0.000521378
510	380	0.000527582
510	380	0.000505418
510	380	0.000502254
510	380	0.000510229
510	380	0.000595830
510	380	0.000600599
510	380	0.000725457
510	380	0.000729875
510	380	0.000700001
510	380	0.000736091
510	380	0.000793969
510	380	0.000787933
510	380	0.000756677
510	380	0.000764251
510	380	0.000791895
510	380	0.000812394
510	380	0.000765859
510	380	0.000763143
510	380	0.000738115
510	380	0.000783796
510	380	0.000772111
510	380	0.000742415
510	380	0.000745755
510	380	0.000737895
510	380	0.000746887
510	380	0.000759276
510	380	0.000781206
510	380	0.000744421
510	380	0.000764587
510	380	0.000766824
510	380	0.000792480
510	380	0.000786881
510	380	0.000790514
510	380	0.000766259
510	380	0.000791044
510	380	0.000778911
510	380	0.000767280
510	380	0.000755464
510	380	0.000793141
510	380	0.000787797
510	380	0.000789367
510	380	0.000762376
510	380	0.000794259
510	380	0.000740792
510	380	0.000774150
510	380	0.000786709
510	380	0.000783894
510	380	0.000780924
510	380	0.000790928
510	380	0.000762728
510	380	0.000790231
510	380	0.000789285
510	380	0.000776403
510	380	0.000794162
510	380	0.000785117
510	380	0.000785513
510	380	0.000772795
510	380	0.000759953
510	380	0.000779316
510	380	0.000740349
510	380	0.000778545
510	380	0.000802272
510	380	0.000777966
510	380	0.000789417
510	380	0.000779004
510	380	0.000773436
510	380	0.000773890
510	380	0.000790059
510	380	0.000785666
510	380	0.000767069
510	380	0.000778600
510	380	0.000789097
510	380	0.000742286
510	380	0.000781374
510	380	0.000755522
510	380	0.000791269
510	380	0.000807256
510	380	0.000747549
510	380	0.000758618
510	380	0.000790895
510	380	0.000743748
510	510	0.000590064
510	510	0.000595892
510	510	0.000582834
510	510	0.000589241
510	510	0.000595860
510	510	0.000594496
510	510	0.000589179
510	510	0.000582935
510	510	0.000594215
510	510	0.000594477
510	510	0.000589292
510	510	0.000589238
510	510	0.000594666
510	510	0.000590348
510	510	0.000594824
510	510	0.000589288
510	510	0.000589199
510	510	0.000595169
510	510	0.000594060
510	510	0.000588704
510	510	0.000589250
510	510	0.000603514
510	510	0.000665514
510	510	0.000652803
510	510	0.000639691
510	510	0.000639743
510	510	0.000608780
510	510	0.000609188
510	510	0.000612367
510	510	0.000666007
510	510	0.000659931
510	510	0.000660423
510	510	0.000665631
510	510	0.000689661
510	510	0.000694332
510	510	0.000838410
510	510	0.000879159
510	510	0.000830112
510	510	0.000830171
510	510	0.001033738
510	510	0.001029355
510	510	0.001036391
510	510	0.001028722
510	510	0.001037283
510	510	0.001021582
510	510	0.001031960
510	510	0.001028929
510	510	0.001025523
510	510	0.001032610
510	510	0.000996058
510	510	0.000979963
510	510	0.001038645
510	510	0.000991860
510	510	0.000979092
510	510	0.000936729
510	510	0.000929737
510	510	0.000973233
510	510	0.000975369
510	510	0.000972914
510	510	0.000874174
510	510	0.000995036
510	510	0.001009350
510	510	0.000995758
510	510	0.000927510
510	510	0.000925750
510	510	0.000973568
510	510	0.001000785
510	510	0.001005885
510	510	0.001026533
510	510	0.000997329
510	510	0.001009344
510	510	0.001022337
510	510	0.001024851
510	510	0.001053862
510	510	0.001024310
510	510	0.000923754
510	510	0.000938559
510	510	0.001048712
510	510	0.001018934
510	510	0.001040722
510	510	0.001038144
510	510	0.001032504
510	510	0.001033259
510	510	0.001030108
510	510	0.000979440
510	510	0.001035800
510	510	0.001028050
510	510	0.001027945
510	510	0.000977994
510	510	0.001006169
510	510	0.001022927
510	510	0.001002604
510	510	0.000999384
510	510	0.001009337
510	510	0.000997672
510	510	0.001005623
510	510	0.001016943
510	510	0.001000643
510	510	0.000979342
510	510	0.000976923
510	600	0.000703029
510	600	0.000693250
510	600	0.000700114
510	600	0.000699999
510	600	0.000681462
510	600	0.000699069
510	600	0.000700850
510	600	0.000693288
510	600	0.000697788
510	600	0.000698938
510	600	0.000693262
510	600	0.000698167
510	600	0.000698919
510	600	0.000693278
510	600	0.000698009
510	600	0.000698280
510	600	0.000681473
510	600	0.000697182
510	600	0.000706750
510	600	0.000778316
510	600	0.000826222
510	600	0.000891456
510	600	0.000814927
510	600	0.000814070
510	600	0.001011305
510	600	0.001021663
510	600	0.000993829
510	600	0.001132562
510	600	0.001186833
510	600	0.001146249
510	600	0.001266000
510	600	0.001204302
510	600	0.001207130
510	600	0.001162181
510	600	0.001205444
510	600	0.001223440
510	600	0.001170774
510	600	0.001208859
510	600	0.001279014
510	600	0.001238890
510	600	0.001174322
510	600	0.001203443
510	600	0.001205865
510	600	0.001228768
510	600	0.001175330
510	600	0.001216243
510	600	0.001209648
510	600	0.001163159
510	600	0.001221860
510	600	0.001204113
510	600	0.001208408
510	600	0.001178272
510	600	0.001181632
510	600	0.001204214
510	600	0.001200243
510	600	0.001232767
510	600	0.001176441
510	600	0.001220690
510	600	0.001153139
510	600	0.001178894
510	600	0.001210701
510	600	0.001203392
510	600	0.001209186
510	600	0.001225278
510	600	0.001203758
510	600	0.001214789
510	600	0.001186286
510	600	0.001137054
510	600	0.001217722
510	600	0.001150075
510	600	0.001232716
510	600	0.001183906
510	600	0.001149222
510	600	0.001210537
510	600	0.001202994
510	600	0.001179355
510	600	0.001134415
510	600	0.001148618
510	600	0.001224455
510	600	0.001217505
510	600	0.001217442
510	600	0.001205822
510	600	0.001184955
510	600	0.001138500
510	600	0.001091103
510	600	0.001017449
510	600	0.000976130
510	600	0.000977011
510	600	0.000884305
510	600	0.001087947
510	600	0.001144605
510	600	0.001098077
510	600	0.000946843
510	600	0.000930621
510	600	0.000926132
510	600	0.000882256
510	600	0.000844025
510	600	0.000849969
510	600	0.000849769
510	600	0.001020113
600	128	0.000200957
600	128	0.000207030
600	128	0.000200982
600	128	0.000200991
600	128	0.000200953
600	128	0.000201012
600	128	0.000205575
600	128	0.000200998
600	128	0.000201030
600	128	0.000206195
600	128	0.000193441
600	128	0.000200914
600	128	0.000200905
600	128	0.000208222
600	128	0.000200909
600	128	0.000193445
600	128	0.000206532
600	128	0.000200986
600	128	0.000195587
600	128	0.000200941
600	128	0.000204737
600	128	0.000200982
600	128	0.000201011
600	128	0.000205539
600	128	0.000201029
600	128	0.000216642
600	128	0.000225040
600	128	0.000229246
600	128	0.000235852
600	128	0.000234421
600	128	0.000225646
600	128	0.000225692
600	128	0.000244670
600	128	0.000244566
600	128	0.000244700
600	128	0.000245526
600	128	0.000257924
600	128	0.000258025
600	128	0.000281415
600	128	0.000281388
600	128	0.000281415
600	128	0.000351740
600	128	0.000351689
600	128	0.000353310
600	128	0.000351575
600	128	0.000318538
600	128	0.000351660
600	128	0.000360226
600	128	0.000351742
600	128	0.000331049
600	128	0.000337377
600	128	0.000359234
600	128	0.000386313
600	128	0.000331029
600	128	0.000331092
600	128	0.000351758
600	128	0.000359337
600	128	0.000351586
600	128	0.000331025
600	128	0.000334817
600	128	0.000351644
600	128	0.000363787
600	128	0.000338509
600	128	0.000348142
600	128	0.000362045
600	128	0.000351591
600	128	0.000334114
600	128	0.000342415
600	128	0.000360200
600	128	0.000375087
600	128	0.000351637
600	128	0.000351759
600	128	0.000365806
600	128	0.000342268
600	128	0.000330908
600	128	0.000351755
600	128	0.000357593
600	128	0.000351772
600	128	0.000341932
600	128	0.000360672
600	128	0.000351578
600	128	0.000332413
600	128	0.000342251
600	128	0.000342333
600	128	0.000354435
600	128	0.000351752
600	128	0.000351658
600	128	0.000361010
600	128	0.000318599
600	128	0.000330985
600	128	0.000351772
600	128	0.000339876
600	128	0.000338516
600	128	0.000331079
600	128	0.000351629
600	128	0.000364190
600	128	0.000338515
600	128	0.000336929
600	128	0.000351622
600	128	0.000366241
600	256	0.000372292
600	256	0.000372328
600	256	0.000372283
600	256	0.000360546
600	256	0.000372278
600	256	0.000372362
600	256	0.000360523
600	256	0.000358968
600	256	0.000372337
600	256	0.000372287
600	256	0.000358335
600	256	0.000372287
600	256	0.000372323
600	256	0.000358365
600	256	0.000372322
600	256	0.000372322
600	256	0.000376612
600	256	0.000377430
600	256	0.000377221
600	256	0.000372263
600	256	0.000372468
600	256	0.000358382
600	256	0.000386103
600	256	0.000371669
600	256	0.000371634
600	256	0.000395395
600	256	0.000417021
600	256	0.000416990
600	256	0.000521230
600	256	0.000528487
600	256	0.000548692
600	256	0.000583668
600	256	0.000583416
600	256	0.000642064
600	256	0.000641725
600	256	0.000620130
600	256	0.000619940
600	256	0.000627344
600	256	0.000652375
600	256	0.000642565
600	256	0.000665416
600	256	0.000609822
600	256	0.000663644
600	256	0.000602086
600	256	0.000629915
600	256	0.000640150
600	256	0.000604909
600	256	0.000658147
600	256	0.000639150
600	256	0.000657445
600	256	0.000637850
600	256	0.000651518
600	256	0.000621896
600	256	0.000639399
600	256	0.000658043
600	256	0.000654587
600	256	0.000661334
600	256	0.000628765
600	256	0.000651453
600	256	0.000650246
600	256	0.000623987
600	256	0.000660117
600	256	0.000639420
600	256	0.000679639
600	256	0.000609585
600	256	0.000545970
600	256	0.000548709
600	256	0.000652715
600	256	0.000626910
600	256	0.000652601
600	256	0.000603051
600	256	0.000642816
600	256	0.000656727
600	256	0.000653920
600	256	0.000639525
600	256	0.000649720
600	256	0.000638987
600	256	0.000660751
600	256	0.000644298
600	256	0.000627196
600	256	0.000634822
600	256	0.000639022
600	256	0.000659834
600	256	0.000629613
600	256	0.000651518
600	256	0.000655914
600	256	0.000636250
600	256	0.000660573
600	256	0.000642300
600	256	0.000631093
600	256	0.000660858
600	256	0.000645871
600	256	0.000635182
600	256	0.000620764
600	256	0.000651548
600	256	0.000642001
600	256	0.000639797
600	256	0.000657803
600	256	0.000650241
600	256	0.000622901
600	380	0.000525670
600	380	0.000531259
600	380	0.000531857
600	380	0.000520412
600	380	0.000525665
600	380	0.000520311
600	380	0.000533902
600	380	0.000531258
600	380	0.000541270
600	380	0.000525731
600	380	0.000525717
600	380	0.000525743
600	380	0.000530709
600	380	0.000533156
600	380	0.000530594
600	380	0.000525640
600	380	0.000518141
600	380	0.000545126
600	380	0.000550778
600	380	0.000551571
600	380	0.000545137
600	380	0.000545209
600	380	0.000595415
600	380	0.000596007
600	380	0.000620755
600	380	0.000657893
600	380	0.000624326
600	380	0.000613283
600	380	0.000673058
600	380	0.000821700
600	380	0.000889105
600	380	0.000873079
600	380	0.000946073
600	380	0.000918629
600	380	0.000947457
600	380	0.000914659
600	380	0.000898376
600	380	0.000870555
600	380	0.000889394
600	380	0.000938444
600	380	0.000910151
600	380	0.000915024
600	380	0.000927793
600	380	0.000932231
600	380	0.000893328
600	380	0.000899385
600	380	0.000853563
600	380	0.000921578
600	380	0.000927807
600	380	0.000926132
600	380	0.000918182
600	380	0.000916066
600	380	0.000927678
600	380	0.000861744
600	380	0.000896065
600	380	0.000871263
600	380	0.000925335
600	380	0.000884008
600	380	0.000821036
600	380	0.000792700
600	380	0.000790498
600	380	0.000771895
600	380	0.000774767
600	380	0.000756956
600	380	0.000735934
600	380	0.000594941
600	380	0.000636638
600	380	0.000588690
600	380	0.000594218
600	380	0.000629050
600	380	0.000780443
600	380	0.000877079
600	380	0.000928854
600	380	0.000923976
600	380	0.000873330
600	380	0.000925309
600	380	0.000908612
600	380	0.000908041
600	380	0.000922226
600	380	0.000896597
600	380	0.000914581
600	380	0.000912413
600	380	0.000913627
600	380	0.000927865
600	380	0.000915896
600	380	0.000910017
600	380	0.000892954
600	380	0.000890249
600	380	0.000893070
600	380	0.000897239
600	380	0.000870986
600	380	0.000853672
600	380	0.000914894
600	380	0.000929403
600	380	0.000920396
600	380	0.000928446
600	380	0.000915774
600	380	0.000915533
600	380	0.000902254
600	380	0.000924661
600	510	0.000693273
600	510	0.000699490
600	510	0.000693185
600	510	0.000692654
600	510	0.000699303
600	510	0.000693262
600	510	0.000704803
600	510	0.000693286
600	510	0.000708472
600	510	0.000699385
600	510	0.000687930
600	510	0.000697676
600	510	0.000708361
600	510	0.000693193
600	510	0.000691703
600	510	0.000706387
600	510	0.000698648
600	510	0.000693253
600	510	0.000697829
600	510	0.000697829
600	510	0.000685720
600	510	0.000698359
600	510	0.000693222
600	510	0.000697166
600	510	0.000695328
600	510	0.000693273
600	510	0.000708121
600	510	0.000698594
600	510	0.000752857
600	510	0.000822570
600	510	0.000840053
600	510	0.000854048
600	510	0.000807273
600	510	0.000815380
600	510	0.000843349
600	510	0.000799985
600	510	0.000814855
600	510	0.000816064
600	510	0.000888224
600	510	0.000890072
600	510	0.000838673
600	510	0.000842285
600	510	0.000849037
600	510	0.000820599
600	510	0.000813864
600	510	0.000823524
600	510	0.000815534
600	510	0.001028386
600	510	0.001171583
600	510	0.001152692
600	510	0.001188153
600	510	0.001172009
600	510	0.001162486
600	510	0.001215097
600	510	0.001171940
600	510	0.001170735
600	510	0.001217325
600	510	0.001202375
600	510	0.001156905
600	510	0.001178429
600	510	0.001162913
600	510	0.001148674
600	510	0.001086638
600	510	0.001130566
600	510	0.001170593
600	510	0.001145698
600	510	0.001220468
600	510	0.001167828
600	510	0.001169872
600	510	0.001184253
600	510	0.001203247
600	510	0.001212554
600	510	0.001204942
600	510	0.001192416
600	510	0.001147200
600	510	0.001203390
600	510	0.001201030
600	510	0.001186409
600	510	0.001168880
600	510	0.001203899
600	510	0.001200842
600	510	0.001157113
600	510	0.001160927
600	510	0.001139455
600	510	0.001208942
600	510	0.001200785
600	510	0.001200667
600	510	0.001152148
600	510	0.001222451
600	510	0.001210936
600	510	0.001178413
600	510	0.001165653
600	510	0.001217304
600	510	0.001209554
600	510	0.001167932
600	510	0.001141231
600	510	0.001214725
600	510	0.001146673
600	510	0.001151642
600	510	0.001149304
600	600	0.000817619
600	600	0.000819672
600	600	0.000819756
600	600	0.000814780
600	600	0.000825280
600	600	0.000821983
600	600	0.000818605
600	600	0.000820917
600	600	0.000801667
600	600	0.000821525
600	600	0.000821276
600	600	0.000822156
600	600	0.000815568
600	600	0.000813277
600	600	0.000815601
600	600	0.000820145
600	600	0.000807869
600	600	0.000821274
600	600	0.000821286
600	600	0.000819877
600	600	0.000823668
600	600	0.000820034
600	600	0.000827766
600	600	0.000821724
600	600	0.000815590
600	600	0.000820329
600	600	0.000802267
600	600	0.000821110
600	600	0.000801687
600	600	0.000820712
600	600	0.000862474
600	600	0.000873415
600	600	0.000908639
600	600	0.000979365
600	600	0.000922108
600	600	0.000955340
600	600	0.000953756
600	600	0.000981699
600	600	0.001007544
600	600	0.000998855
600	600	0.001077600
600	600	0.001134922
600	600	0.001142102
600	600	0.001076559
600	600	0.001054882
600	600	0.000998032
600	600	0.000974237
600	600	0.000919928
600	600	0.000912530
600	600	0.000901613
600	600	0.000898912
600	600	0.000882090
600	600	0.000878351
600	600	0.000889087
600	600	0.000855830
600	600	0.000844392
600	600	0.000819632
600	600	0.000821655
600	600	0.000845885
600	600	0.000850624
600	600	0.000836959
600	600	0.000859759
600	600	0.000801712
600	600	0.000822765
600	600	0.000815655
600	600	0.000820091
600	600	0.000805651
600	600	0.000828544
600	600	0.000837315
600	600	0.000850807
600	600	0.000850265
600	600	0.000850790
600	600	0.000820123
600	600	0.000828888
600	600	0.000815653
600	600	0.000810460
600	600	0.000801678
600	600	0.000814002
600	600	0.001013136
600	600	0.001059601
600	600	0.001042777
600	600	0.000966787
600	600	0.000919014
600	600	0.000916015
600	600	0.000920729
600	600	0.000908021
600	600	0.000916022
600	600	0.000920303
600	600	0.000942197
600	600	0.000957968
600	600	0.000974411
600	600	0.000998770
600	600	0.000957873
600	600	0.000941753
600	600	0.000915475
600	600	0.000915934
600	600	0.000885158
600	600	0.000815644
600	600	0.000829809
600	600	0.001018146
