120	128	0.000170820
120	128	0.000176382
120	128	0.000179146
120	128	0.000176276
120	128	0.000176283
120	128	0.000171059
120	128	0.000170514
120	128	0.000170971
120	128	0.000181644
120	128	0.000170418
120	128	0.000170360
120	128	0.000181281
120	128	0.000170062
120	128	0.000176397
120	128	0.000176912
120	128	0.000176545
120	128	0.000169780
120	128	0.000179126
120	128	0.000170624
120	128	0.000169924
120	128	0.000177741
120	128	0.000170539
120	128	0.000171496
120	128	0.000176348
120	128	0.000171719
120	128	0.000170747
120	128	0.000170434
120	128	0.000171587
120	128	0.000176307
120	128	0.000171489
120	128	0.000170324
120	128	0.000171111
120	128	0.000176619
120	128	0.000176441
120	128	0.000176166
120	128	0.000171325
120	128	0.000185428
120	128	0.000198852
120	128	0.000192114
120	128	0.000190564
120	128	0.000195096
120	128	0.000226961
120	128	0.000225183
120	128	0.000217085
120	128	0.000246703
120	128	0.000240711
120	128	0.000240017
120	128	0.000263659
120	128	0.000300084
120	128	0.000299541
120	128	0.000298544
120	128	0.000310645
120	128	0.000308549
120	128	0.000280693
120	128	0.000280892
120	128	0.000301005
120	128	0.000297714
120	128	0.000329948
120	128	0.000320640
120	128	0.000282118
120	128	0.000290571
120	128	0.000300101
120	128	0.000298726
120	128	0.000315075
120	128	0.000283540
120	128	0.000298082
120	128	0.000308949
120	128	0.000308747
120	128	0.000309563
120	128	0.000313283
120	128	0.000333051
120	128	0.000290528
120	128	0.000279705
120	128	0.000297216
120	128	0.000308383
120	128	0.000308649
120	128	0.000308997
120	128	0.000298063
120	128	0.000281022
120	128	0.000300528
120	128	0.000301411
120	128	0.000325481
120	128	0.000308461
120	128	0.000281357
120	128	0.000298046
120	128	0.000280680
120	128	0.000300145
120	128	0.000343494
120	128	0.000310282
120	128	0.000300136
120	128	0.000292976
120	128	0.000297454
120	128	0.000298059
120	128	0.000299657
120	128	0.000309811
120	128	0.000297953
120	128	0.000290460
120	128	0.000298366
120	128	0.000281608
120	128	0.000280373
120	256	0.000333118
120	256	0.000326183
120	256	0.000321619
120	256	0.000314117
120	256	0.000325890
120	256	0.000325880
120	256	0.000313883
120	256	0.000316422
120	256	0.000331376
120	256	0.000320445
120	256	0.000325973
120	256	0.000325805
120	256	0.000315483
120	256	0.000313242
120	256	0.000325963
120	256	0.000396694
120	256	0.000382461
120	256	0.000490965
120	256	0.000488675
120	256	0.000518088
120	256	0.000552406
120	256	0.000572131
120	256	0.000548361
120	256	0.000562048
120	256	0.000549251
120	256	0.000620423
120	256	0.000559267
120	256	0.000535755
120	256	0.000579691
120	256	0.000546021
120	256	0.000572843
120	256	0.000536558
120	256	0.000549438
120	256	0.000557399
120	256	0.000552201
120	256	0.000560962
120	256	0.000550776
120	256	0.000547732
120	256	0.000560185
120	256	0.000528474
120	256	0.000568446
120	256	0.000547462
120	256	0.000570095
120	256	0.000561171
120	256	0.000549123
120	256	0.000557854
120	256	0.000551750
120	256	0.000561219
120	256	0.000548848
120	256	0.000612178
120	256	0.000517085
120	256	0.000560982
120	256	0.000577924
120	256	0.000546270
120	256	0.000569058
120	256	0.000546645
120	256	0.000564923
120	256	0.000559928
120	256	0.000516997
120	256	0.000570852
120	256	0.000536551
120	256	0.000539504
120	256	0.000559977
120	256	0.000517941
120	256	0.000570486
120	256	0.000549970
120	256	0.000551928
120	256	0.000570311
120	256	0.000541958
120	256	0.000526921
120	256	0.000521959
120	256	0.000559291
120	256	0.000549627
120	256	0.000564718
120	256	0.000520129
120	256	0.000557724
120	256	0.000536536
120	256	0.000528676
120	256	0.000563901
120	256	0.000570240
120	256	0.000570524
120	256	0.000526632
120	256	0.000596606
120	256	0.000547931
120	256	0.000575427
120	256	0.000583323
120	256	0.000533391
120	256	0.000563616
120	256	0.000524881
120	256	0.000557905
120	256	0.000550219
120	256	0.000557180
120	256	0.000558680
120	256	0.000551794
120	256	0.000579205
120	256	0.000548550
120	256	0.000573054
120	256	0.000545188
120	256	0.000611154
120	256	0.000559874
120	380	0.000457078
120	380	0.000457690
120	380	0.000451425
120	380	0.000450186
120	380	0.000450650
120	380	0.000451154
120	380	0.000449968
120	380	0.000449987
120	380	0.000450273
120	380	0.000458038
120	380	0.000450296
120	380	0.000457834
120	380	0.000450034
120	380	0.000451315
120	380	0.000457735
120	380	0.000457898
120	380	0.000457714
120	380	0.000450708
120	380	0.000449971
120	380	0.000449939
120	380	0.000457686
120	380	0.000450160
120	380	0.000449901
120	380	0.000451187
120	380	0.000450332
120	380	0.000450626
120	380	0.000450413
120	380	0.000457780
120	380	0.000451309
120	380	0.000450373
120	380	0.000457947
120	380	0.000450378
120	380	0.000457778
120	380	0.000449751
120	380	0.000450166
120	380	0.000450125
120	380	0.000457660
120	380	0.000452135
120	380	0.000467912
120	380	0.000474763
120	380	0.000468896
120	380	0.000460736
120	380	0.000451072
120	380	0.000450422
120	380	0.000461363
120	380	0.000474926
120	380	0.000467941
120	380	0.000452564
120	380	0.000454287
120	380	0.000457725
120	380	0.000457720
120	380	0.000449981
120	380	0.000451721
120	380	0.000450638
120	380	0.000451176
120	380	0.000449890
120	380	0.000486283
120	380	0.000484668
120	380	0.000486043
120	380	0.000450841
120	380	0.000450882
120	380	0.000452082
120	380	0.000512682
120	380	0.000504116
120	380	0.000504166
120	380	0.000562705
120	380	0.000560574
120	380	0.000566903
120	380	0.000601022
120	380	0.000602949
120	380	0.000675663
120	380	0.000663111
120	380	0.000794597
120	380	0.000741731
120	380	0.000808795
120	380	0.000786368
120	380	0.000741211
120	380	0.000757066
120	380	0.000779812
120	380	0.000809403
120	380	0.000804095
120	380	0.000753893
120	380	0.000798985
120	380	0.000801028
120	380	0.000779023
120	380	0.000807804
120	380	0.000801764
120	380	0.000793982
120	380	0.000758213
120	380	0.000742139
120	380	0.000756833
120	380	0.000741552
120	380	0.000763118
120	380	0.000748917
120	380	0.000753639
120	380	0.000773918
120	380	0.000712743
120	380	0.000707747
120	380	0.000583552
120	380	0.000548211
120	510	0.000602966
120	510	0.000601424
120	510	0.000608273
120	510	0.000596390
120	510	0.000602980
120	510	0.000596147
120	510	0.000601306
120	510	0.000612753
120	510	0.000600931
120	510	0.000597275
120	510	0.000597230
120	510	0.000603612
120	510	0.000606091
120	510	0.000603776
120	510	0.000595767
120	510	0.000595788
120	510	0.000596121
120	510	0.000606941
120	510	0.000601707
120	510	0.000609271
120	510	0.000604634
120	510	0.000595548
120	510	0.000613972
120	510	0.000625188
120	510	0.000640890
120	510	0.000627157
120	510	0.000626467
120	510	0.000612021
120	510	0.000596091
120	510	0.000596284
120	510	0.000624363
120	510	0.000640295
120	510	0.000639976
120	510	0.000649312
120	510	0.000652484
120	510	0.000703993
120	510	0.000701879
120	510	0.000718126
120	510	0.000701872
120	510	0.000813062
120	510	0.000892257
120	510	0.000885309
120	510	0.000892166
120	510	0.000883418
120	510	0.000894341
120	510	0.000883717
120	510	0.000885468
120	510	0.000909451
120	510	0.000894473
120	510	0.000894491
120	510	0.000885520
120	510	0.000893791
120	510	0.000952967
120	510	0.000969041
120	510	0.001059113
120	510	0.001055979
120	510	0.001048931
120	510	0.001016489
120	510	0.001053464
120	510	0.001024249
120	510	0.001035596
120	510	0.001041465
120	510	0.001052476
120	510	0.001054807
120	510	0.001052574
120	510	0.001029447
120	510	0.001028179
120	510	0.000992573
120	510	0.000989153
120	510	0.001039062
120	510	0.001040669
120	510	0.001045933
120	510	0.001052484
120	510	0.001025795
120	510	0.001039277
120	510	0.001045328
120	510	0.001045961
120	510	0.001082084
120	510	0.001055637
120	510	0.001020698
120	510	0.001051947
120	510	0.001036210
120	510	0.001035256
120	510	0.001036558
120	510	0.001024806
120	510	0.001041838
120	510	0.001021200
120	510	0.001034889
120	510	0.001046708
120	510	0.001053754
120	510	0.001053960
120	510	0.000993256
120	510	0.001056583
120	510	0.001065139
120	510	0.001035983
120	510	0.001054388
120	510	0.001065915
120	510	0.001051541
120	510	0.001032153
120	510	0.001033253
120	600	0.000697417
120	600	0.000707193
120	600	0.000706871
120	600	0.000710148
120	600	0.000705227
120	600	0.000705172
120	600	0.000706188
120	600	0.000699995
120	600	0.000707059
120	600	0.000713367
120	600	0.000697855
120	600	0.000699800
120	600	0.000712667
120	600	0.000704811
120	600	0.000710036
120	600	0.000714583
120	600	0.000742181
120	600	0.000764571
120	600	0.000767418
120	600	0.000759272
120	600	0.000771161
120	600	0.000829031
120	600	0.000851233
120	600	0.001050635
120	600	0.001101665
120	600	0.001159061
120	600	0.001260725
120	600	0.001237129
120	600	0.001197321
120	600	0.001161169
120	600	0.001214423
120	600	0.001193398
120	600	0.001259000
120	600	0.001210094
120	600	0.001201021
120	600	0.001205050
120	600	0.001223137
120	600	0.001230341
120	600	0.001160807
120	600	0.000860895
120	600	0.000867870
120	600	0.001093873
120	600	0.001067770
120	600	0.001033991
120	600	0.000997575
120	600	0.000991744
120	600	0.001222439
120	600	0.001232835
120	600	0.001259210
120	600	0.001191183
120	600	0.001200246
120	600	0.001213841
120	600	0.001231292
120	600	0.001236798
120	600	0.001256153
120	600	0.001211114
120	600	0.001230496
120	600	0.001206671
120	600	0.001221171
120	600	0.001207747
120	600	0.001112241
120	600	0.001109659
120	600	0.001171241
120	600	0.001222393
120	600	0.001157680
120	600	0.001099734
120	600	0.001169270
120	600	0.001184902
120	600	0.001174951
120	600	0.000870813
120	600	0.000854811
120	600	0.001105802
120	600	0.001066691
120	600	0.001041628
120	600	0.001221784
120	600	0.001191488
120	600	0.001183596
120	600	0.001102313
120	600	0.001164058
120	600	0.001168017
120	600	0.001181791
120	600	0.001177542
120	600	0.001117065
120	600	0.001036364
120	600	0.001058865
120	600	0.001098791
120	600	0.001172503
120	600	0.001144762
120	600	0.001090519
120	600	0.000986494
120	600	0.000987551
120	600	0.000994103
120	600	0.001103503
120	600	0.001191862
120	600	0.001101698
120	600	0.001066702
120	600	0.000983477
120	600	0.001152496
120	600	0.001188698
120	600	0.001167008
250	128	0.000364538
250	128	0.000360796
250	128	0.000359896
250	128	0.000372616
250	128	0.000367064
250	128	0.000352472
250	128	0.000352917
250	128	0.000353497
250	128	0.000366918
250	128	0.000357609
250	128	0.000359272
250	128	0.000353454
250	128	0.000353128
250	128	0.000366929
250	128	0.000360945
250	128	0.000382075
250	128	0.000385775
250	128	0.000398033
250	128	0.000470423
250	128	0.000470563
250	128	0.000590918
250	128	0.000604396
250	128	0.000637975
250	128	0.000617976
250	128	0.000633670
250	128	0.000618500
250	128	0.000641661
250	128	0.000629277
250	128	0.000646417
250	128	0.000640622
250	128	0.000651107
250	128	0.000610598
250	128	0.000634709
250	128	0.000610168
250	128	0.000637970
250	128	0.000624640
250	128	0.000629228
250	128	0.000616673
250	128	0.000629178
250	128	0.000615635
250	128	0.000644422
250	128	0.000622714
250	128	0.000628488
250	128	0.000634156
250	128	0.000622811
250	128	0.000591336
250	128	0.000665396
250	128	0.000591337
250	128	0.000635178
250	128	0.000620480
250	128	0.000617966
250	128	0.000633925
250	128	0.000631950
250	128	0.000628110
250	128	0.000592128
250	128	0.000643163
250	128	0.000620223
250	128	0.000626176
250	128	0.000608145
250	128	0.000628203
250	128	0.000632378
250	128	0.000648524
250	128	0.000583411
250	128	0.000643109
250	128	0.000597445
250	128	0.000630536
250	128	0.000592477
250	128	0.000641979
250	128	0.000617934
250	128	0.000643658
250	128	0.000642593
250	128	0.000634488
250	128	0.000609566
250	128	0.000626413
250	128	0.000632421
250	128	0.000607053
250	128	0.000630942
250	128	0.000596619
250	128	0.000628531
250	128	0.000626067
250	128	0.000640639
250	128	0.000641994
250	128	0.000691596
250	128	0.000609375
250	128	0.000644872
250	128	0.000622955
250	128	0.000627267
250	128	0.000638984
250	128	0.000648875
250	128	0.000610197
250	128	0.000631277
250	128	0.000597243
250	128	0.000630721
250	128	0.000622036
250	128	0.000650374
250	128	0.000626882
250	128	0.000629158
250	128	0.000581268
250	128	0.000631060
250	128	0.000604952
250	256	0.000659496
250	256	0.000650500
250	256	0.000680594
250	256	0.000671286
250	256	0.000657095
250	256	0.000678621
250	256	0.000671312
250	256	0.000665170
250	256	0.000681503
250	256	0.000653565
250	256	0.000655704
250	256	0.000676282
250	256	0.000657020
250	256	0.000658312
250	256	0.000678639
250	256	0.000661461
250	256	0.000660172
250	256	0.000655066
250	256	0.000678639
250	256	0.000658626
250	256	0.000674763
250	256	0.000658814
250	256	0.000718889
250	256	0.000735391
250	256	0.000781666
250	256	0.000901382
250	256	0.000913444
250	256	0.000930638
250	256	0.001154707
250	256	0.001116090
250	256	0.001087140
250	256	0.001157773
250	256	0.001156276
250	256	0.001190178
250	256	0.001169939
250	256	0.001148612
250	256	0.001131092
250	256	0.001170592
250	256	0.001154919
250	256	0.001119287
250	256	0.001191024
250	256	0.001154193
250	256	0.001106049
250	256	0.001154397
250	256	0.001084148
250	256	0.001153212
250	256	0.001145437
250	256	0.001162883
250	256	0.001139392
250	256	0.001149318
250	256	0.001144924
250	256	0.001166834
250	256	0.001135919
250	256	0.001171248
250	256	0.001149266
250	256	0.001174295
250	256	0.001148732
250	256	0.001145716
250	256	0.001171197
250	256	0.001143577
250	256	0.001128314
250	256	0.001127597
250	256	0.001139207
250	256	0.001154549
250	256	0.001173890
250	256	0.001148867
250	256	0.001139399
250	256	0.001143268
250	256	0.001141458
250	256	0.001135958
250	256	0.001139631
250	256	0.001167793
250	256	0.001149283
250	256	0.001178281
250	256	0.001142333
250	256	0.001130071
250	256	0.001081162
250	256	0.001131086
250	256	0.001174013
250	256	0.001160411
250	256	0.001141981
250	256	0.001160252
250	256	0.001158132
250	256	0.001138369
250	256	0.001183863
250	256	0.001137195
250	256	0.001132442
250	256	0.001162863
250	256	0.001128292
250	256	0.001187145
250	256	0.001185475
250	256	0.001147296
250	256	0.001133621
250	256	0.001151653
250	256	0.001146469
250	256	0.001091484
250	256	0.001172609
250	256	0.001143181
250	256	0.001179367
250	256	0.001149875
250	380	0.000945481
250	380	0.000940887
250	380	0.000944515
250	380	0.000945042
250	380	0.000941769
250	380	0.000949425
250	380	0.000940173
250	380	0.000957773
250	380	0.000956442
250	380	0.000948806
250	380	0.000940365
250	380	0.000957437
250	380	0.000942975
250	380	0.000960066
250	380	0.000943751
250	380	0.000936203
250	380	0.001040551
250	380	0.001000076
250	380	0.000941389
250	380	0.000938834
250	380	0.000949921
250	380	0.000937010
250	380	0.001030042
250	380	0.001005709
250	380	0.000980348
250	380	0.001072231
250	380	0.001253298
250	380	0.001608429
250	380	0.001430217
250	380	0.001452429
250	380	0.001575655
250	380	0.001552038
250	380	0.001396720
250	380	0.001534934
250	380	0.001614261
250	380	0.001599420
250	380	0.001630085
250	380	0.001618218
250	380	0.001685159
250	380	0.001480505
250	380	0.001575011
250	380	0.001568076
250	380	0.001574289
250	380	0.001477310
250	380	0.001636717
250	380	0.001431231
250	380	0.001450316
250	380	0.001573123
250	380	0.001159791
250	380	0.001303059
250	380	0.001198262
250	380	0.000977185
250	380	0.000988896
250	380	0.000977714
250	380	0.001043263
250	380	0.001160475
250	380	0.001468897
250	380	0.001401065
250	380	0.001344469
250	380	0.001332378
250	380	0.001473686
250	380	0.001582248
250	380	0.001597108
250	380	0.001644173
250	380	0.001580751
250	380	0.001642544
250	380	0.001573749
250	380	0.001567482
250	380	0.001583502
250	380	0.001626557
250	380	0.001635252
250	380	0.001607847
250	380	0.001579952
250	380	0.001607429
250	380	0.001609863
250	380	0.001609435
250	380	0.001606456
250	380	0.001589770
250	380	0.001609258
250	380	0.001628880
250	380	0.001566519
250	380	0.001614392
250	380	0.001622275
250	380	0.001601771
250	380	0.001563414
250	380	0.001596337
250	380	0.001630036
250	380	0.001663612
250	380	0.001618028
250	380	0.001591578
250	380	0.001608590
250	380	0.001604654
250	380	0.001591192
250	380	0.001591529
250	380	0.001661490
250	380	0.001548931
250	380	0.001632589
250	380	0.001579660
250	380	0.001655109
250	380	0.001616853
250	510	0.001243316
250	510	0.001249675
250	510	0.001243009
250	510	0.001250107
250	510	0.001259094
250	510	0.001253000
250	510	0.001245899
250	510	0.001244013
250	510	0.001265459
250	510	0.001249567
250	510	0.001261677
250	510	0.001311981
250	510	0.001538335
250	510	0.001606575
250	510	0.001665833
250	510	0.001751379
250	510	0.001862470
250	510	0.002080403
250	510	0.001949261
250	510	0.002092265
250	510	0.001968899
250	510	0.002124962
250	510	0.002122934
250	510	0.002126875
250	510	0.002119924
250	510	0.002117571
250	510	0.001680305
250	510	0.002075807
250	510	0.001605155
250	510	0.001866569
250	510	0.001614675
250	510	0.001446412
250	510	0.001407937
250	510	0.001291515
250	510	0.001356201
250	510	0.001663843
250	510	0.002116377
250	510	0.002136790
250	510	0.002194577
250	510	0.002076353
250	510	0.002006656
250	510	0.002081812
250	510	0.001791377
250	510	0.001591749
250	510	0.001602349
250	510	0.002159079
250	510	0.001662770
250	510	0.002058670
250	510	0.002123456
250	510	0.002088709
250	510	0.002079376
250	510	0.002111587
250	510	0.002103869
250	510	0.002118116
250	510	0.002138527
250	510	0.002111784
250	510	0.002118644
250	510	0.002127953
250	510	0.002129269
250	510	0.002100089
250	510	0.002082603
250	510	0.002060664
250	510	0.002044379
250	510	0.002048649
250	510	0.002102982
250	510	0.002146573
250	510	0.002060757
250	510	0.002126647
250	510	0.002059021
250	510	0.002118187
250	510	0.002134327
250	510	0.002132186
250	510	0.002059287
250	510	0.001931871
250	510	0.001609459
250	510	0.001683730
250	510	0.002140668
250	510	0.002118578
250	510	0.002118096
250	510	0.002110476
250	510	0.002110037
250	510	0.002128482
250	510	0.002119510
250	510	0.002076183
250	510	0.002068400
250	510	0.002121339
250	510	0.002059928
250	510	0.002166994
250	510	0.002087458
250	510	0.002096475
250	510	0.002101914
250	510	0.002064503
250	510	0.002128276
250	510	0.002156905
250	510	0.002147286
250	510	0.002134066
250	510	0.002203531
250	510	0.002088211
250	510	0.002122108
250	510	0.002054314
250	600	0.001459593
250	600	0.001469951
250	600	0.001471018
250	600	0.001484179
250	600	0.001473869
250	600	0.001487558
250	600	0.001526318
250	600	0.001537702
250	600	0.001470073
250	600	0.001755527
250	600	0.001664133
250	600	0.001601192
250	600	0.001643098
250	600	0.001800653
250	600	0.002075239
250	600	0.001856971
250	600	0.001950158
250	600	0.001955313
250	600	0.002064791
250	600	0.002411412
250	600	0.002294282
250	600	0.002388405
250	600	0.002458195
250	600	0.002445359
250	600	0.002425405
250	600	0.002428935
250	600	0.002456421
250	600	0.002112478
250	600	0.002402599
250	600	0.002538910
250	600	0.002462317
250	600	0.002475877
250	600	0.002474030
250	600	0.002527998
250	600	0.002481863
250	600	0.002499928
250	600	0.002440659
250	600	0.002439114
250	600	0.002424943
250	600	0.002189091
250	600	0.001948808
250	600	0.001995556
250	600	0.001965523
250	600	0.002044232
250	600	0.002370461
250	600	0.002402124
250	600	0.002397639
250	600	0.002383183
250	600	0.002420042
250	600	0.002046590
250	600	0.002494853
250	600	0.002422451
250	600	0.002484286
250	600	0.002433270
250	600	0.002446585
250	600	0.002465502
250	600	0.002465768
250	600	0.002474986
250	600	0.002443037
250	600	0.002478152
250	600	0.002490320
250	600	0.002412346
250	600	0.002481207
250	600	0.002478854
250	600	0.002563369
250	600	0.002456255
250	600	0.002450232
250	600	0.002408061
250	600	0.002546062
250	600	0.002545457
250	600	0.002437398
250	600	0.002458421
250	600	0.002532219
250	600	0.002477253
250	600	0.002181545
250	600	0.001858367
250	600	0.002176408
250	600	0.002453540
250	600	0.002453835
250	600	0.002434808
250	600	0.002405219
250	600	0.002421541
250	600	0.002451700
250	600	0.002496378
250	600	0.002447405
250	600	0.002480219
250	600	0.002415997
250	600	0.002392877
250	600	0.002248530
250	600	0.001826251
250	600	0.001470033
250	600	0.001634041
250	600	0.001532139
250	600	0.001466787
250	600	0.001460048
250	600	0.001459954
250	600	0.001494834
250	600	0.001569071
250	600	0.002077746
250	600	0.002473087
380	128	0.000541034
380	128	0.000557573
380	128	0.000557927
380	128	0.000557379
380	128	0.000557596
380	128	0.000541179
380	128	0.000543794
380	128	0.000541897
380	128	0.000546351
380	128	0.000562494
380	128	0.000533770
380	128	0.000533851
380	128	0.000557782
380	128	0.000557629
380	128	0.000534388
380	128	0.000562382
380	128	0.000569227
380	128	0.000552476
380	128	0.000548319
380	128	0.000543259
380	128	0.000539947
380	128	0.000558058
380	128	0.000557809
380	128	0.000557672
380	128	0.000557707
380	128	0.000562316
380	128	0.000540376
380	128	0.000557500
380	128	0.000615961
380	128	0.000603382
380	128	0.000587718
380	128	0.000534907
380	128	0.000533896
380	128	0.000534398
380	128	0.000533073
380	128	0.000571816
380	128	0.000568373
380	128	0.000566790
380	128	0.000558742
380	128	0.000610386
380	128	0.000578225
380	128	0.000600291
380	128	0.000574940
380	128	0.000585446
380	128	0.000583171
380	128	0.000598927
380	128	0.000566850
380	128	0.000532844
380	128	0.000557915
380	128	0.000600451
380	128	0.000576364
380	128	0.000582737
380	128	0.000643213
380	128	0.000638029
380	128	0.000788604
380	128	0.000796732
380	128	0.000978196
380	128	0.000924291
380	128	0.000925471
380	128	0.000897285
380	128	0.000913706
380	128	0.000936800
380	128	0.000970349
380	128	0.000968405
380	128	0.000897610
380	128	0.000888780
380	128	0.000843883
380	128	0.000837412
380	128	0.000852533
380	128	0.000867215
380	128	0.000849835
380	128	0.000859829
380	128	0.000917472
380	128	0.000934430
380	128	0.000939343
380	128	0.000942137
380	128	0.000923432
380	128	0.000922608
380	128	0.000834153
380	128	0.000799319
380	128	0.000777738
380	128	0.000753818
380	128	0.000769102
380	128	0.000753382
380	128	0.000719385
380	128	0.000647052
380	128	0.000623063
380	128	0.000553362
380	128	0.000555027
380	128	0.000563887
380	128	0.000601330
380	128	0.000580972
380	128	0.000696876
380	128	0.000818155
380	128	0.000624752
380	128	0.000632384
380	128	0.000701810
380	128	0.000785968
380	128	0.000807721
380	128	0.000842328
380	256	0.000996239
380	256	0.001027422
380	256	0.000993292
380	256	0.000993485
380	256	0.000989991
380	256	0.000994913
380	256	0.000996429
380	256	0.001001815
380	256	0.001015150
380	256	0.000994550
380	256	0.001010285
380	256	0.001023649
380	256	0.000995310
380	256	0.000995103
380	256	0.000993117
380	256	0.001007059
380	256	0.001017017
380	256	0.001038584
380	256	0.000994261
380	256	0.001028314
380	256	0.000988950
380	256	0.001050420
380	256	0.001052156
380	256	0.001083051
380	256	0.001117805
380	256	0.001164163
380	256	0.001462512
380	256	0.001350143
380	256	0.001336770
380	256	0.001350347
380	256	0.001450037
380	256	0.001468166
380	256	0.001378508
380	256	0.001264941
380	256	0.001349920
380	256	0.001430879
380	256	0.001378167
380	256	0.001258547
380	256	0.001221840
380	256	0.001246049
380	256	0.001370434
380	256	0.001533043
380	256	0.001580232
380	256	0.001643408
380	256	0.001680277
380	256	0.001773567
380	256	0.001677460
380	256	0.001654945
380	256	0.001747423
380	256	0.001738080
380	256	0.001693838
380	256	0.001751981
380	256	0.001556159
380	256	0.001702707
380	256	0.001650525
380	256	0.001717038
380	256	0.001665027
380	256	0.001692007
380	256	0.001698627
380	256	0.001644805
380	256	0.001641122
380	256	0.001751779
380	256	0.001697019
380	256	0.001678728
380	256	0.001737402
380	256	0.001753861
380	256	0.001598152
380	256	0.001662367
380	256	0.001668664
380	256	0.001698824
380	256	0.001684857
380	256	0.001691016
380	256	0.001633603
380	256	0.001683555
380	256	0.001543047
380	256	0.001794796
380	256	0.001389361
380	256	0.001515271
380	256	0.001668602
380	256	0.001681585
380	256	0.001549738
380	256	0.001734544
380	256	0.001389010
380	256	0.001555819
380	256	0.001694253
380	256	0.001717478
380	256	0.001721700
380	256	0.001691337
380	256	0.001750510
380	256	0.001690813
380	256	0.001719009
380	256	0.001743466
380	256	0.001672847
380	256	0.001715302
380	256	0.001702979
380	256	0.001758374
380	256	0.001700633
380	256	0.001771686
380	256	0.001714832
380	256	0.001732500
380	380	0.001425380
380	380	0.001437453
380	380	0.001443536
380	380	0.001428645
380	380	0.001460205
380	380	0.001443092
380	380	0.001429548
380	380	0.001440456
380	380	0.001428850
380	380	0.001438991
380	380	0.001436545
380	380	0.001444431
380	380	0.001434496
380	380	0.001428610
380	380	0.001448709
380	380	0.001429143
380	380	0.001453257
380	380	0.001444209
380	380	0.001435275
380	380	0.001441594
380	380	0.001445973
380	380	0.001437065
380	380	0.001439744
380	380	0.001457626
380	380	0.001431569
380	380	0.001454854
380	380	0.001440302
380	380	0.001438832
380	380	0.001428190
380	380	0.001434489
380	380	0.001439287
380	380	0.001439211
380	380	0.001439030
380	380	0.001439553
380	380	0.001439214
380	380	0.001450314
380	380	0.001463382
380	380	0.001504790
380	380	0.001506672
380	380	0.001680192
380	380	0.001669596
380	380	0.001702523
380	380	0.001838055
380	380	0.001628551
380	380	0.001922267
380	380	0.002171571
380	380	0.001895108
380	380	0.002018086
380	380	0.001991138
380	380	0.002139743
380	380	0.002398313
380	380	0.002291537
380	380	0.002359970
380	380	0.002014847
380	380	0.002366010
380	380	0.002430807
380	380	0.002374163
380	380	0.002314139
380	380	0.002484675
380	380	0.002352328
380	380	0.001919371
380	380	0.002352274
380	380	0.002384610
380	380	0.002444858
380	380	0.002418740
380	380	0.002405806
380	380	0.002372175
380	380	0.002223856
380	380	0.002382416
380	380	0.002113581
380	380	0.002451029
380	380	0.002393506
380	380	0.002075032
380	380	0.002241026
380	380	0.002379291
380	380	0.002387812
380	380	0.002420222
380	380	0.002508661
380	380	0.002448696
380	380	0.002493215
380	380	0.002438356
380	380	0.002440414
380	380	0.002383001
380	380	0.002378490
380	380	0.002321601
380	380	0.002372784
380	380	0.002325043
380	380	0.002057826
380	380	0.002074791
380	380	0.002071179
380	380	0.002036690
380	380	0.002038935
380	380	0.002214905
380	380	0.002388715
380	380	0.002407229
380	380	0.002390411
380	380	0.002119187
380	380	0.002370641
380	380	0.002364914
380	380	0.002363934
380	510	0.001892196
380	510	0.001915049
380	510	0.001892529
380	510	0.001898763
380	510	0.001896027
380	510	0.001905200
380	510	0.001893538
380	510	0.001901018
380	510	0.001903387
380	510	0.001896061
380	510	0.001914659
380	510	0.002276043
380	510	0.001954980
380	510	0.002220328
380	510	0.002582471
380	510	0.003092818
380	510	0.002872840
380	510	0.003140122
380	510	0.002520771
380	510	0.002888075
380	510	0.002458251
380	510	0.002038632
380	510	0.002143187
380	510	0.002962564
380	510	0.003190135
380	510	0.003130084
380	510	0.003146621
380	510	0.003193533
380	510	0.003125781
380	510	0.003139300
380	510	0.002644244
380	510	0.002877368
380	510	0.002603338
380	510	0.003046907
380	510	0.002355034
380	510	0.002713851
380	510	0.002473724
380	510	0.002559305
380	510	0.002393745
380	510	0.002917025
380	510	0.002127486
380	510	0.002660613
380	510	0.002037698
380	510	0.002503166
380	510	0.001979781
380	510	0.002304139
380	510	0.001905480
380	510	0.002262624
380	510	0.002227716
380	510	0.002209383
380	510	0.002751689
380	510	0.002548753
380	510	0.003125936
380	510	0.003214497
380	510	0.003219975
380	510	0.003193889
380	510	0.003230569
380	510	0.003235710
380	510	0.003180658
380	510	0.003090928
380	510	0.003146289
380	510	0.003126136
380	510	0.003176544
380	510	0.003259751
380	510	0.003179826
380	510	0.003170222
380	510	0.002836455
380	510	0.003155089
380	510	0.002866196
380	510	0.003143780
380	510	0.002775927
380	510	0.003111938
380	510	0.002309370
380	510	0.002945905
380	510	0.002518549
380	510	0.002620914
380	510	0.002374468
380	510	0.002668196
380	510	0.002144091
380	510	0.001897380
380	510	0.002067344
380	510	0.002584637
380	510	0.002949818
380	510	0.003163793
380	510	0.002876680
380	510	0.003100694
380	510	0.002854194
380	510	0.003076934
380	510	0.002315524
380	510	0.002979760
380	510	0.002699309
380	510	0.002916507
380	510	0.002346171
380	510	0.003010331
380	510	0.002482391
380	510	0.002592936
380	510	0.002451559
380	510	0.002713692
380	510	0.002129063
380	510	0.002793439
380	600	0.002215899
380	600	0.002213169
380	600	0.002217637
380	600	0.002244834
380	600	0.002225525
380	600	0.002239129
380	600	0.002229058
380	600	0.002406724
380	600	0.002898753
380	600	0.002257876
380	600	0.002946302
380	600	0.003532337
380	600	0.002880988
380	600	0.003528022
380	600	0.003673882
380	600	0.002975752
380	600	0.002442969
380	600	0.002542208
380	600	0.002458157
380	600	0.002920035
380	600	0.003655985
380	600	0.003453795
380	600	0.003444408
380	600	0.003297763
380	600	0.003679943
380	600	0.003438803
380	600	0.002491260
380	600	0.003138234
380	600	0.002852603
380	600	0.003212211
380	600	0.002400718
380	600	0.002908111
380	600	0.002543628
380	600	0.003099246
380	600	0.003591498
380	600	0.003287898
380	600	0.003621818
380	600	0.002986320
380	600	0.003418775
380	600	0.002506623
380	600	0.003422004
380	600	0.003701604
380	600	0.003466128
380	600	0.003655157
380	600	0.003335075
380	600	0.003614729
380	600	0.003219301
380	600	0.003449353
380	600	0.002975351
380	600	0.002893514
380	600	0.002404676
380	600	0.002988965
380	600	0.002298802
380	600	0.002907817
380	600	0.002384191
380	600	0.002528912
380	600	0.002404945
380	600	0.002722644
380	600	0.003567164
380	600	0.003665232
380	600	0.003508180
380	600	0.003686150
380	600	0.003251961
380	600	0.003473285
380	600	0.003724003
380	600	0.003510969
380	600	0.003659820
380	600	0.003358160
380	600	0.003670688
380	600	0.003186580
380	600	0.003271786
380	600	0.003123801
380	600	0.003149876
380	600	0.002545541
380	600	0.002230350
380	600	0.002301666
380	600	0.002222768
380	600	0.002410930
380	600	0.002238881
380	600	0.002241591
380	600	0.002223754
380	600	0.002301000
380	600	0.002234841
380	600	0.002223628
380	600	0.002232369
380	600	0.002250638
380	600	0.002233221
380	600	0.002216435
380	600	0.002216432
380	600	0.002214996
380	600	0.002215399
380	600	0.002224811
380	600	0.002249353
380	600	0.002217799
380	600	0.002482336
380	600	0.002484177
380	600	0.002493394
380	600	0.002320317
380	600	0.002230810
380	600	0.002231497
510	128	0.000721681
510	128	0.000722281
510	128	0.000714754
510	128	0.000753492
510	128	0.000721232
510	128	0.000714068
510	128	0.000725479
510	128	0.000722721
510	128	0.000752613
510	128	0.000721175
510	128	0.000723695
510	128	0.000721186
510	128	0.000841877
510	128	0.000880381
510	128	0.001064528
510	128	0.001234088
510	128	0.001237976
510	128	0.001272989
510	128	0.001271053
510	128	0.001299219
510	128	0.001301359
510	128	0.001164817
510	128	0.001143281
510	128	0.001184162
510	128	0.001213708
510	128	0.001250701
510	128	0.001237605
510	128	0.001065378
510	128	0.001069414
510	128	0.001150500
510	128	0.001278465
510	128	0.001124509
510	128	0.001015032
510	128	0.001040058
510	128	0.001009687
510	128	0.001281249
510	128	0.001188816
510	128	0.001216274
510	128	0.001267705
510	128	0.001297025
510	128	0.001210130
510	128	0.001221278
510	128	0.001238277
510	128	0.001249449
510	128	0.001230016
510	128	0.001250757
510	128	0.001202228
510	128	0.001214274
510	128	0.001216831
510	128	0.001278869
510	128	0.001239963
510	128	0.001242815
510	128	0.001212401
510	128	0.001248496
510	128	0.001261506
510	128	0.001235236
510	128	0.001221804
510	128	0.001240784
510	128	0.001279426
510	128	0.001189474
510	128	0.001299692
510	128	0.001281984
510	128	0.001183929
510	128	0.001281315
510	128	0.001349206
510	128	0.001254570
510	128	0.001176337
510	128	0.001299374
510	128	0.001210146
510	128	0.001237215
510	128	0.001061211
510	128	0.001080846
510	128	0.001117822
510	128	0.001191301
510	128	0.001259752
510	128	0.001199798
510	128	0.001188648
510	128	0.001209026
510	128	0.001194260
510	128	0.001009513
510	128	0.001091248
510	128	0.001265775
510	128	0.001203950
510	128	0.001062472
510	128	0.001023127
510	128	0.001007544
510	128	0.001012484
510	128	0.001014330
510	128	0.001022687
510	128	0.001084093
510	128	0.001127759
510	128	0.001094571
510	128	0.001060756
510	128	0.001036597
510	128	0.001011183
510	128	0.001021274
510	128	0.001066135
510	128	0.001116697
510	128	0.000969737
510	128	0.000961796
510	256	0.001335840
510	256	0.001393300
510	256	0.001353063
510	256	0.001331949
510	256	0.001370554
510	256	0.001356509
510	256	0.001331597
510	256	0.001357028
510	256	0.001446616
510	256	0.001941305
510	256	0.002147884
510	256	0.002105062
510	256	0.002083808
510	256	0.002105747
510	256	0.002103993
510	256	0.001991658
510	256	0.001661681
510	256	0.001342322
510	256	0.001449541
510	256	0.001701916
510	256	0.002024622
510	256	0.002307214
510	256	0.002252151
510	256	0.002204778
510	256	0.002168614
510	256	0.002179579
510	256	0.001941238
510	256	0.001587353
510	256	0.001652172
510	256	0.001696394
510	256	0.001714617
510	256	0.001527124
510	256	0.001670985
510	256	0.001630426
510	256	0.001634440
510	256	0.001436273
510	256	0.001671004
510	256	0.001954514
510	256	0.001741424
510	256	0.001493947
510	256	0.001486823
510	256	0.001419673
510	256	0.001372406
510	256	0.001330227
510	256	0.001356945
510	256	0.001331043
510	256	0.001552603
510	256	0.001482613
510	256	0.001429340
510	256	0.001391901
510	256	0.001521018
510	256	0.001527486
510	256	0.001433244
510	256	0.001863461
510	256	0.002087973
510	256	0.001904817
510	256	0.001967828
510	256	0.002354691
510	256	0.002259553
510	256	0.002265170
510	256	0.002235493
510	256	0.002196026
510	256	0.002271155
510	256	0.002210391
510	256	0.002306686
510	256	0.002236645
510	256	0.002227655
510	256	0.002209431
510	256	0.002102600
510	256	0.002227114
510	256	0.002177715
510	256	0.002273376
510	256	0.002271033
510	256	0.002289913
510	256	0.002250569
510	256	0.002273464
510	256	0.002308337
510	256	0.002214960
510	256	0.002244626
510	256	0.002243936
510	256	0.002255581
510	256	0.002292857
510	256	0.002279806
510	256	0.002240804
510	256	0.002226279
510	256	0.002204287
510	256	0.002263818
510	256	0.002305961
510	256	0.002324601
510	256	0.002217763
510	256	0.002317518
510	256	0.002254967
510	256	0.002258943
510	256	0.002236287
510	256	0.002252405
510	256	0.002291580
510	256	0.002201574
510	256	0.002219060
510	256	0.002326727
510	256	0.002134465
510	380	0.001924757
510	380	0.001918596
510	380	0.001931181
510	380	0.001928348
510	380	0.001921249
510	380	0.001933295
510	380	0.001929956
510	380	0.001923140
510	380	0.001941970
510	380	0.001949635
510	380	0.001914760
510	380	0.001920043
510	380	0.001936781
510	380	0.001919426
510	380	0.001917747
510	380	0.001978619
510	380	0.002232625
510	380	0.002014822
510	380	0.002250595
510	380	0.001948751
510	380	0.002311243
510	380	0.001916304
510	380	0.002203070
510	380	0.001979766
510	380	0.002313141
510	380	0.002735624
510	380	0.002150322
510	380	0.002687918
510	380	0.002118071
510	380	0.001916849
510	380	0.001984511
510	380	0.002537016
510	380	0.002017194
510	380	0.002361736
510	380	0.002007695
510	380	0.002299314
510	380	0.002358310
510	380	0.002324975
510	380	0.002189437
510	380	0.002708566
510	380	0.002601369
510	380	0.003081228
510	380	0.002763212
510	380	0.003075150
510	380	0.003177670
510	380	0.003168233
510	380	0.003234087
510	380	0.003163657
510	380	0.003300164
510	380	0.003199124
510	380	0.003173530
510	380	0.002759624
510	380	0.003228703
510	380	0.002796531
510	380	0.003101880
510	380	0.002849451
510	380	0.003116847
510	380	0.002370724
510	380	0.002805663
510	380	0.002561802
510	380	0.002915087
510	380	0.003116026
510	380	0.002880115
510	380	0.003118724
510	380	0.002456171
510	380	0.002998590
510	380	0.002632068
510	380	0.002942577
510	380	0.002239982
510	380	0.003065776
510	380	0.003181150
510	380	0.003178725
510	380	0.003204570
510	380	0.003190791
510	380	0.002939984
510	380	0.002388601
510	380	0.002858939
510	380	0.003224443
510	380	0.002856615
510	380	0.003171974
510	380	0.002645913
510	380	0.003182024
510	380	0.002750504
510	380	0.003161354
510	380	0.002577454
510	380	0.002965832
510	380	0.002511366
510	380	0.002770235
510	380	0.002077514
510	380	0.002705077
510	380	0.003109955
510	380	0.003219037
510	380	0.003013292
510	380	0.003172527
510	380	0.002916732
510	380	0.003131575
510	380	0.002641139
510	380	0.002158412
510	380	0.002233238
510	380	0.002105745
510	510	0.002544436
510	510	0.002543262
510	510	0.002545261
510	510	0.002559304
510	510	0.002539478
510	510	0.002547924
510	510	0.002545405
510	510	0.002547831
510	510	0.002572557
510	510	0.002541399
510	510	0.002551897
510	510	0.002754113
510	510	0.003288735
510	510	0.003943453
510	510	0.003158657
510	510	0.003710931
510	510	0.003151665
510	510	0.003531513
510	510	0.002968952
510	510	0.003176330
510	510	0.002796118
510	510	0.003034104
510	510	0.002596279
510	510	0.002845862
510	510	0.002590746
510	510	0.002541454
510	510	0.002600325
510	510	0.003132768
510	510	0.002557544
510	510	0.002928627
510	510	0.002567044
510	510	0.002642266
510	510	0.002590128
510	510	0.002668864
510	510	0.002586639
510	510	0.002972135
510	510	0.003967662
510	510	0.003453203
510	510	0.003993167
510	510	0.003287719
510	510	0.003747056
510	510	0.002896062
510	510	0.003299897
510	510	0.002968953
510	510	0.002947898
510	510	0.002757913
510	510	0.003002044
510	510	0.002714263
510	510	0.003331406
510	510	0.003594432
510	510	0.004067183
510	510	0.003483435
510	510	0.003931756
510	510	0.003272365
510	510	0.003616741
510	510	0.003038593
510	510	0.003485147
510	510	0.002749049
510	510	0.003679463
510	510	0.004092830
510	510	0.003447836
510	510	0.004157706
510	510	0.003098298
510	510	0.003747159
510	510	0.002888980
510	510	0.003513389
510	510	0.002959538
510	510	0.003154880
510	510	0.002818040
510	510	0.002966893
510	510	0.002736020
510	510	0.002746951
510	510	0.002562369
510	510	0.002871893
510	510	0.003358127
510	510	0.003181091
510	510	0.003209571
510	510	0.002817476
510	510	0.002545198
510	510	0.002555300
510	510	0.002539228
510	510	0.002781933
510	510	0.003396558
510	510	0.002908661
510	510	0.003130672
510	510	0.002577969
510	510	0.003247079
510	510	0.003913512
510	510	0.002928763
510	510	0.002552366
510	510	0.002561226
510	510	0.002545474
510	510	0.002599271
510	510	0.002570352
510	510	0.002686994
510	510	0.002540367
510	510	0.002728908
510	510	0.002553823
510	510	0.002613293
510	510	0.002549260
510	600	0.002981109
510	600	0.003005517
510	600	0.002985684
510	600	0.002984761
510	600	0.002991870
510	600	0.002979997
510	600	0.002966308
510	600	0.002991692
510	600	0.002993242
510	600	0.003145626
510	600	0.003873128
510	600	0.003244691
510	600	0.003734030
510	600	0.003079648
510	600	0.003268480
510	600	0.003041529
510	600	0.003085572
510	600	0.003023405
510	600	0.003077269
510	600	0.003711191
510	600	0.002970071
510	600	0.003356032
510	600	0.003038678
510	600	0.003137085
510	600	0.002986643
510	600	0.003811916
510	600	0.004711451
510	600	0.004108057
510	600	0.004690171
510	600	0.003640289
510	600	0.004450961
510	600	0.003487012
510	600	0.004011656
510	600	0.003362053
510	600	0.003810526
510	600	0.003100988
510	600	0.003563081
510	600	0.003029625
510	600	0.003224507
510	600	0.003039523
510	600	0.003331608
510	600	0.003005355
510	600	0.003598900
510	600	0.003884869
510	600	0.003633378
510	600	0.004182892
510	600	0.003057213
510	600	0.003812048
510	600	0.003048412
510	600	0.003565647
510	600	0.003080217
510	600	0.003445634
510	600	0.003032457
510	600	0.003258558
510	600	0.003003236
510	600	0.003183306
510	600	0.002974680
510	600	0.003422297
510	600	0.002970897
510	600	0.002982119
510	600	0.002985682
510	600	0.003148266
510	600	0.002990264
510	600	0.002993839
510	600	0.003025748
510	600	0.003029736
510	600	0.002973284
510	600	0.002999912
510	600	0.002997812
510	600	0.002991899
510	600	0.002991582
510	600	0.003006564
510	600	0.002977618
510	600	0.002981694
510	600	0.002988660
510	600	0.002988601
510	600	0.002975369
510	600	0.003135003
510	600	0.003004650
510	600	0.003099887
510	600	0.002980504
510	600	0.003051066
510	600	0.002979809
510	600	0.003180999
510	600	0.002973192
510	600	0.003010710
510	600	0.002974139
510	600	0.003456985
510	600	0.004148263
510	600	0.003253699
510	600	0.003798456
510	600	0.003038290
510	600	0.003563632
510	600	0.003047922
510	600	0.003355427
510	600	0.002981880
510	600	0.003166197
510	600	0.002981382
510	600	0.003060379
510	600	0.003007684
600	128	0.000849355
600	128	0.000848016
600	128	0.000863604
600	128	0.000840192
600	128	0.000847650
600	128	0.000852026
600	128	0.000875564
600	128	0.000878874
600	128	0.000846969
600	128	0.000890035
600	128	0.000871295
600	128	0.000968981
600	128	0.001139322
600	128	0.001420837
600	128	0.001482308
600	128	0.001454718
600	128	0.001488912
600	128	0.001453486
600	128	0.001482884
600	128	0.001479290
600	128	0.001469968
600	128	0.001449486
600	128	0.001497973
600	128	0.001466051
600	128	0.001450539
600	128	0.001487464
600	128	0.001492973
600	128	0.001442420
600	128	0.001476666
600	128	0.001450561
600	128	0.001397844
600	128	0.001454501
600	128	0.001507521
600	128	0.001435056
600	128	0.001278782
600	128	0.001319270
600	128	0.001333684
600	128	0.001080690
600	128	0.001133605
600	128	0.001220378
600	128	0.001186256
600	128	0.001284300
600	128	0.001401625
600	128	0.001369145
600	128	0.001410105
600	128	0.001476062
600	128	0.001473923
600	128	0.001460292
600	128	0.001423961
600	128	0.001498909
600	128	0.001468562
600	128	0.001502421
600	128	0.001424668
600	128	0.001477057
600	128	0.001460409
600	128	0.001433105
600	128	0.001470294
600	128	0.001508091
600	128	0.001460745
600	128	0.001439728
600	128	0.001396468
600	128	0.001462182
600	128	0.001475428
600	128	0.001486877
600	128	0.001420800
600	128	0.001462439
600	128	0.001388782
600	128	0.001490962
600	128	0.001491801
600	128	0.001394457
600	128	0.001481292
600	128	0.001500664
600	128	0.001454287
600	128	0.001317923
600	128	0.001428468
600	128	0.001453449
600	128	0.001401153
600	128	0.001474429
600	128	0.001473789
600	128	0.001472358
600	128	0.001534111
600	128	0.001505277
600	128	0.001501341
600	128	0.001410127
600	128	0.001486726
600	128	0.001439203
600	128	0.001482702
600	128	0.001476477
600	128	0.001453554
600	128	0.001509334
600	128	0.001400202
600	128	0.001453451
600	128	0.001508776
600	128	0.001461180
600	128	0.001415773
600	128	0.001470066
600	128	0.001467626
600	128	0.001474060
600	128	0.001504675
600	128	0.001450458
600	256	0.001614255
600	256	0.001607302
600	256	0.001589628
600	256	0.001575527
600	256	0.001561926
600	256	0.001605351
600	256	0.001634655
600	256	0.001571653
600	256	0.001602064
600	256	0.001562835
600	256	0.001566182
600	256	0.001773519
600	256	0.001596402
600	256	0.001704139
600	256	0.001675982
600	256	0.001628288
600	256	0.001571456
600	256	0.001598483
600	256	0.001567534
600	256	0.001610490
600	256	0.001626833
600	256	0.001602938
600	256	0.001565422
600	256	0.001605206
600	256	0.001580871
600	256	0.001576625
600	256	0.001589823
600	256	0.001559943
600	256	0.001598911
600	256	0.001587470
600	256	0.001574400
600	256	0.001701839
600	256	0.001736144
600	256	0.001683338
600	256	0.001894313
600	256	0.001762613
600	256	0.001994020
600	256	0.001702106
600	256	0.001699559
600	256	0.001823290
600	256	0.001793554
600	256	0.001646974
600	256	0.001909725
600	256	0.001644252
600	256	0.001717488
600	256	0.002151651
600	256	0.001968469
600	256	0.002120509
600	256	0.002571797
600	256	0.002388836
600	256	0.002499670
600	256	0.002266205
600	256	0.002434400
600	256	0.002122740
600	256	0.002317253
600	256	0.002008143
600	256	0.002519257
600	256	0.001954677
600	256	0.002434764
600	256	0.001927748
600	256	0.002355473
600	256	0.002635989
600	256	0.002462498
600	256	0.002693016
600	256	0.002393123
600	256	0.002573571
600	256	0.002101230
600	256	0.002570331
600	256	0.002192969
600	256	0.002391002
600	256	0.002148053
600	256	0.002338403
600	256	0.002111630
600	256	0.002149370
600	256	0.002096814
600	256	0.002060224
600	256	0.001908216
600	256	0.002040269
600	256	0.001753560
600	256	0.002116513
600	256	0.002590841
600	256	0.002140487
600	256	0.002418585
600	256	0.002103565
600	256	0.002391554
600	256	0.002660607
600	256	0.002586494
600	256	0.002702092
600	256	0.002702822
600	256	0.002595756
600	256	0.002691593
600	256	0.002492255
600	256	0.002433326
600	256	0.002606712
600	256	0.002524007
600	256	0.002779459
600	256	0.002294623
600	256	0.001757190
600	256	0.002128230
600	256	0.002663244
600	380	0.002273845
600	380	0.002265592
600	380	0.002257062
600	380	0.002254844
600	380	0.002258724
600	380	0.002587047
600	380	0.003033126
600	380	0.002544435
600	380	0.002925880
600	380	0.002665319
600	380	0.003157537
600	380	0.003798446
600	380	0.003761471
600	380	0.003822520
600	380	0.003281291
600	380	0.003851345
600	380	0.003794087
600	380	0.003801785
600	380	0.003823483
600	380	0.003602445
600	380	0.003717951
600	380	0.003516226
600	380	0.003441311
600	380	0.003779791
600	380	0.003033143
600	380	0.003738426
600	380	0.003657251
600	380	0.003734002
600	380	0.003859952
600	380	0.003237494
600	380	0.002553205
600	380	0.002781086
600	380	0.002532395
600	380	0.002591763
600	380	0.002332249
600	380	0.002730424
600	380	0.002350736
600	380	0.002646850
600	380	0.003375929
600	380	0.002796290
600	380	0.003435816
600	380	0.003798471
600	380	0.003441096
600	380	0.003668397
600	380	0.003242969
600	380	0.003649466
600	380	0.002863086
600	380	0.002256269
600	380	0.002678123
600	380	0.003428019
600	380	0.002527043
600	380	0.002282552
600	380	0.002428745
600	380	0.002275550
600	380	0.002486440
600	380	0.003399833
600	380	0.003433829
600	380	0.003252406
600	380	0.003330879
600	380	0.002910020
600	380	0.003067203
600	380	0.003086928
600	380	0.002641147
600	380	0.002656852
600	380	0.002780970
600	380	0.003373277
600	380	0.003199509
600	380	0.003445223
600	380	0.002900333
600	380	0.002278166
600	380	0.002669729
600	380	0.002859391
600	380	0.002909732
600	380	0.002502411
600	380	0.002433005
600	380	0.002350905
600	380	0.002464250
600	380	0.002892543
600	380	0.002579080
600	380	0.003103874
600	380	0.003636567
600	380	0.003198002
600	380	0.003856697
600	380	0.003776108
600	380	0.003602131
600	380	0.003756766
600	380	0.003315627
600	380	0.003658359
600	380	0.003293445
600	380	0.003513064
600	380	0.003232090
600	380	0.003360292
600	380	0.002798718
600	380	0.003343716
600	380	0.003663439
600	380	0.003216086
600	380	0.003696713
600	380	0.002926376
600	380	0.003342280
600	380	0.002444886
600	510	0.002990034
600	510	0.002995353
600	510	0.002983217
600	510	0.002992044
600	510	0.003942574
600	510	0.004327014
600	510	0.003860069
600	510	0.004926411
600	510	0.004056395
600	510	0.003065544
600	510	0.003616193
600	510	0.003089811
600	510	0.003641238
600	510	0.002998633
600	510	0.003433957
600	510	0.003069292
600	510	0.003154301
600	510	0.003023449
600	510	0.003298915
600	510	0.003019968
600	510	0.003057169
600	510	0.003026187
600	510	0.003275822
600	510	0.003018161
600	510	0.002983019
600	510	0.002987753
600	510	0.003393404
600	510	0.002985278
600	510	0.003052975
600	510	0.002994120
600	510	0.003154330
600	510	0.002998148
600	510	0.002994799
600	510	0.003016447
600	510	0.003334823
600	510	0.003019224
600	510	0.003818520
600	510	0.004616441
600	510	0.003683330
600	510	0.004317870
600	510	0.003393917
600	510	0.003825330
600	510	0.003286280
600	510	0.003423158
600	510	0.003216577
600	510	0.003332835
600	510	0.003005320
600	510	0.003009316
600	510	0.003145776
600	510	0.003738843
600	510	0.003132042
600	510	0.003498537
600	510	0.003077818
600	510	0.003938336
600	510	0.004557445
600	510	0.004919566
600	510	0.004370151
600	510	0.004729210
600	510	0.004048189
600	510	0.004660611
600	510	0.003640266
600	510	0.004202074
600	510	0.003449116
600	510	0.003477538
600	510	0.003024378
600	510	0.003069745
600	510	0.002986753
600	510	0.003415227
600	510	0.002983538
600	510	0.003082120
600	510	0.002996990
600	510	0.003575339
600	510	0.004340721
600	510	0.003251338
600	510	0.002991653
600	510	0.003094682
600	510	0.002992645
600	510	0.002989290
600	510	0.002995435
600	510	0.003095734
600	510	0.002981266
600	510	0.002988114
600	510	0.003001943
600	510	0.003080609
600	510	0.002982146
600	510	0.003100921
600	510	0.002991667
600	510	0.002997420
600	510	0.003002874
600	510	0.003081336
600	510	0.002981367
600	510	0.003013079
600	510	0.002991293
600	510	0.003028424
600	510	0.002984178
600	510	0.003329075
600	510	0.003016072
600	510	0.003536822
600	510	0.002992985
600	510	0.003175883
600	600	0.003490646
600	600	0.003511649
600	600	0.003907334
600	600	0.005519462
600	600	0.005946108
600	600	0.005422626
600	600	0.005737729
600	600	0.004906109
600	600	0.005139546
600	600	0.004443836
600	600	0.004261895
600	600	0.003742119
600	600	0.004330695
600	600	0.003699939
600	600	0.003951280
600	600	0.003616095
600	600	0.004654558
600	600	0.004652261
600	600	0.004647685
600	600	0.005189556
600	600	0.004136212
600	600	0.004960069
600	600	0.003666087
600	600	0.005429403
600	600	0.005825776
600	600	0.005661838
600	600	0.005127663
600	600	0.005306417
600	600	0.005666902
600	600	0.004736246
600	600	0.005291553
600	600	0.004110583
600	600	0.004858957
600	600	0.003891187
600	600	0.004461726
600	600	0.005403406
600	600	0.003996157
600	600	0.004898794
600	600	0.003772238
600	600	0.004370949
600	600	0.003649046
600	600	0.005029150
600	600	0.005455462
600	600	0.005570835
600	600	0.003896555
600	600	0.003506353
600	600	0.003806464
600	600	0.003500649
600	600	0.004105803
600	600	0.003496082
600	600	0.003865993
600	600	0.004535174
600	600	0.003744783
600	600	0.004327070
600	600	0.003538638
600	600	0.003524820
600	600	0.003730035
600	600	0.005304886
600	600	0.004672178
600	600	0.004588234
600	600	0.004169127
600	600	0.004326620
600	600	0.003861575
600	600	0.003563547
600	600	0.003490436
600	600	0.003530056
600	600	0.003518147
600	600	0.003512434
600	600	0.003523941
600	600	0.004138277
600	600	0.005032856
600	600	0.003594358
600	600	0.003488478
600	600	0.003620770
600	600	0.003531315
600	600	0.003635603
600	600	0.003507492
600	600	0.003720849
600	600	0.003509730
600	600	0.003499137
600	600	0.003523513
600	600	0.003496931
600	600	0.003501495
600	600	0.003518222
600	600	0.003522235
600	600	0.003490956
600	600	0.003493798
600	600	0.003502617
600	600	0.003491735
600	600	0.003524922
600	600	0.003515095
600	600	0.003504599
600	600	0.003870750
600	600	0.004699484
600	600	0.003704695
600	600	0.004243830
600	600	0.003655927
600	600	0.004038451
600	600	0.003583794
600	600	0.003770852
