120	128	0.000021874
120	128	0.000022041
120	128	0.000022033
120	128	0.000022009
120	128	0.000022043
120	128	0.000022057
120	128	0.000023215
120	128	0.000022066
120	128	0.000022085
120	128	0.000027741
120	128	0.000021873
120	128	0.000023099
120	128	0.000023155
120	128	0.000021999
120	128	0.000022152
120	128	0.000025057
120	128	0.000023253
120	128	0.000021970
120	128	0.000022902
120	128	0.000021893
120	128	0.000021893
120	128	0.000022118
120	128	0.000023185
120	128	0.000022164
120	128	0.000021904
120	128	0.000021955
120	128	0.000022835
120	128	0.000022045
120	128	0.000022303
120	128	0.000021949
120	128	0.000022105
120	128	0.000021917
120	128	0.000021872
120	128	0.000021943
120	128	0.000022847
120	128	0.000023915
120	128	0.000022668
120	128	0.000023132
120	128	0.000024147
120	128	0.000022580
120	128	0.000027078
120	128	0.000025671
120	128	0.000023169
120	128	0.000021964
120	128	0.000022054
120	128	0.000023730
120	128	0.000023138
120	128	0.000022044
120	128	0.000026356
120	128	0.000026789
120	128	0.000022071
120	128	0.000021977
120	128	0.000021959
120	128	0.000022108
120	128	0.000021928
120	128	0.000023086
120	128	0.000023053
120	128	0.000022344
120	128	0.000022128
120	128	0.000021955
120	128	0.000022241
120	128	0.000021927
120	128	0.000022077
120	128	0.000021946
120	128	0.000021996
120	128	0.000028116
120	128	0.000022028
120	128	0.000022054
120	128	0.000022145
120	128	0.000022186
120	128	0.000023357
120	128	0.000021923
120	128	0.000023137
120	128	0.000021915
120	128	0.000023136
120	128	0.000022026
120	128	0.000022032
120	128	0.000022944
120	128	0.000021978
120	128	0.000028097
120	128	0.000021980
120	128	0.000021919
120	128	0.000023272
120	128	0.000022048
120	128	0.000022090
120	128	0.000022016
120	128	0.000023086
120	128	0.000028960
120	128	0.000022977
120	128	0.000023184
120	128	0.000021845
120	128	0.000022094
120	128	0.000022025
120	128	0.000022094
120	128	0.000022059
120	128	0.000023048
120	128	0.000022218
120	128	0.000022155
120	128	0.000022100
120	128	0.000023115
120	256	0.000062889
120	256	0.000062971
120	256	0.000069187
120	256	0.000062959
120	256	0.000071140
120	256	0.000069153
120	256	0.000062883
120	256	0.000069194
120	256	0.000062751
120	256	0.000063042
120	256	0.000061757
120	256	0.000069473
120	256	0.000071513
120	256	0.000061711
120	256	0.000071287
120	256	0.000061437
120	256	0.000065552
120	256	0.000062311
120	256	0.000057189
120	256	0.000069073
120	256	0.000073422
120	256	0.000069385
120	256	0.000061708
120	256	0.000061581
120	256	0.000062808
120	256	0.000069531
120	256	0.000069128
120	256	0.000069683
120	256	0.000069594
120	256	0.000061727
120	256	0.000069175
120	256	0.000061792
120	256	0.000069089
120	256	0.000063244
120	256	0.000063025
120	256	0.000065192
120	256	0.000072267
120	256	0.000064951
120	256	0.000063830
120	256	0.000068433
120	256	0.000069501
120	256	0.000061507
120	256	0.000063020
120	256	0.000069607
120	256	0.000062021
120	256	0.000069478
120	256	0.000065309
120	256	0.000065383
120	256	0.000072409
120	256	0.000075914
120	256	0.000067084
120	256	0.000072295
120	256	0.000075287
120	256	0.000084322
120	256	0.000075470
120	256	0.000076533
120	256	0.000084622
120	256	0.000078305
120	256	0.000080131
120	256	0.000080121
120	256	0.000078335
120	256	0.000102114
120	256	0.000102415
120	256	0.000106159
120	256	0.000102813
120	256	0.000091475
120	256	0.000102241
120	256	0.000090483
120	256	0.000121606
120	256	0.000121743
120	256	0.000109833
120	256	0.000126079
120	256	0.000107891
120	256	0.000105173
120	256	0.000107485
120	256	0.000107323
120	256	0.000110240
120	256	0.000124471
120	256	0.000125115
120	256	0.000109846
120	256	0.000121113
120	256	0.000132652
120	256	0.000204554
120	256	0.000110312
120	256	0.000107421
120	256	0.000107742
120	256	0.000110469
120	256	0.000120909
120	256	0.000120606
120	256	0.000107366
120	256	0.000110971
120	256	0.000124598
120	256	0.000110558
120	256	0.000122038
120	256	0.000111123
120	256	0.000110122
120	256	0.000121196
120	256	0.000124631
120	256	0.000124328
120	256	0.000121429
120	380	0.000076239
120	380	0.000076326
120	380	0.000075812
120	380	0.000077617
120	380	0.000077914
120	380	0.000077615
120	380	0.000069474
120	380	0.000069643
120	380	0.000077773
120	380	0.000077827
120	380	0.000069507
120	380	0.000077908
120	380	0.000069819
120	380	0.000076024
120	380	0.000069488
120	380	0.000077906
120	380	0.000075965
120	380	0.000069257
120	380	0.000068291
120	380	0.000078565
120	380	0.000076427
120	380	0.000069882
120	380	0.000069616
120	380	0.000088902
120	380	0.000068127
120	380	0.000076424
120	380	0.000078619
120	380	0.000076240
120	380	0.000076523
120	380	0.000078044
120	380	0.000070075
120	380	0.000068252
120	380	0.000070296
120	380	0.000078124
120	380	0.000067837
120	380	0.000076030
120	380	0.000076025
120	380	0.000076699
120	380	0.000068669
120	380	0.000069546
120	380	0.000068306
120	380	0.000068131
120	380	0.000077864
120	380	0.000068400
120	380	0.000068187
120	380	0.000067903
120	380	0.000069406
120	380	0.000077985
120	380	0.000068659
120	380	0.000075992
120	380	0.000069567
120	380	0.000075987
120	380	0.000076454
120	380	0.000069890
120	380	0.000137886
120	380	0.000076382
120	380	0.000077834
120	380	0.000076557
120	380	0.000068367
120	380	0.000077589
120	380	0.000070176
120	380	0.000076396
120	380	0.000070974
120	380	0.000076495
120	380	0.000075919
120	380	0.000080962
120	380	0.000070180
120	380	0.000080372
120	380	0.000068364
120	380	0.000076002
120	380	0.000068658
120	380	0.000075692
120	380	0.000068097
120	380	0.000077620
120	380	0.000069825
120	380	0.000068797
120	380	0.000076098
120	380	0.000076270
120	380	0.000069042
120	380	0.000068943
120	380	0.000075974
120	380	0.000075864
120	380	0.000078199
120	380	0.000075900
120	380	0.000077802
120	380	0.000075993
120	380	0.000075995
120	380	0.000076275
120	380	0.000076039
120	380	0.000068476
120	380	0.000068137
120	380	0.000075842
120	380	0.000069814
120	380	0.000068467
120	380	0.000068460
120	380	0.000076747
120	380	0.000068205
120	380	0.000075810
120	380	0.000075991
120	380	0.000076125
120	510	0.000084171
120	510	0.000084212
120	510	0.000084223
120	510	0.000092138
120	510	0.000092146
120	510	0.000084339
120	510	0.000092673
120	510	0.000090455
120	510	0.000083287
120	510	0.000092243
120	510	0.000084186
120	510	0.000090538
120	510	0.000092239
120	510	0.000090700
120	510	0.000084215
120	510	0.000084334
120	510	0.000090645
120	510	0.000090842
120	510	0.000092128
120	510	0.000084104
120	510	0.000092106
120	510	0.000083043
120	510	0.000090597
120	510	0.000091010
120	510	0.000110142
120	510	0.000102557
120	510	0.000110283
120	510	0.000110478
120	510	0.000100787
120	510	0.000102607
120	510	0.000101494
120	510	0.000112461
120	510	0.000118174
120	510	0.000117868
120	510	0.000133864
120	510	0.000126643
120	510	0.000158746
120	510	0.000161622
120	510	0.000147321
120	510	0.000158596
120	510	0.000147329
120	510	0.000144876
120	510	0.000161224
120	510	0.000159203
120	510	0.000161546
120	510	0.000147405
120	510	0.000161187
120	510	0.000147280
120	510	0.000156999
120	510	0.000164144
120	510	0.000154082
120	510	0.000157745
120	510	0.000231865
120	510	0.000168981
120	510	0.000162299
120	510	0.000173672
120	510	0.000171556
120	510	0.000158385
120	510	0.000148815
120	510	0.000166084
120	510	0.000163713
120	510	0.000159244
120	510	0.000158913
120	510	0.000158412
120	510	0.000166883
120	510	0.000147161
120	510	0.000158513
120	510	0.000147434
120	510	0.000149286
120	510	0.000145231
120	510	0.000161321
120	510	0.000144953
120	510	0.000158548
120	510	0.000161262
120	510	0.000145133
120	510	0.000158311
120	510	0.000138559
120	510	0.000158147
120	510	0.000158393
120	510	0.000147837
120	510	0.000147310
120	510	0.000147164
120	510	0.000161340
120	510	0.000158722
120	510	0.000158472
120	510	0.000144898
120	510	0.000158263
120	510	0.000144524
120	510	0.000145306
120	510	0.000145309
120	510	0.000161709
120	510	0.000158348
120	510	0.000158385
120	510	0.000147875
120	510	0.000144831
120	510	0.000144578
120	510	0.000147155
120	510	0.000158461
120	510	0.000147917
120	510	0.000160025
120	600	0.000110768
120	600	0.000109513
120	600	0.000115914
120	600	0.000109394
120	600	0.000117356
120	600	0.000109354
120	600	0.000109835
120	600	0.000116406
120	600	0.000118922
120	600	0.000118918
120	600	0.000123662
120	600	0.000117472
120	600	0.000125102
120	600	0.000117609
120	600	0.000119436
120	600	0.000117125
120	600	0.000119119
120	600	0.000117567
120	600	0.000117710
120	600	0.000109659
120	600	0.000121160
120	600	0.000110732
120	600	0.000109988
120	600	0.000109657
120	600	0.000118979
120	600	0.000119030
120	600	0.000118997
120	600	0.000119211
120	600	0.000117416
120	600	0.000110244
120	600	0.000118933
120	600	0.000117388
120	600	0.000117765
120	600	0.000121048
120	600	0.000117716
120	600	0.000119150
120	600	0.000119273
120	600	0.000117331
120	600	0.000109616
120	600	0.000119174
120	600	0.000133700
120	600	0.000128431
120	600	0.000136781
120	600	0.000144534
120	600	0.000137223
120	600	0.000142285
120	600	0.000175619
120	600	0.000145089
120	600	0.000143023
120	600	0.000143393
120	600	0.000167042
120	600	0.000164400
120	600	0.000166785
120	600	0.000175268
120	600	0.000161611
120	600	0.000173249
120	600	0.000173540
120	600	0.000172704
120	600	0.000164509
120	600	0.000167073
120	600	0.000195762
120	600	0.000193058
120	600	0.000196269
120	600	0.000193074
120	600	0.000191931
120	600	0.000208438
120	600	0.000211649
120	600	0.000194336
120	600	0.000205920
120	600	0.000180599
120	600	0.000194120
120	600	0.000191728
120	600	0.000191701
120	600	0.000205100
120	600	0.000208168
120	600	0.000205272
120	600	0.000205561
120	600	0.000191785
120	600	0.000203410
120	600	0.000205859
120	600	0.000205949
120	600	0.000195713
120	600	0.000205457
120	600	0.000193448
120	600	0.000182101
120	600	0.000194371
120	600	0.000205416
120	600	0.000196070
120	600	0.000191746
120	600	0.000192356
120	600	0.000193082
120	600	0.000208503
120	600	0.000192096
120	600	0.000205596
120	600	0.000200785
120	600	0.000217869
120	600	0.000207650
120	600	0.000180981
120	600	0.000216067
120	600	0.000191723
250	128	0.000047669
250	128	0.000045181
250	128	0.000045454
250	128	0.000045393
250	128	0.000045241
250	128	0.000047751
250	128	0.000045105
250	128	0.000047500
250	128	0.000045659
250	128	0.000045067
250	128	0.000047785
250	128	0.000047681
250	128	0.000047786
250	128	0.000045181
250	128	0.000047297
250	128	0.000045738
250	128	0.000045397
250	128	0.000045291
250	128	0.000045650
250	128	0.000046812
250	128	0.000045233
250	128	0.000047857
250	128	0.000045602
250	128	0.000047674
250	128	0.000045150
250	128	0.000045365
250	128	0.000047779
250	128	0.000045371
250	128	0.000045287
250	128	0.000047825
250	128	0.000045679
250	128	0.000047795
250	128	0.000045352
250	128	0.000045407
250	128	0.000045765
250	128	0.000045390
250	128	0.000058525
250	128	0.000045624
250	128	0.000045303
250	128	0.000047666
250	128	0.000045421
250	128	0.000047669
250	128	0.000045927
250	128	0.000045483
250	128	0.000047849
250	128	0.000045337
250	128	0.000045454
250	128	0.000055707
250	128	0.000052990
250	128	0.000052896
250	128	0.000045376
250	128	0.000045466
250	128	0.000045572
250	128	0.000047626
250	128	0.000045636
250	128	0.000047696
250	128	0.000054210
250	128	0.000045375
250	128	0.000047920
250	128	0.000045130
250	128	0.000045797
250	128	0.000047897
250	128	0.000045196
250	128	0.000047698
250	128	0.000049983
250	128	0.000045310
250	128	0.000045429
250	128	0.000045460
250	128	0.000049693
250	128	0.000045416
250	128	0.000049636
250	128	0.000045524
250	128	0.000050462
250	128	0.000045426
250	128	0.000072530
250	128	0.000047814
250	128	0.000045332
250	128	0.000047847
250	128	0.000047786
250	128	0.000045445
250	128	0.000045297
250	128	0.000056091
250	128	0.000045297
250	128	0.000045628
250	128	0.000045063
250	128	0.000057980
250	128	0.000045271
250	128	0.000045460
250	128	0.000045254
250	128	0.000045457
250	128	0.000045075
250	128	0.000049953
250	128	0.000047720
250	128	0.000045273
250	128	0.000045646
250	128	0.000051870
250	128	0.000045491
250	128	0.000047602
250	128	0.000045401
250	128	0.000045253
250	256	0.000130494
250	256	0.000148485
250	256	0.000147421
250	256	0.000143680
250	256	0.000128103
250	256	0.000143589
250	256	0.000129587
250	256	0.000130283
250	256	0.000127542
250	256	0.000127729
250	256	0.000143647
250	256	0.000130969
250	256	0.000140012
250	256	0.000143615
250	256	0.000127395
250	256	0.000128151
250	256	0.000130361
250	256	0.000088855
250	256	0.000147443
250	256	0.000127445
250	256	0.000144189
250	256	0.000128596
250	256	0.000127654
250	256	0.000130543
250	256	0.000130485
250	256	0.000141407
250	256	0.000144176
250	256	0.000130551
250	256	0.000148335
250	256	0.000130057
250	256	0.000147606
250	256	0.000128209
250	256	0.000147474
250	256	0.000143799
250	256	0.000143723
250	256	0.000142347
250	256	0.000133332
250	256	0.000153148
250	256	0.000152773
250	256	0.000149658
250	256	0.000135546
250	256	0.000135024
250	256	0.000149586
250	256	0.000149681
250	256	0.000149286
250	256	0.000161083
250	256	0.000141779
250	256	0.000161308
250	256	0.000146430
250	256	0.000161007
250	256	0.000162660
250	256	0.000183040
250	256	0.000162752
250	256	0.000183019
250	256	0.000188643
250	256	0.000183072
250	256	0.000183759
250	256	0.000165989
250	256	0.000184017
250	256	0.000169903
250	256	0.000162541
250	256	0.000178213
250	256	0.000202500
250	256	0.000182358
250	256	0.000216886
250	256	0.000207771
250	256	0.000223249
250	256	0.000189753
250	256	0.000230051
250	256	0.000221410
250	256	0.000219359
250	256	0.000209870
250	256	0.000157892
250	256	0.000251393
250	256	0.000210897
250	256	0.000228012
250	256	0.000224528
250	256	0.000224437
250	256	0.000222910
250	256	0.000178204
250	256	0.000228608
250	256	0.000162808
250	256	0.000229177
250	256	0.000260514
250	256	0.000228576
250	256	0.000229107
250	256	0.000229082
250	256	0.000214867
250	256	0.000251868
250	256	0.000259091
250	256	0.000222975
250	256	0.000248228
250	256	0.000251558
250	256	0.000224813
250	256	0.000250915
250	256	0.000231806
250	256	0.000248766
250	256	0.000233067
250	256	0.000228597
250	256	0.000214671
250	380	0.000144506
250	380	0.000161339
250	380	0.000141395
250	380	0.000156153
250	380	0.000162129
250	380	0.000144971
250	380	0.000156049
250	380	0.000144663
250	380	0.000144437
250	380	0.000161553
250	380	0.000144660
250	380	0.000141572
250	380	0.000141875
250	380	0.000157543
250	380	0.000157986
250	380	0.000144810
250	380	0.000142205
250	380	0.000161397
250	380	0.000144362
250	380	0.000143238
250	380	0.000160436
250	380	0.000141606
250	380	0.000158709
250	380	0.000148477
250	380	0.000158425
250	380	0.000158443
250	380	0.000162157
250	380	0.000157794
250	380	0.000157762
250	380	0.000161117
250	380	0.000149441
250	380	0.000167764
250	380	0.000163628
250	380	0.000163851
250	380	0.000164293
250	380	0.000149742
250	380	0.000163525
250	380	0.000168492
250	380	0.000149673
250	380	0.000168677
250	380	0.000168692
250	380	0.000168644
250	380	0.000184656
250	380	0.000183648
250	380	0.000192476
250	380	0.000256521
250	380	0.000198367
250	380	0.000245143
250	380	0.000233822
250	380	0.000237364
250	380	0.000212890
250	380	0.000232924
250	380	0.000232071
250	380	0.000239453
250	380	0.000245330
250	380	0.000250959
250	380	0.000254979
250	380	0.000282634
250	380	0.000234396
250	380	0.000247747
250	380	0.000282545
250	380	0.000252964
250	380	0.000317879
250	380	0.000248667
250	380	0.000259150
250	380	0.000275812
250	380	0.000282496
250	380	0.000282294
250	380	0.000291621
250	380	0.000282253
250	380	0.000275624
250	380	0.000259967
250	380	0.000276324
250	380	0.000281944
250	380	0.000282483
250	380	0.000291715
250	380	0.000282012
250	380	0.000275708
250	380	0.000237168
250	380	0.000276150
250	380	0.000282777
250	380	0.000237680
250	380	0.000254710
250	380	0.000252792
250	380	0.000269411
250	380	0.000286561
250	380	0.000260080
250	380	0.000234024
250	380	0.000275594
250	380	0.000276034
250	380	0.000232716
250	380	0.000276263
250	380	0.000252884
250	380	0.000287714
250	380	0.000289642
250	380	0.000252700
250	380	0.000266072
250	380	0.000247551
250	380	0.000276134
250	380	0.000265403
250	510	0.000171599
250	510	0.000188228
250	510	0.000187992
250	510	0.000174969
250	510	0.000187929
250	510	0.000187821
250	510	0.000191783
250	510	0.000172136
250	510	0.000175043
250	510	0.000174258
250	510	0.000171755
250	510	0.000189010
250	510	0.000191825
250	510	0.000188263
250	510	0.000175356
250	510	0.000188215
250	510	0.000191397
250	510	0.000191379
250	510	0.000174373
250	510	0.000191801
250	510	0.000171663
250	510	0.000179261
250	510	0.000192057
250	510	0.000188431
250	510	0.000213048
250	510	0.000171550
250	510	0.000172598
250	510	0.000178643
250	510	0.000188613
250	510	0.000188024
250	510	0.000195126
250	510	0.000188043
250	510	0.000171180
250	510	0.000171947
250	510	0.000187915
250	510	0.000188083
250	510	0.000187944
250	510	0.000171695
250	510	0.000191620
250	510	0.000188376
250	510	0.000174457
250	510	0.000174677
250	510	0.000195230
250	510	0.000191679
250	510	0.000187784
250	510	0.000189737
250	510	0.000188038
250	510	0.000195073
250	510	0.000195080
250	510	0.000258875
250	510	0.000181269
250	510	0.000219832
250	510	0.000223367
250	510	0.000203928
250	510	0.000239746
250	510	0.000220012
250	510	0.000200907
250	510	0.000201127
250	510	0.000217831
250	510	0.000261724
250	510	0.000286033
250	510	0.000268234
250	510	0.000316189
250	510	0.000315335
250	510	0.000309864
250	510	0.000309299
250	510	0.000283116
250	510	0.000328816
250	510	0.000305758
250	510	0.000316019
250	510	0.000343404
250	510	0.000305448
250	510	0.000315449
250	510	0.000329403
250	510	0.000329226
250	510	0.000311052
250	510	0.000315370
250	510	0.000288682
250	510	0.000335883
250	510	0.000283358
250	510	0.000305866
250	510	0.000328652
250	510	0.000341597
250	510	0.000344686
250	510	0.000329648
250	510	0.000309596
250	510	0.000301521
250	510	0.000305526
250	510	0.000318137
250	510	0.000318184
250	510	0.000329459
250	510	0.000315934
250	510	0.000329458
250	510	0.000349244
250	510	0.000329464
250	510	0.000305549
250	510	0.000329109
250	510	0.000317403
250	510	0.000328738
250	510	0.000309486
250	600	0.000243959
250	600	0.000227591
250	600	0.000243799
250	600	0.000227593
250	600	0.000241654
250	600	0.000243893
250	600	0.000230579
250	600	0.000244254
250	600	0.000232767
250	600	0.000233912
250	600	0.000227660
250	600	0.000247463
250	600	0.000227789
250	600	0.000249640
250	600	0.000230684
250	600	0.000243667
250	600	0.000243939
250	600	0.000251462
250	600	0.000230701
250	600	0.000244008
250	600	0.000243914
250	600	0.000268548
250	600	0.000247177
250	600	0.000227613
250	600	0.000250379
250	600	0.000243961
250	600	0.000243935
250	600	0.000247460
250	600	0.000236464
250	600	0.000249692
250	600	0.000243858
250	600	0.000230342
250	600	0.000247393
250	600	0.000243735
250	600	0.000243796
250	600	0.000243568
250	600	0.000247977
250	600	0.000265883
250	600	0.000244689
250	600	0.000243574
250	600	0.000243746
250	600	0.000246266
250	600	0.000266368
250	600	0.000262674
250	600	0.000245545
250	600	0.000277857
250	600	0.000277261
250	600	0.000258086
250	600	0.000276910
250	600	0.000293614
250	600	0.000290417
250	600	0.000314883
250	600	0.000371644
250	600	0.000384471
250	600	0.000384987
250	600	0.000421511
250	600	0.000456656
250	600	0.000412120
250	600	0.000410531
250	600	0.000398546
250	600	0.000408769
250	600	0.000438220
250	600	0.000407947
250	600	0.000406382
250	600	0.000398484
250	600	0.000438099
250	600	0.000433000
250	600	0.000386255
250	600	0.000396069
250	600	0.000418047
250	600	0.000401825
250	600	0.000426325
250	600	0.000437172
250	600	0.000415369
250	600	0.000401838
250	600	0.000384605
250	600	0.000387064
250	600	0.000427565
250	600	0.000426789
250	600	0.000401799
250	600	0.000426868
250	600	0.000424590
250	600	0.000398625
250	600	0.000426035
250	600	0.000436465
250	600	0.000433617
250	600	0.000391281
250	600	0.000435873
250	600	0.000446007
250	600	0.000423124
250	600	0.000411678
250	600	0.000433035
250	600	0.000375588
250	600	0.000382956
250	600	0.000410137
250	600	0.000442560
250	600	0.000402545
250	600	0.000427150
250	600	0.000408453
250	600	0.000432725
380	128	0.000069072
380	128	0.000068763
380	128	0.000069222
380	128	0.000068770
380	128	0.000068622
380	128	0.000073282
380	128	0.000069240
380	128	0.000072350
380	128	0.000068993
380	128	0.000075945
380	128	0.000069106
380	128	0.000068956
380	128	0.000072325
380	128	0.000072314
380	128	0.000069068
380	128	0.000072985
380	128	0.000068488
380	128	0.000069142
380	128	0.000068689
380	128	0.000072337
380	128	0.000076336
380	128	0.000068592
380	128	0.000072405
380	128	0.000069330
380	128	0.000068372
380	128	0.000068648
380	128	0.000068647
380	128	0.000072309
380	128	0.000069312
380	128	0.000077311
380	128	0.000072281
380	128	0.000069067
380	128	0.000072554
380	128	0.000072282
380	128	0.000069208
380	128	0.000068930
380	128	0.000068711
380	128	0.000069301
380	128	0.000068537
380	128	0.000072287
380	128	0.000068764
380	128	0.000068565
380	128	0.000069359
380	128	0.000069067
380	128	0.000072581
380	128	0.000072256
380	128	0.000068515
380	128	0.000069429
380	128	0.000077368
380	128	0.000069204
380	128	0.000072261
380	128	0.000072341
380	128	0.000068647
380	128	0.000072363
380	128	0.000072493
380	128	0.000068928
380	128	0.000087932
380	128	0.000072564
380	128	0.000069200
380	128	0.000069196
380	128	0.000070315
380	128	0.000069312
380	128	0.000072403
380	128	0.000077598
380	128	0.000072328
380	128	0.000079949
380	128	0.000068942
380	128	0.000069042
380	128	0.000068935
380	128	0.000068767
380	128	0.000069349
380	128	0.000069211
380	128	0.000068840
380	128	0.000072320
380	128	0.000069408
380	128	0.000068497
380	128	0.000070219
380	128	0.000069150
380	128	0.000068789
380	128	0.000072426
380	128	0.000072359
380	128	0.000072424
380	128	0.000074415
380	128	0.000088023
380	128	0.000083571
380	128	0.000083722
380	128	0.000069216
380	128	0.000069135
380	128	0.000068656
380	128	0.000083533
380	128	0.000068788
380	128	0.000087903
380	128	0.000072626
380	128	0.000068923
380	128	0.000068557
380	128	0.000073571
380	128	0.000069349
380	128	0.000088508
380	128	0.000068587
380	128	0.000077183
380	256	0.000193571
380	256	0.000197800
380	256	0.000218044
380	256	0.000197786
380	256	0.000197690
380	256	0.000218930
380	256	0.000198765
380	256	0.000220681
380	256	0.000223866
380	256	0.000198365
380	256	0.000217724
380	256	0.000218020
380	256	0.000194096
380	256	0.000224031
380	256	0.000218239
380	256	0.000198275
380	256	0.000215608
380	256	0.000193496
380	256	0.000218107
380	256	0.000213958
380	256	0.000218252
380	256	0.000194460
380	256	0.000218193
380	256	0.000203906
380	256	0.000197525
380	256	0.000197704
380	256	0.000202072
380	256	0.000218196
380	256	0.000240673
380	256	0.000241154
380	256	0.000241316
380	256	0.000254946
380	256	0.000301881
380	256	0.000266753
380	256	0.000257872
380	256	0.000307491
380	256	0.000254322
380	256	0.000342733
380	256	0.000388508
380	256	0.000382200
380	256	0.000361357
380	256	0.000339466
380	256	0.000370512
380	256	0.000346962
380	256	0.000369322
380	256	0.000382443
380	256	0.000362600
380	256	0.000359163
380	256	0.000324186
380	256	0.000291610
380	256	0.000285414
380	256	0.000292484
380	256	0.000285653
380	256	0.000250507
380	256	0.000252003
380	256	0.000218811
380	256	0.000326316
380	256	0.000359764
380	256	0.000365689
380	256	0.000370564
380	256	0.000386387
380	256	0.000361281
380	256	0.000285505
380	256	0.000362238
380	256	0.000383746
380	256	0.000369255
380	256	0.000356697
380	256	0.000370113
380	256	0.000381954
380	256	0.000345991
380	256	0.000391478
380	256	0.000385786
380	256	0.000391596
380	256	0.000349933
380	256	0.000360208
380	256	0.000374100
380	256	0.000346101
380	256	0.000338711
380	256	0.000239558
380	256	0.000358755
380	256	0.000236786
380	256	0.000354915
380	256	0.000381901
380	256	0.000385702
380	256	0.000315296
380	256	0.000381430
380	256	0.000346809
380	256	0.000346557
380	256	0.000351196
380	256	0.000339061
380	256	0.000392182
380	256	0.000260797
380	256	0.000391988
380	256	0.000394969
380	256	0.000392536
380	256	0.000346219
380	256	0.000417126
380	256	0.000393157
380	256	0.000326038
380	256	0.000392636
380	380	0.000249661
380	380	0.000245186
380	380	0.000221137
380	380	0.000218951
380	380	0.000218960
380	380	0.000239487
380	380	0.000246544
380	380	0.000218972
380	380	0.000239480
380	380	0.000239181
380	380	0.000247350
380	380	0.000244777
380	380	0.000219133
380	380	0.000219128
380	380	0.000224074
380	380	0.000249359
380	380	0.000217269
380	380	0.000244727
380	380	0.000239221
380	380	0.000231892
380	380	0.000245337
380	380	0.000218911
380	380	0.000214389
380	380	0.000243735
380	380	0.000240095
380	380	0.000239717
380	380	0.000239178
380	380	0.000237786
380	380	0.000257630
380	380	0.000254031
380	380	0.000264571
380	380	0.000283550
380	380	0.000260433
380	380	0.000255912
380	380	0.000256098
380	380	0.000326366
380	380	0.000293065
380	380	0.000319318
380	380	0.000341038
380	380	0.000346647
380	380	0.000353037
380	380	0.000386487
380	380	0.000340657
380	380	0.000333913
380	380	0.000372251
380	380	0.000372431
380	380	0.000377411
380	380	0.000432953
380	380	0.000368711
380	380	0.000361014
380	380	0.000361123
380	380	0.000411796
380	380	0.000402014
380	380	0.000360771
380	380	0.000384060
380	380	0.000397072
380	380	0.000441169
380	380	0.000362605
380	380	0.000383401
380	380	0.000451162
380	380	0.000360170
380	380	0.000360947
380	380	0.000419053
380	380	0.000454768
380	380	0.000383457
380	380	0.000353506
380	380	0.000419104
380	380	0.000428420
380	380	0.000432910
380	380	0.000428397
380	380	0.000423275
380	380	0.000465421
380	380	0.000388225
380	380	0.000446907
380	380	0.000395259
380	380	0.000395255
380	380	0.000439021
380	380	0.000403668
380	380	0.000383059
380	380	0.000366471
380	380	0.000419978
380	380	0.000432187
380	380	0.000353438
380	380	0.000428207
380	380	0.000383667
380	380	0.000408575
380	380	0.000360695
380	380	0.000412763
380	380	0.000428178
380	380	0.000389978
380	380	0.000389220
380	380	0.000360895
380	380	0.000356736
380	380	0.000393410
380	380	0.000433124
380	380	0.000353851
380	380	0.000377347
380	380	0.000405825
380	380	0.000418785
380	380	0.000397483
380	510	0.000299722
380	510	0.000294025
380	510	0.000290747
380	510	0.000264791
380	510	0.000260817
380	510	0.000285740
380	510	0.000272615
380	510	0.000265379
380	510	0.000285328
380	510	0.000290920
380	510	0.000265132
380	510	0.000293307
380	510	0.000290443
380	510	0.000265112
380	510	0.000290976
380	510	0.000260486
380	510	0.000280658
380	510	0.000261271
380	510	0.000285959
380	510	0.000285214
380	510	0.000261010
380	510	0.000267756
380	510	0.000264936
380	510	0.000290663
380	510	0.000320256
380	510	0.000327093
380	510	0.000303276
380	510	0.000315061
380	510	0.000333850
380	510	0.000362655
380	510	0.000318387
380	510	0.000441351
380	510	0.000390390
380	510	0.000423183
380	510	0.000421416
380	510	0.000400272
380	510	0.000421017
380	510	0.000472902
380	510	0.000482575
380	510	0.000429163
380	510	0.000478534
380	510	0.000507425
380	510	0.000429527
380	510	0.000479344
380	510	0.000501184
380	510	0.000474647
380	510	0.000438964
380	510	0.000493662
380	510	0.000509670
380	510	0.000429190
380	510	0.000441110
380	510	0.000509896
380	510	0.000472400
380	510	0.000465276
380	510	0.000465057
380	510	0.000444523
380	510	0.000469480
380	510	0.000508849
380	510	0.000486289
380	510	0.000492288
380	510	0.000458158
380	510	0.000504142
380	510	0.000563050
380	510	0.000432796
380	510	0.000463740
380	510	0.000513837
380	510	0.000464827
380	510	0.000481314
380	510	0.000470428
380	510	0.000513617
380	510	0.000432578
380	510	0.000504638
380	510	0.000474386
380	510	0.000470355
380	510	0.000478561
380	510	0.000511120
380	510	0.000486328
380	510	0.000474458
380	510	0.000475084
380	510	0.000483026
380	510	0.000463879
380	510	0.000492547
380	510	0.000473422
380	510	0.000499089
380	510	0.000513678
380	510	0.000478851
380	510	0.000499286
380	510	0.000521217
380	510	0.000456217
380	510	0.000491224
380	510	0.000476349
380	510	0.000470334
380	510	0.000499318
380	510	0.000512540
380	510	0.000489129
380	510	0.000477278
380	510	0.000499696
380	510	0.000499090
380	510	0.000468411
380	510	0.000508704
380	600	0.000375606
380	600	0.000345894
380	600	0.000375720
380	600	0.000345983
380	600	0.000375546
380	600	0.000370363
380	600	0.000346004
380	600	0.000376596
380	600	0.000353203
380	600	0.000363157
380	600	0.000380963
380	600	0.000377013
380	600	0.000370410
380	600	0.000375492
380	600	0.000350319
380	600	0.000375842
380	600	0.000346667
380	600	0.000370474
380	600	0.000386659
380	600	0.000358403
380	600	0.000360675
380	600	0.000345724
380	600	0.000370428
380	600	0.000370460
380	600	0.000370105
380	600	0.000345993
380	600	0.000370663
380	600	0.000366966
380	600	0.000377729
380	600	0.000352863
380	600	0.000346224
380	600	0.000370503
380	600	0.000376113
380	600	0.000370132
380	600	0.000370477
380	600	0.000370172
380	600	0.000372310
380	600	0.000354187
380	600	0.000367889
380	600	0.000395763
380	600	0.000369031
380	600	0.000383933
380	600	0.000441656
380	600	0.000457916
380	600	0.000451551
380	600	0.000445682
380	600	0.000483736
380	600	0.000461901
380	600	0.000462101
380	600	0.000493809
380	600	0.000553548
380	600	0.000542865
380	600	0.000507638
380	600	0.000518688
380	600	0.000518425
380	600	0.000518917
380	600	0.000494387
380	600	0.000526124
380	600	0.000518608
380	600	0.000527362
380	600	0.000622172
380	600	0.000586620
380	600	0.000638802
380	600	0.000630394
380	600	0.000635382
380	600	0.000628007
380	600	0.000574412
380	600	0.000655940
380	600	0.000610027
380	600	0.000639634
380	600	0.000601763
380	600	0.000602662
380	600	0.000559828
380	600	0.000553679
380	600	0.000486697
380	600	0.000472481
380	600	0.000478294
380	600	0.000518922
380	600	0.000527435
380	600	0.000532227
380	600	0.000553865
380	600	0.000514015
380	600	0.000632672
380	600	0.000638153
380	600	0.000638864
380	600	0.000640834
380	600	0.000638727
380	600	0.000634802
380	600	0.000644154
380	600	0.000655983
380	600	0.000578114
380	600	0.000559702
380	600	0.000538110
380	600	0.000582218
380	600	0.000601036
380	600	0.000584703
380	600	0.000601551
380	600	0.000622618
380	600	0.000661520
380	600	0.000604545
510	128	0.000091533
510	128	0.000094941
510	128	0.000096827
510	128	0.000091816
510	128	0.000096888
510	128	0.000092700
510	128	0.000096849
510	128	0.000096916
510	128	0.000092629
510	128	0.000092169
510	128	0.000092222
510	128	0.000091504
510	128	0.000096844
510	128	0.000091956
510	128	0.000092734
510	128	0.000091777
510	128	0.000097806
510	128	0.000096881
510	128	0.000092002
510	128	0.000118345
510	128	0.000108453
510	128	0.000103163
510	128	0.000103767
510	128	0.000108574
510	128	0.000103175
510	128	0.000122554
510	128	0.000145231
510	128	0.000123903
510	128	0.000122567
510	128	0.000133012
510	128	0.000152745
510	128	0.000159559
510	128	0.000205546
510	128	0.000160744
510	128	0.000159989
510	128	0.000160985
510	128	0.000160795
510	128	0.000162000
510	128	0.000161164
510	128	0.000162309
510	128	0.000165125
510	128	0.000160791
510	128	0.000159844
510	128	0.000169555
510	128	0.000169266
510	128	0.000161156
510	128	0.000169908
510	128	0.000161292
510	128	0.000206374
510	128	0.000169480
510	128	0.000160194
510	128	0.000161113
510	128	0.000160632
510	128	0.000161999
510	128	0.000151998
510	128	0.000162430
510	128	0.000169458
510	128	0.000169726
510	128	0.000169405
510	128	0.000161697
510	128	0.000169554
510	128	0.000161064
510	128	0.000161115
510	128	0.000171630
510	128	0.000164602
510	128	0.000160919
510	128	0.000169545
510	128	0.000171075
510	128	0.000194080
510	128	0.000179896
510	128	0.000167661
510	128	0.000169643
510	128	0.000160117
510	128	0.000160675
510	128	0.000160995
510	128	0.000160564
510	128	0.000152598
510	128	0.000167022
510	128	0.000161175
510	128	0.000151742
510	128	0.000160099
510	128	0.000170236
510	128	0.000162045
510	128	0.000159519
510	128	0.000169591
510	128	0.000169628
510	128	0.000169537
510	128	0.000169590
510	128	0.000160588
510	128	0.000169311
510	128	0.000161387
510	128	0.000160945
510	128	0.000160787
510	128	0.000160731
510	128	0.000160762
510	128	0.000161765
510	128	0.000193003
510	128	0.000170137
510	128	0.000161873
510	128	0.000169706
510	256	0.000259569
510	256	0.000293571
510	256	0.000259843
510	256	0.000266358
510	256	0.000297654
510	256	0.000259372
510	256	0.000180785
510	256	0.000300120
510	256	0.000287491
510	256	0.000264900
510	256	0.000213488
510	256	0.000292542
510	256	0.000260380
510	256	0.000275986
510	256	0.000265433
510	256	0.000265594
510	256	0.000300528
510	256	0.000265552
510	256	0.000282666
510	256	0.000259585
510	256	0.000292552
510	256	0.000298606
510	256	0.000293984
510	256	0.000266385
510	256	0.000259449
510	256	0.000265155
510	256	0.000270147
510	256	0.000292640
510	256	0.000280372
510	256	0.000259959
510	256	0.000259334
510	256	0.000270571
510	256	0.000260722
510	256	0.000265179
510	256	0.000292405
510	256	0.000278885
510	256	0.000187125
510	256	0.000259621
510	256	0.000259504
510	256	0.000276306
510	256	0.000312108
510	256	0.000265297
510	256	0.000292542
510	256	0.000292586
510	256	0.000286083
510	256	0.000356534
510	256	0.000377594
510	256	0.000369235
510	256	0.000403754
510	256	0.000388124
510	256	0.000383860
510	256	0.000423680
510	256	0.000383377
510	256	0.000273159
510	256	0.000454894
510	256	0.000437450
510	256	0.000560091
510	256	0.000467262
510	256	0.000463835
510	256	0.000464458
510	256	0.000503980
510	256	0.000512029
510	256	0.000488235
510	256	0.000455928
510	256	0.000494486
510	256	0.000464433
510	256	0.000466674
510	256	0.000511901
510	256	0.000526460
510	256	0.000429978
510	256	0.000471305
510	256	0.000481423
510	256	0.000449372
510	256	0.000504917
510	256	0.000518773
510	256	0.000463978
510	256	0.000477703
510	256	0.000476051
510	256	0.000518938
510	256	0.000463495
510	256	0.000429601
510	256	0.000509841
510	256	0.000474294
510	256	0.000438381
510	256	0.000499231
510	256	0.000472682
510	256	0.000483581
510	256	0.000458854
510	256	0.000464579
510	256	0.000489487
510	256	0.000517799
510	256	0.000428000
510	256	0.000452777
510	256	0.000471657
510	256	0.000525301
510	256	0.000504299
510	256	0.000462638
510	256	0.000435328
510	256	0.000549720
510	256	0.000319011
510	380	0.000299261
510	380	0.000329590
510	380	0.000293906
510	380	0.000321698
510	380	0.000321971
510	380	0.000289047
510	380	0.000300745
510	380	0.000288146
510	380	0.000329743
510	380	0.000328300
510	380	0.000328305
510	380	0.000293570
510	380	0.000308748
510	380	0.000333988
510	380	0.000294498
510	380	0.000321677
510	380	0.000320884
510	380	0.000323597
510	380	0.000305069
510	380	0.000306576
510	380	0.000292905
510	380	0.000359755
510	380	0.000323124
510	380	0.000358677
510	380	0.000398226
510	380	0.000418882
510	380	0.000364940
510	380	0.000364636
510	380	0.000457074
510	380	0.000437872
510	380	0.000463068
510	380	0.000484361
510	380	0.000579046
510	380	0.000574504
510	380	0.000581576
510	380	0.000523601
510	380	0.000561535
510	380	0.000554007
510	380	0.000564330
510	380	0.000553235
510	380	0.000540919
510	380	0.000550570
510	380	0.000522741
510	380	0.000508632
510	380	0.000544498
510	380	0.000502596
510	380	0.000497953
510	380	0.000512454
510	380	0.000480127
510	380	0.000539272
510	380	0.000562704
510	380	0.000537372
510	380	0.000592173
510	380	0.000494718
510	380	0.000578625
510	380	0.000503886
510	380	0.000553696
510	380	0.000573137
510	380	0.000534506
510	380	0.000539340
510	380	0.000484586
510	380	0.000523146
510	380	0.000565193
510	380	0.000542204
510	380	0.000554471
510	380	0.000514095
510	380	0.000562500
510	380	0.000527819
510	380	0.000483481
510	380	0.000498008
510	380	0.000515787
510	380	0.000563041
510	380	0.000573219
510	380	0.000519333
510	380	0.000548087
510	380	0.000579385
510	380	0.000574515
510	380	0.000547292
510	380	0.000483933
510	380	0.000520292
510	380	0.000515087
510	380	0.000571156
510	380	0.000558943
510	380	0.000541942
510	380	0.000510216
510	380	0.000570296
510	380	0.000529510
510	380	0.000521465
510	380	0.000573270
510	380	0.000481185
510	380	0.000545612
510	380	0.000514628
510	380	0.000497281
510	380	0.000573100
510	380	0.000540820
510	380	0.000549451
510	380	0.000558885
510	380	0.000566783
510	380	0.000588223
510	380	0.000489586
510	510	0.000362566
510	510	0.000350985
510	510	0.000355766
510	510	0.000350064
510	510	0.000389946
510	510	0.000349551
510	510	0.000355679
510	510	0.000383999
510	510	0.000361261
510	510	0.000366949
510	510	0.000393379
510	510	0.000392818
510	510	0.000357729
510	510	0.000355693
510	510	0.000383075
510	510	0.000384618
510	510	0.000390062
510	510	0.000382860
510	510	0.000405712
510	510	0.000419719
510	510	0.000369231
510	510	0.000410000
510	510	0.000492949
510	510	0.000527513
510	510	0.000481910
510	510	0.000490515
510	510	0.000536120
510	510	0.000541930
510	510	0.000505873
510	510	0.000517029
510	510	0.000569720
510	510	0.000586117
510	510	0.000639266
510	510	0.000683922
510	510	0.000649391
510	510	0.000680171
510	510	0.000666092
510	510	0.000674169
510	510	0.000730155
510	510	0.000611971
510	510	0.000675456
510	510	0.000682655
510	510	0.000640651
510	510	0.000651958
510	510	0.000636641
510	510	0.000667911
510	510	0.000621313
510	510	0.000670099
510	510	0.000676394
510	510	0.000617680
510	510	0.000648335
510	510	0.000660197
510	510	0.000630370
510	510	0.000598421
510	510	0.000622432
510	510	0.000657520
510	510	0.000643063
510	510	0.000677248
510	510	0.000592882
510	510	0.000629088
510	510	0.000606489
510	510	0.000682048
510	510	0.000683608
510	510	0.000626768
510	510	0.000602800
510	510	0.000652464
510	510	0.000582806
510	510	0.000642858
510	510	0.000630508
510	510	0.000644814
510	510	0.000612391
510	510	0.000673356
510	510	0.000679921
510	510	0.000596895
510	510	0.000691409
510	510	0.000599685
510	510	0.000730863
510	510	0.000606473
510	510	0.000632473
510	510	0.000662983
510	510	0.000658478
510	510	0.000644939
510	510	0.000676757
510	510	0.000585975
510	510	0.000608425
510	510	0.000638288
510	510	0.000642795
510	510	0.000636980
510	510	0.000633874
510	510	0.000656917
510	510	0.000656307
510	510	0.000643483
510	510	0.000633616
510	510	0.000606515
510	510	0.000698221
510	510	0.000598479
510	510	0.000635376
510	510	0.000601016
510	510	0.000635459
510	510	0.000585364
510	600	0.000498606
510	600	0.000496589
510	600	0.000497125
510	600	0.000496989
510	600	0.000463847
510	600	0.000496746
510	600	0.000496731
510	600	0.000504236
510	600	0.000472604
510	600	0.000472655
510	600	0.000513163
510	600	0.000475782
510	600	0.000494343
510	600	0.000498390
510	600	0.000492972
510	600	0.000523577
510	600	0.000471882
510	600	0.000496832
510	600	0.000464038
510	600	0.000503810
510	600	0.000469489
510	600	0.000598009
510	600	0.000614522
510	600	0.000593851
510	600	0.000578454
510	600	0.000613793
510	600	0.000579488
510	600	0.000574104
510	600	0.000693706
510	600	0.000649654
510	600	0.000708382
510	600	0.000695289
510	600	0.000709020
510	600	0.000862873
510	600	0.000879558
510	600	0.000858591
510	600	0.000854925
510	600	0.000822852
510	600	0.000875404
510	600	0.000834512
510	600	0.000883332
510	600	0.000837013
510	600	0.000813518
510	600	0.000867490
510	600	0.000837949
510	600	0.000822458
510	600	0.000814141
510	600	0.000821936
510	600	0.000810612
510	600	0.000821135
510	600	0.000799102
510	600	0.000852266
510	600	0.000851170
510	600	0.000824785
510	600	0.000855985
510	600	0.000773259
510	600	0.000796481
510	600	0.000781848
510	600	0.000863851
510	600	0.000843877
510	600	0.000857540
510	600	0.000765547
510	600	0.000880940
510	600	0.000806806
510	600	0.000818412
510	600	0.000851167
510	600	0.000816001
510	600	0.000792643
510	600	0.000841850
510	600	0.000870168
510	600	0.000885007
510	600	0.000819606
510	600	0.000856550
510	600	0.000858620
510	600	0.000847029
510	600	0.000794931
510	600	0.000862912
510	600	0.000865692
510	600	0.000865157
510	600	0.000877600
510	600	0.000773033
510	600	0.000834877
510	600	0.000887228
510	600	0.000816233
510	600	0.000859914
510	600	0.000813498
510	600	0.000862348
510	600	0.000831536
510	600	0.000861271
510	600	0.000800744
510	600	0.000790114
510	600	0.000844160
510	600	0.000795706
510	600	0.000804739
510	600	0.000836361
510	600	0.000842804
510	600	0.000862974
510	600	0.000844161
510	600	0.000795903
510	600	0.000865348
600	128	0.000107961
600	128	0.000113863
600	128	0.000112733
600	128	0.000119987
600	128	0.000113866
600	128	0.000114144
600	128	0.000108273
600	128	0.000108157
600	128	0.000119334
600	128	0.000113926
600	128	0.000108506
600	128	0.000108451
600	128	0.000108964
600	128	0.000128258
600	128	0.000108288
600	128	0.000107818
600	128	0.000108353
600	128	0.000108344
600	128	0.000108048
600	128	0.000108190
600	128	0.000113945
600	128	0.000108527
600	128	0.000108329
600	128	0.000109200
600	128	0.000113946
600	128	0.000113993
600	128	0.000113898
600	128	0.000108184
600	128	0.000108184
600	128	0.000114449
600	128	0.000121978
600	128	0.000122007
600	128	0.000127606
600	128	0.000127645
600	128	0.000121089
600	128	0.000126547
600	128	0.000127560
600	128	0.000121686
600	128	0.000150253
600	128	0.000137857
600	128	0.000136939
600	128	0.000144748
600	128	0.000149201
600	128	0.000137638
600	128	0.000138540
600	128	0.000144859
600	128	0.000160744
600	128	0.000159431
600	128	0.000202612
600	128	0.000167793
600	128	0.000178180
600	128	0.000179656
600	128	0.000187509
600	128	0.000189047
600	128	0.000199939
600	128	0.000188983
600	128	0.000191052
600	128	0.000188917
600	128	0.000189817
600	128	0.000212690
600	128	0.000220599
600	128	0.000199496
600	128	0.000179367
600	128	0.000199492
600	128	0.000199518
600	128	0.000188918
600	128	0.000190608
600	128	0.000189192
600	128	0.000189345
600	128	0.000199307
600	128	0.000199360
600	128	0.000199305
600	128	0.000190296
600	128	0.000189546
600	128	0.000198822
600	128	0.000199367
600	128	0.000177888
600	128	0.000189522
600	128	0.000190623
600	128	0.000190692
600	128	0.000187735
600	128	0.000189713
600	128	0.000189421
600	128	0.000189293
600	128	0.000189143
600	128	0.000190522
600	128	0.000221001
600	128	0.000190489
600	128	0.000200725
600	128	0.000190318
600	128	0.000188261
600	128	0.000189028
600	128	0.000189009
600	128	0.000197524
600	128	0.000201369
600	128	0.000193123
600	128	0.000199533
600	128	0.000199371
600	128	0.000180413
600	128	0.000195274
600	256	0.000318411
600	256	0.000312138
600	256	0.000305368
600	256	0.000348019
600	256	0.000348922
600	256	0.000337710
600	256	0.000312937
600	256	0.000354070
600	256	0.000306658
600	256	0.000343951
600	256	0.000317284
600	256	0.000321588
600	256	0.000351338
600	256	0.000311645
600	256	0.000313169
600	256	0.000345786
600	256	0.000312965
600	256	0.000297132
600	256	0.000315521
600	256	0.000312147
600	256	0.000344085
600	256	0.000312156
600	256	0.000306371
600	256	0.000311797
600	256	0.000344114
600	256	0.000317550
600	256	0.000339641
600	256	0.000361349
600	256	0.000354816
600	256	0.000323686
600	256	0.000364261
600	256	0.000356470
600	256	0.000401716
600	256	0.000401450
600	256	0.000402513
600	256	0.000364369
600	256	0.000356125
600	256	0.000355966
600	256	0.000355987
600	256	0.000397996
600	256	0.000458790
600	256	0.000407004
600	256	0.000395435
600	256	0.000414249
600	256	0.000442568
600	256	0.000485454
600	256	0.000535661
600	256	0.000583449
600	256	0.000503085
600	256	0.000560577
600	256	0.000504713
600	256	0.000513945
600	256	0.000528707
600	256	0.000502496
600	256	0.000585655
600	256	0.000508060
600	256	0.000572337
600	256	0.000543693
600	256	0.000546018
600	256	0.000644728
600	256	0.000371212
600	256	0.000539589
600	256	0.000611446
600	256	0.000350827
600	256	0.000513671
600	256	0.000654556
600	256	0.000507595
600	256	0.000582323
600	256	0.000502485
600	256	0.000523318
600	256	0.000397108
600	256	0.000536190
600	256	0.000535677
600	256	0.000514094
600	256	0.000564411
600	256	0.000515476
600	256	0.000513518
600	256	0.000527355
600	256	0.000513657
600	256	0.000602546
600	256	0.000551204
600	256	0.000528285
600	256	0.000575253
600	256	0.000566627
600	256	0.000618377
600	256	0.000595504
600	256	0.000531530
600	256	0.000598619
600	256	0.000578928
600	256	0.000554240
600	256	0.000540499
600	256	0.000548353
600	256	0.000534028
600	256	0.000583982
600	256	0.000545616
600	256	0.000554179
600	256	0.000596337
600	256	0.000519270
600	256	0.000544728
600	256	0.000602433
600	380	0.000377611
600	380	0.000377836
600	380	0.000345438
600	380	0.000345257
600	380	0.000384803
600	380	0.000388076
600	380	0.000347471
600	380	0.000354024
600	380	0.000351140
600	380	0.000382916
600	380	0.000377666
600	380	0.000377568
600	380	0.000345544
600	380	0.000378989
600	380	0.000346179
600	380	0.000352465
600	380	0.000352463
600	380	0.000351304
600	380	0.000350443
600	380	0.000340395
600	380	0.000378017
600	380	0.000378944
600	380	0.000377847
600	380	0.000386253
600	380	0.000340250
600	380	0.000386253
600	380	0.000349009
600	380	0.000400068
600	380	0.000372249
600	380	0.000406918
600	380	0.000406557
600	380	0.000413876
600	380	0.000459569
600	380	0.000459922
600	380	0.000513543
600	380	0.000470357
600	380	0.000474937
600	380	0.000528981
600	380	0.000528809
600	380	0.000691576
600	380	0.000622219
600	380	0.000594787
600	380	0.000548606
600	380	0.000622014
600	380	0.000647644
600	380	0.000595358
600	380	0.000589693
600	380	0.000605201
600	380	0.000537461
600	380	0.000527070
600	380	0.000629522
600	380	0.000622150
600	380	0.000608941
600	380	0.000569103
600	380	0.000635535
600	380	0.000569285
600	380	0.000629355
600	380	0.000645493
600	380	0.000652532
600	380	0.000684138
600	380	0.000596561
600	380	0.000625490
600	380	0.000661091
600	380	0.000666155
600	380	0.000662802
600	380	0.000598683
600	380	0.000668378
600	380	0.000659527
600	380	0.000646978
600	380	0.000594687
600	380	0.000607992
600	380	0.000600279
600	380	0.000615262
600	380	0.000569462
600	380	0.000606651
600	380	0.000613073
600	380	0.000582566
600	380	0.000625167
600	380	0.000585311
600	380	0.000657675
600	380	0.000639330
600	380	0.000609627
600	380	0.000658472
600	380	0.000606293
600	380	0.000673224
600	380	0.000671167
600	380	0.000616596
600	380	0.000613808
600	380	0.000653128
600	380	0.000671540
600	380	0.000580838
600	380	0.000579949
600	380	0.000578746
600	380	0.000614298
600	380	0.000583658
600	380	0.000607021
600	380	0.000605128
600	380	0.000671887
600	380	0.000648392
600	380	0.000610929
600	510	0.000418460
600	510	0.000412829
600	510	0.000412443
600	510	0.000458790
600	510	0.000417931
600	510	0.000411838
600	510	0.000450207
600	510	0.000451305
600	510	0.000418389
600	510	0.000411375
600	510	0.000458673
600	510	0.000451548
600	510	0.000418346
600	510	0.000458778
600	510	0.000411484
600	510	0.000411287
600	510	0.000418294
600	510	0.000450308
600	510	0.000417933
600	510	0.000418086
600	510	0.000411508
600	510	0.000450152
600	510	0.000450468
600	510	0.000450327
600	510	0.000450203
600	510	0.000450566
600	510	0.000411269
600	510	0.000450077
600	510	0.000450083
600	510	0.000418597
600	510	0.000418147
600	510	0.000458819
600	510	0.000461941
600	510	0.000462048
600	510	0.000504247
600	510	0.000556380
600	510	0.000532444
600	510	0.000526458
600	510	0.000523361
600	510	0.000523319
600	510	0.000625770
600	510	0.000585224
600	510	0.000729847
600	510	0.000710683
600	510	0.000798304
600	510	0.000777722
600	510	0.000734983
600	510	0.000799962
600	510	0.000780025
600	510	0.000747762
600	510	0.000748650
600	510	0.000709123
600	510	0.000762708
600	510	0.000765371
600	510	0.000801369
600	510	0.000813006
600	510	0.000742600
600	510	0.000773308
600	510	0.000698114
600	510	0.000771642
600	510	0.000741833
600	510	0.000786323
600	510	0.000810007
600	510	0.000770295
600	510	0.000761449
600	510	0.000741378
600	510	0.000733315
600	510	0.000800724
600	510	0.000688995
600	510	0.000762807
600	510	0.000754337
600	510	0.000807137
600	510	0.000786198
600	510	0.000802030
600	510	0.000767389
600	510	0.000712746
600	510	0.000839441
600	510	0.000744931
600	510	0.000708685
600	510	0.000752258
600	510	0.000758130
600	510	0.000715693
600	510	0.000805205
600	510	0.000766034
600	510	0.000737710
600	510	0.000723134
600	510	0.000704288
600	510	0.000768339
600	510	0.000776469
600	510	0.000739681
600	510	0.000738358
600	510	0.000679905
600	510	0.000796344
600	510	0.000789783
600	510	0.000796801
600	510	0.000761123
600	510	0.000779423
600	510	0.000774186
600	510	0.000773864
600	510	0.000759350
600	600	0.000560552
600	600	0.000555618
600	600	0.000595104
600	600	0.000552558
600	600	0.000584397
600	600	0.000550995
600	600	0.000592343
600	600	0.000559788
600	600	0.000589689
600	600	0.000567491
600	600	0.000591702
600	600	0.000592710
600	600	0.000545545
600	600	0.000593149
600	600	0.000584288
600	600	0.000546671
600	600	0.000591057
600	600	0.000594187
600	600	0.000569878
600	600	0.000559535
600	600	0.000584194
600	600	0.000545731
600	600	0.000635041
600	600	0.000592949
600	600	0.000639237
600	600	0.000672415
600	600	0.000688229
600	600	0.000707563
600	600	0.000724911
600	600	0.000834707
600	600	0.000811821
600	600	0.000873632
600	600	0.000892849
600	600	0.000876313
600	600	0.000970477
600	600	0.000963735
600	600	0.000908096
600	600	0.000997258
600	600	0.000973283
600	600	0.001038722
600	600	0.001000243
600	600	0.001004168
600	600	0.001011082
600	600	0.000943670
600	600	0.001013437
600	600	0.000961723
600	600	0.000973854
600	600	0.001017312
600	600	0.001011707
600	600	0.001012466
600	600	0.000984085
600	600	0.000971182
600	600	0.000989868
600	600	0.000959795
600	600	0.001002754
600	600	0.000988049
600	600	0.001000592
600	600	0.000997001
600	600	0.000945184
600	600	0.000947220
600	600	0.000984047
600	600	0.000994400
600	600	0.000957925
600	600	0.000948561
600	600	0.000930516
600	600	0.000970257
600	600	0.001035947
600	600	0.000916480
600	600	0.001004314
600	600	0.000989334
600	600	0.001018808
600	600	0.000939233
600	600	0.001033687
600	600	0.001018352
600	600	0.000985737
600	600	0.000987075
600	600	0.001014805
600	600	0.001009166
600	600	0.001043398
600	600	0.000970891
600	600	0.000933982
600	600	0.000969094
600	600	0.001037348
600	600	0.000998957
600	600	0.001019418
600	600	0.001017311
600	600	0.000939665
600	600	0.000980599
600	600	0.001032129
600	600	0.000978129
600	600	0.000961979
600	600	0.001026930
600	600	0.001011954
600	600	0.001008324
600	600	0.001005376
600	600	0.000873606
600	600	0.000831270
600	600	0.000915809
600	600	0.000873597
600	600	0.000876565
