120	128	0.000039100
120	128	0.000040691
120	128	0.000040720
120	128	0.000040696
120	128	0.000040682
120	128	0.000040703
120	128	0.000040679
120	128	0.000039568
120	128	0.000040672
120	128	0.000040713
120	128	0.000040666
120	128	0.000040715
120	128	0.000040711
120	128	0.000040691
120	128	0.000040689
120	128	0.000040730
120	128	0.000040716
120	128	0.000040676
120	128	0.000040672
120	128	0.000040731
120	128	0.000040735
120	128	0.000040683
120	128	0.000040660
120	128	0.000040690
120	128	0.000039086
120	128	0.000039096
120	128	0.000045556
120	128	0.000045584
120	128	0.000045582
120	128	0.000045532
120	128	0.000044490
120	128	0.000047437
120	128	0.000047450
120	128	0.000047420
120	128	0.000047481
120	128	0.000051762
120	128	0.000051783
120	128	0.000051763
120	128	0.000051722
120	128	0.000051779
120	128	0.000058803
120	128	0.000063322
120	128	0.000063249
120	128	0.000063273
120	128	0.000066938
120	128	0.000068209
120	128	0.000072071
120	128	0.000064387
120	128	0.000071179
120	128	0.000071240
120	128	0.000071172
120	128	0.000071238
120	128	0.000071131
120	128	0.000071156
120	128	0.000077370
120	128	0.000071197
120	128	0.000071189
120	128	0.000071205
120	128	0.000071223
120	128	0.000071192
120	128	0.000071218
120	128	0.000071207
120	128	0.000071232
120	128	0.000071162
120	128	0.000071203
120	128	0.000071139
120	128	0.000071210
120	128	0.000071179
120	128	0.000071194
120	128	0.000075938
120	128	0.000071196
120	128	0.000069272
120	128	0.000071189
120	128	0.000071702
120	128	0.000079415
120	128	0.000068431
120	128	0.000071132
120	128	0.000069237
120	128	0.000071217
120	128	0.000071193
120	128	0.000071168
120	128	0.000071264
120	128	0.000071184
120	128	0.000072302
120	128	0.000067021
120	128	0.000071185
120	128	0.000069195
120	128	0.000121741
120	128	0.000066982
120	128	0.000071312
120	128	0.000071236
120	128	0.000071184
120	128	0.000071234
120	128	0.000069259
120	128	0.000071203
120	128	0.000068436
120	128	0.000071222
120	128	0.000067060
120	128	0.000071223
120	128	0.000071205
120	256	0.000085680
120	256	0.000080337
120	256	0.000080324
120	256	0.000086030
120	256	0.000080330
120	256	0.000080303
120	256	0.000080355
120	256	0.000077139
120	256	0.000080308
120	256	0.000080325
120	256	0.000080323
120	256	0.000080276
120	256	0.000078061
120	256	0.000077164
120	256	0.000080342
120	256	0.000085942
120	256	0.000080313
120	256	0.000085507
120	256	0.000080319
120	256	0.000080347
120	256	0.000078079
120	256	0.000080286
120	256	0.000080339
120	256	0.000078060
120	256	0.000080287
120	256	0.000080317
120	256	0.000077174
120	256	0.000080353
120	256	0.000080321
120	256	0.000083329
120	256	0.000080345
120	256	0.000085133
120	256	0.000080296
120	256	0.000080325
120	256	0.000080283
120	256	0.000080353
120	256	0.000078110
120	256	0.000080313
120	256	0.000084316
120	256	0.000077166
120	256	0.000080337
120	256	0.000077240
120	256	0.000080390
120	256	0.000080310
120	256	0.000089950
120	256	0.000091717
120	256	0.000089949
120	256	0.000089943
120	256	0.000089958
120	256	0.000089945
120	256	0.000091053
120	256	0.000093689
120	256	0.000093722
120	256	0.000093703
120	256	0.000097741
120	256	0.000097828
120	256	0.000097777
120	256	0.000110659
120	256	0.000112409
120	256	0.000112508
120	256	0.000112420
120	256	0.000119995
120	256	0.000120027
120	256	0.000120003
120	256	0.000129670
120	256	0.000140552
120	256	0.000140545
120	256	0.000140620
120	256	0.000134978
120	256	0.000139079
120	256	0.000132310
120	256	0.000134977
120	256	0.000140509
120	256	0.000140482
120	256	0.000140579
120	256	0.000140584
120	256	0.000132271
120	256	0.000134947
120	256	0.000140516
120	256	0.000140538
120	256	0.000140586
120	256	0.000136586
120	256	0.000136622
120	256	0.000140549
120	256	0.000140530
120	256	0.000140604
120	256	0.000140581
120	256	0.000134990
120	256	0.000132304
120	256	0.000140587
120	256	0.000140477
120	256	0.000127060
120	256	0.000140536
120	256	0.000140515
120	256	0.000140529
120	256	0.000140583
120	256	0.000140518
120	256	0.000140601
120	256	0.000140527
120	256	0.000140530
120	380	0.000118773
120	380	0.000118711
120	380	0.000124465
120	380	0.000118786
120	380	0.000113991
120	380	0.000123791
120	380	0.000118778
120	380	0.000118734
120	380	0.000118687
120	380	0.000118774
120	380	0.000118737
120	380	0.000118749
120	380	0.000115322
120	380	0.000131796
120	380	0.000118775
120	380	0.000113990
120	380	0.000118723
120	380	0.000118739
120	380	0.000118829
120	380	0.000114037
120	380	0.000118716
120	380	0.000118720
120	380	0.000118757
120	380	0.000154837
120	380	0.000115285
120	380	0.000118713
120	380	0.000118722
120	380	0.000123141
120	380	0.000123092
120	380	0.000123089
120	380	0.000123199
120	380	0.000210208
120	380	0.000144521
120	380	0.000138757
120	380	0.000138743
120	380	0.000144541
120	380	0.000151972
120	380	0.000158379
120	380	0.000158392
120	380	0.000156753
120	380	0.000150025
120	380	0.000140365
120	380	0.000144561
120	380	0.000162103
120	380	0.000151136
120	380	0.000151074
120	380	0.000151087
120	380	0.000151164
120	380	0.000151124
120	380	0.000151087
120	380	0.000151097
120	380	0.000154515
120	380	0.000138579
120	380	0.000138499
120	380	0.000132996
120	380	0.000138508
120	380	0.000133015
120	380	0.000138529
120	380	0.000138526
120	380	0.000138614
120	380	0.000144482
120	380	0.000144552
120	380	0.000144562
120	380	0.000151013
120	380	0.000166164
120	380	0.000166236
120	380	0.000159563
120	380	0.000177313
120	380	0.000184708
120	380	0.000184713
120	380	0.000207747
120	380	0.000199455
120	380	0.000207793
120	380	0.000199485
120	380	0.000207821
120	380	0.000207803
120	380	0.000207823
120	380	0.000216556
120	380	0.000220983
120	380	0.000201907
120	380	0.000207814
120	380	0.000198671
120	380	0.000204667
120	380	0.000207817
120	380	0.000207720
120	380	0.000207782
120	380	0.000207757
120	380	0.000207843
120	380	0.000207863
120	380	0.000218163
120	380	0.000217559
120	380	0.000207275
120	380	0.000271591
120	380	0.000221615
120	380	0.000208909
120	380	0.000220078
120	380	0.000195591
120	380	0.000200764
120	380	0.000207856
120	380	0.000207805
120	510	0.000159002
120	510	0.000159004
120	510	0.000163564
120	510	0.000159011
120	510	0.000159010
120	510	0.000158927
120	510	0.000158962
120	510	0.000159032
120	510	0.000158956
120	510	0.000165236
120	510	0.000158964
120	510	0.000152655
120	510	0.000170833
120	510	0.000158939
120	510	0.000159001
120	510	0.000163459
120	510	0.000159043
120	510	0.000158992
120	510	0.000158962
120	510	0.000158974
120	510	0.000158963
120	510	0.000158963
120	510	0.000152635
120	510	0.000158976
120	510	0.000165066
120	510	0.000185504
120	510	0.000185442
120	510	0.000190099
120	510	0.000229102
120	510	0.000212079
120	510	0.000211962
120	510	0.000203545
120	510	0.000234241
120	510	0.000234346
120	510	0.000234310
120	510	0.000234305
120	510	0.000224879
120	510	0.000234276
120	510	0.000234321
120	510	0.000259336
120	510	0.000261795
120	510	0.000261898
120	510	0.000278264
120	510	0.000278270
120	510	0.000286730
120	510	0.000277542
120	510	0.000261796
120	510	0.000254349
120	510	0.000261906
120	510	0.000261832
120	510	0.000278236
120	510	0.000281096
120	510	0.000278428
120	510	0.000261835
120	510	0.000267054
120	510	0.000278159
120	510	0.000288433
120	510	0.000288178
120	510	0.000261891
120	510	0.000278220
120	510	0.000261790
120	510	0.000270270
120	510	0.000278198
120	510	0.000278133
120	510	0.000290198
120	510	0.000286820
120	510	0.000251358
120	510	0.000261864
120	510	0.000278218
120	510	0.000267069
120	510	0.000316289
120	510	0.000291222
120	510	0.000261800
120	510	0.000261837
120	510	0.000278212
120	510	0.000278282
120	510	0.000287046
120	510	0.000267068
120	510	0.000261895
120	510	0.000271258
120	510	0.000261912
120	510	0.000278244
120	510	0.000278188
120	510	0.000289236
120	510	0.000287429
120	510	0.000261829
120	510	0.000267074
120	510	0.000278164
120	510	0.000278267
120	510	0.000288719
120	510	0.000317452
120	510	0.000278120
120	510	0.000261845
120	510	0.000278235
120	510	0.000278280
120	510	0.000278287
120	510	0.000287346
120	510	0.000275754
120	510	0.000278215
120	510	0.000261934
120	600	0.000186913
120	600	0.000179349
120	600	0.000186915
120	600	0.000186885
120	600	0.000189223
120	600	0.000179333
120	600	0.000186827
120	600	0.000190691
120	600	0.000189206
120	600	0.000186873
120	600	0.000186836
120	600	0.000192400
120	600	0.000186814
120	600	0.000186913
120	600	0.000179359
120	600	0.000212035
120	600	0.000186914
120	600	0.000186817
120	600	0.000189984
120	600	0.000179319
120	600	0.000186901
120	600	0.000179687
120	600	0.000188616
120	600	0.000186911
120	600	0.000186832
120	600	0.000181544
120	600	0.000186923
120	600	0.000179432
120	600	0.000191678
120	600	0.000186903
120	600	0.000186834
120	600	0.000186891
120	600	0.000192144
120	600	0.000193745
120	600	0.000186062
120	600	0.000193721
120	600	0.000207078
120	600	0.000224708
120	600	0.000223609
120	600	0.000217943
120	600	0.000227533
120	600	0.000220914
120	600	0.000227537
120	600	0.000236649
120	600	0.000243790
120	600	0.000237904
120	600	0.000237785
120	600	0.000249109
120	600	0.000249129
120	600	0.000249097
120	600	0.000290732
120	600	0.000279069
120	600	0.000278978
120	600	0.000337349
120	600	0.000317575
120	600	0.000307790
120	600	0.000307789
120	600	0.000315330
120	600	0.000336212
120	600	0.000327097
120	600	0.000307873
120	600	0.000327077
120	600	0.000327114
120	600	0.000327969
120	600	0.000307863
120	600	0.000316954
120	600	0.000315142
120	600	0.000336212
120	600	0.000360401
120	600	0.000307884
120	600	0.000307003
120	600	0.000319646
120	600	0.000350294
120	600	0.000348777
120	600	0.000326936
120	600	0.000359025
120	600	0.000333684
120	600	0.000307834
120	600	0.000327124
120	600	0.000317901
120	600	0.000332815
120	600	0.000307699
120	600	0.000310215
120	600	0.000326954
120	600	0.000327050
120	600	0.000326102
120	600	0.000327100
120	600	0.000307679
120	600	0.000327165
120	600	0.000327075
120	600	0.000363197
120	600	0.000326949
120	600	0.000327033
120	600	0.000313864
120	600	0.000327116
120	600	0.000337435
120	600	0.000295417
120	600	0.000298992
120	600	0.000327174
120	600	0.000327073
250	128	0.000077445
250	128	0.000077437
250	128	0.000082143
250	128	0.000077438
250	128	0.000076352
250	128	0.000077443
250	128	0.000077425
250	128	0.000077449
250	128	0.000075878
250	128	0.000077474
250	128	0.000076361
250	128	0.000077428
250	128	0.000095829
250	128	0.000077426
250	128	0.000077433
250	128	0.000076273
250	128	0.000077443
250	128	0.000077496
250	128	0.000075890
250	128	0.000077428
250	128	0.000077437
250	128	0.000077539
250	128	0.000077430
250	128	0.000080303
250	128	0.000080252
250	128	0.000080309
250	128	0.000080334
250	128	0.000080363
250	128	0.000080342
250	128	0.000084653
250	128	0.000080322
250	128	0.000144002
250	128	0.000078685
250	128	0.000089024
250	128	0.000090314
250	128	0.000090338
250	128	0.000090386
250	128	0.000089026
250	128	0.000088529
250	128	0.000090383
250	128	0.000090341
250	128	0.000090369
250	128	0.000088844
250	128	0.000094284
250	128	0.000094282
250	128	0.000092346
250	128	0.000098774
250	128	0.000098552
250	128	0.000098530
250	128	0.000096568
250	128	0.000098563
250	128	0.000098580
250	128	0.000098608
250	128	0.000097127
250	128	0.000098603
250	128	0.000103300
250	128	0.000103227
250	128	0.000103278
250	128	0.000106244
250	128	0.000112841
250	128	0.000106221
250	128	0.000108437
250	128	0.000114134
250	128	0.000121752
250	128	0.000120774
250	128	0.000115993
250	128	0.000133557
250	128	0.000135552
250	128	0.000132759
250	128	0.000135546
250	128	0.000135635
250	128	0.000135553
250	128	0.000135515
250	128	0.000132732
250	128	0.000135595
250	128	0.000135562
250	128	0.000135499
250	128	0.000135506
250	128	0.000135542
250	128	0.000133557
250	128	0.000132751
250	128	0.000135503
250	128	0.000132757
250	128	0.000132712
250	128	0.000135530
250	128	0.000135555
250	128	0.000148219
250	128	0.000144053
250	128	0.000133620
250	128	0.000135642
250	128	0.000133542
250	128	0.000135567
250	128	0.000135507
250	128	0.000135523
250	128	0.000132744
250	128	0.000135602
250	128	0.000135515
250	128	0.000132799
250	128	0.000135450
250	128	0.000135495
250	256	0.000152842
250	256	0.000152866
250	256	0.000158648
250	256	0.000152829
250	256	0.000152837
250	256	0.000149659
250	256	0.000152839
250	256	0.000152824
250	256	0.000156914
250	256	0.000152791
250	256	0.000152815
250	256	0.000149676
250	256	0.000152814
250	256	0.000152829
250	256	0.000163624
250	256	0.000152812
250	256	0.000152811
250	256	0.000150596
250	256	0.000152790
250	256	0.000152823
250	256	0.000152833
250	256	0.000152812
250	256	0.000149664
250	256	0.000156599
250	256	0.000152834
250	256	0.000152849
250	256	0.000152780
250	256	0.000171159
250	256	0.000171187
250	256	0.000171180
250	256	0.000175717
250	256	0.000203724
250	256	0.000203735
250	256	0.000199534
250	256	0.000225185
250	256	0.000225239
250	256	0.000232701
250	256	0.000223262
250	256	0.000195641
250	256	0.000190434
250	256	0.000190427
250	256	0.000203753
250	256	0.000200751
250	256	0.000203732
250	256	0.000211774
250	256	0.000220231
250	256	0.000218949
250	256	0.000214001
250	256	0.000203727
250	256	0.000203792
250	256	0.000203778
250	256	0.000237711
250	256	0.000232756
250	256	0.000237824
250	256	0.000225214
250	256	0.000225222
250	256	0.000225238
250	256	0.000250315
250	256	0.000267399
250	256	0.000267462
250	256	0.000267405
250	256	0.000277502
250	256	0.000246498
250	256	0.000263473
250	256	0.000267524
250	256	0.000263514
250	256	0.000267423
250	256	0.000267478
250	256	0.000276559
250	256	0.000262010
250	256	0.000267430
250	256	0.000251706
250	256	0.000267442
250	256	0.000267428
250	256	0.000261817
250	256	0.000267425
250	256	0.000262384
250	256	0.000282948
250	256	0.000276493
250	256	0.000267454
250	256	0.000267448
250	256	0.000261912
250	256	0.000267416
250	256	0.000267445
250	256	0.000277135
250	256	0.000259508
250	256	0.000267504
250	256	0.000267518
250	256	0.000267453
250	256	0.000267444
250	256	0.000277709
250	256	0.000246468
250	256	0.000267428
250	256	0.000246467
250	256	0.000267491
250	256	0.000267417
250	256	0.000301094
250	256	0.000274405
250	256	0.000246428
250	256	0.000267388
250	380	0.000225833
250	380	0.000225908
250	380	0.000225867
250	380	0.000225847
250	380	0.000221175
250	380	0.000231051
250	380	0.000222515
250	380	0.000225839
250	380	0.000225879
250	380	0.000221138
250	380	0.000226406
250	380	0.000225867
250	380	0.000221111
250	380	0.000221098
250	380	0.000225949
250	380	0.000234701
250	380	0.000225883
250	380	0.000221085
250	380	0.000225869
250	380	0.000225904
250	380	0.000222468
250	380	0.000225860
250	380	0.000225826
250	380	0.000237780
250	380	0.000221105
250	380	0.000274932
250	380	0.000270789
250	380	0.000274932
250	380	0.000301068
250	380	0.000301114
250	380	0.000301106
250	380	0.000332878
250	380	0.000327696
250	380	0.000325811
250	380	0.000372061
250	380	0.000376732
250	380	0.000393942
250	380	0.000375918
250	380	0.000402676
250	380	0.000396981
250	380	0.000371942
250	380	0.000389287
250	380	0.000406184
250	380	0.000372053
250	380	0.000386953
250	380	0.000409228
250	380	0.000395174
250	380	0.000395275
250	380	0.000408260
250	380	0.000376637
250	380	0.000389368
250	380	0.000404350
250	380	0.000395302
250	380	0.000375898
250	380	0.000402910
250	380	0.000409166
250	380	0.000378948
250	380	0.000395294
250	380	0.000403599
250	380	0.000366252
250	380	0.000395193
250	380	0.000407031
250	380	0.000395203
250	380	0.000371917
250	380	0.000402879
250	380	0.000408805
250	380	0.000372741
250	380	0.000417983
250	380	0.000404192
250	380	0.000367130
250	380	0.000395318
250	380	0.000406361
250	380	0.000371957
250	380	0.000385868
250	380	0.000401589
250	380	0.000395273
250	380	0.000374421
250	380	0.000406050
250	380	0.000375397
250	380	0.000395279
250	380	0.000405224
250	380	0.000372020
250	380	0.000378760
250	380	0.000405154
250	380	0.000395368
250	380	0.000378110
250	380	0.000406713
250	380	0.000364120
250	380	0.000379305
250	380	0.000408074
250	380	0.000395271
250	380	0.000395275
250	380	0.000412935
250	380	0.000376268
250	380	0.000395185
250	380	0.000406468
250	380	0.000372018
250	380	0.000400097
250	380	0.000408535
250	380	0.000395197
250	510	0.000308370
250	510	0.000308194
250	510	0.000307344
250	510	0.000312294
250	510	0.000306850
250	510	0.000302363
250	510	0.000302408
250	510	0.000296019
250	510	0.000302454
250	510	0.000297918
250	510	0.000296058
250	510	0.000306538
250	510	0.000331312
250	510	0.000302394
250	510	0.000302392
250	510	0.000302429
250	510	0.000295993
250	510	0.000316116
250	510	0.000307714
250	510	0.000309356
250	510	0.000296006
250	510	0.000302363
250	510	0.000297848
250	510	0.000302456
250	510	0.000312388
250	510	0.000313562
250	510	0.000308884
250	510	0.000329610
250	510	0.000303430
250	510	0.000302454
250	510	0.000296056
250	510	0.000352852
250	510	0.000352809
250	510	0.000352823
250	510	0.000403220
250	510	0.000403605
250	510	0.000415875
250	510	0.000430097
250	510	0.000423414
250	510	0.000470352
250	510	0.000473944
250	510	0.000445618
250	510	0.000436240
250	510	0.000438984
250	510	0.000539994
250	510	0.000514815
250	510	0.000543093
250	510	0.000519096
250	510	0.000539144
250	510	0.000500110
250	510	0.000535136
250	510	0.000512135
250	510	0.000499672
250	510	0.000541381
250	510	0.000513224
250	510	0.000540912
250	510	0.000509945
250	510	0.000538005
250	510	0.000517212
250	510	0.000536598
250	510	0.000529245
250	510	0.000537074
250	510	0.000488080
250	510	0.000539014
250	510	0.000503133
250	510	0.000518209
250	510	0.000506743
250	510	0.000500431
250	510	0.000539549
250	510	0.000490633
250	510	0.000536402
250	510	0.000498059
250	510	0.000498129
250	510	0.000536187
250	510	0.000509590
250	510	0.000564739
250	510	0.000498067
250	510	0.000515145
250	510	0.000550750
250	510	0.000546865
250	510	0.000525062
250	510	0.000506739
250	510	0.000512300
250	510	0.000536365
250	510	0.000528109
250	510	0.000528971
250	510	0.000535507
250	510	0.000528278
250	510	0.000563081
250	510	0.000517985
250	510	0.000536546
250	510	0.000501039
250	510	0.000535953
250	510	0.000527947
250	510	0.000501226
250	510	0.000539575
250	510	0.000498097
250	510	0.000537522
250	510	0.000506082
250	510	0.000536122
250	600	0.000355424
250	600	0.000355392
250	600	0.000355350
250	600	0.000355462
250	600	0.000350041
250	600	0.000347909
250	600	0.000355410
250	600	0.000355400
250	600	0.000355369
250	600	0.000355458
250	600	0.000355451
250	600	0.000388944
250	600	0.000359173
250	600	0.000359586
250	600	0.000360427
250	600	0.000361112
250	600	0.000381495
250	600	0.000360856
250	600	0.000361204
250	600	0.000355403
250	600	0.000355363
250	600	0.000355460
250	600	0.000347878
250	600	0.000368610
250	600	0.000368630
250	600	0.000368542
250	600	0.000383156
250	600	0.000374624
250	600	0.000382826
250	600	0.000469045
250	600	0.000490142
250	600	0.000518224
250	600	0.000490052
250	600	0.000497647
250	600	0.000632187
250	600	0.000621948
250	600	0.000636950
250	600	0.000615537
250	600	0.000632458
250	600	0.000629623
250	600	0.000585327
250	600	0.000629544
250	600	0.000600732
250	600	0.000628934
250	600	0.000621883
250	600	0.000645306
250	600	0.000607452
250	600	0.000564849
250	600	0.000523738
250	600	0.000529089
250	600	0.000558700
250	600	0.000552814
250	600	0.000559182
250	600	0.000552928
250	600	0.000594024
250	600	0.000573592
250	600	0.000644846
250	600	0.000600569
250	600	0.000629516
250	600	0.000628011
250	600	0.000631262
250	600	0.000634892
250	600	0.000602330
250	600	0.000635635
250	600	0.000608837
250	600	0.000632500
250	600	0.000631580
250	600	0.000622067
250	600	0.000629394
250	600	0.000585345
250	600	0.000625884
250	600	0.000609909
250	600	0.000628509
250	600	0.000611628
250	600	0.000668551
250	600	0.000607344
250	600	0.000626076
250	600	0.000627499
250	600	0.000664315
250	600	0.000669696
250	600	0.000607221
250	600	0.000634911
250	600	0.000607016
250	600	0.000630560
250	600	0.000639234
250	600	0.000628223
250	600	0.000634927
250	600	0.000612388
250	600	0.000623349
250	600	0.000622048
250	600	0.000626963
250	600	0.000609916
250	600	0.000631078
250	600	0.000600758
250	600	0.000615006
250	600	0.000633085
250	600	0.000602289
250	600	0.000633588
250	600	0.000611325
250	600	0.000621900
380	128	0.000114192
380	128	0.000114211
380	128	0.000114200
380	128	0.000114209
380	128	0.000114200
380	128	0.000114209
380	128	0.000114209
380	128	0.000114217
380	128	0.000113078
380	128	0.000112633
380	128	0.000119890
380	128	0.000114175
380	128	0.000114196
380	128	0.000112636
380	128	0.000114232
380	128	0.000112630
380	128	0.000114178
380	128	0.000114225
380	128	0.000112664
380	128	0.000114214
380	128	0.000114204
380	128	0.000131950
380	128	0.000133224
380	128	0.000137246
380	128	0.000133257
380	128	0.000168324
380	128	0.000168318
380	128	0.000165992
380	128	0.000199925
380	128	0.000199860
380	128	0.000197931
380	128	0.000199839
380	128	0.000197153
380	128	0.000208946
380	128	0.000209759
380	128	0.000248833
380	128	0.000199904
380	128	0.000188161
380	128	0.000188093
380	128	0.000199822
380	128	0.000199886
380	128	0.000199817
380	128	0.000199830
380	128	0.000199282
380	128	0.000199800
380	128	0.000199936
380	128	0.000211245
380	128	0.000217500
380	128	0.000197590
380	128	0.000209515
380	128	0.000193765
380	128	0.000194700
380	128	0.000206290
380	128	0.000210278
380	128	0.000194122
380	128	0.000207623
380	128	0.000188153
380	128	0.000199903
380	128	0.000188085
380	128	0.000199901
380	128	0.000188119
380	128	0.000199824
380	128	0.000199844
380	128	0.000199844
380	128	0.000197074
380	128	0.000199846
380	128	0.000199874
380	128	0.000199878
380	128	0.000209701
380	128	0.000210989
380	128	0.000197097
380	128	0.000189710
380	128	0.000199944
380	128	0.000188108
380	128	0.000199847
380	128	0.000199908
380	128	0.000199791
380	128	0.000199861
380	128	0.000197108
380	128	0.000199875
380	128	0.000207278
380	128	0.000188180
380	128	0.000199861
380	128	0.000188175
380	128	0.000199858
380	128	0.000197935
380	128	0.000199871
380	128	0.000199890
380	128	0.000197130
380	128	0.000256228
380	128	0.000196321
380	128	0.000194172
380	128	0.000210094
380	128	0.000200448
380	128	0.000199938
380	128	0.000188134
380	128	0.000199919
380	128	0.000199851
380	128	0.000192508
380	128	0.000185523
380	256	0.000225358
380	256	0.000223058
380	256	0.000230667
380	256	0.000225340
380	256	0.000225336
380	256	0.000225340
380	256	0.000225324
380	256	0.000229928
380	256	0.000222164
380	256	0.000225337
380	256	0.000225330
380	256	0.000230990
380	256	0.000225332
380	256	0.000222155
380	256	0.000225323
380	256	0.000225385
380	256	0.000225364
380	256	0.000225336
380	256	0.000225323
380	256	0.000233813
380	256	0.000225287
380	256	0.000223076
380	256	0.000225321
380	256	0.000225325
380	256	0.000225332
380	256	0.000222146
380	256	0.000222135
380	256	0.000264774
380	256	0.000225331
380	256	0.000222120
380	256	0.000225327
380	256	0.000230470
380	256	0.000222154
380	256	0.000225335
380	256	0.000225333
380	256	0.000222146
380	256	0.000225288
380	256	0.000255361
380	256	0.000252362
380	256	0.000252410
380	256	0.000252353
380	256	0.000271568
380	256	0.000274358
380	256	0.000271560
380	256	0.000274298
380	256	0.000274359
380	256	0.000274328
380	256	0.000282935
380	256	0.000286792
380	256	0.000286772
380	256	0.000274269
380	256	0.000274276
380	256	0.000278053
380	256	0.000279296
380	256	0.000353775
380	256	0.000350460
380	256	0.000310990
380	256	0.000315455
380	256	0.000311064
380	256	0.000332052
380	256	0.000327366
380	256	0.000327392
380	256	0.000351270
380	256	0.000339300
380	256	0.000371175
380	256	0.000371083
380	256	0.000395851
380	256	0.000401091
380	256	0.000371157
380	256	0.000371965
380	256	0.000401682
380	256	0.000403247
380	256	0.000371104
380	256	0.000380427
380	256	0.000400588
380	256	0.000380555
380	256	0.000371098
380	256	0.000394408
380	256	0.000401257
380	256	0.000408016
380	256	0.000371116
380	256	0.000385290
380	256	0.000405323
380	256	0.000378194
380	256	0.000394325
380	256	0.000402982
380	256	0.000370379
380	256	0.000394369
380	256	0.000411190
380	256	0.000373160
380	256	0.000394359
380	256	0.000402908
380	256	0.000373461
380	256	0.000394333
380	256	0.000402603
380	256	0.000374968
380	256	0.000394303
380	256	0.000404702
380	256	0.000389793
380	256	0.000403968
380	380	0.000332981
380	380	0.000332981
380	380	0.000328275
380	380	0.000337260
380	380	0.000332966
380	380	0.000333000
380	380	0.000332966
380	380	0.000338156
380	380	0.000337576
380	380	0.000337796
380	380	0.000338842
380	380	0.000333011
380	380	0.000332961
380	380	0.000332944
380	380	0.000332992
380	380	0.000332926
380	380	0.000336518
380	380	0.000353636
380	380	0.000336957
380	380	0.000336614
380	380	0.000338335
380	380	0.000339990
380	380	0.000333008
380	380	0.000332918
380	380	0.000328236
380	380	0.000332988
380	380	0.000333002
380	380	0.000366157
380	380	0.000372907
380	380	0.000372975
380	380	0.000405313
380	380	0.000405316
380	380	0.000405422
380	380	0.000523890
380	380	0.000510576
380	380	0.000518075
380	380	0.000527189
380	380	0.000517928
380	380	0.000524707
380	380	0.000548393
380	380	0.000592086
380	380	0.000558751
380	380	0.000591265
380	380	0.000548356
380	380	0.000570483
380	380	0.000548402
380	380	0.000553901
380	380	0.000540563
380	380	0.000542823
380	380	0.000548289
380	380	0.000517919
380	380	0.000545377
380	380	0.000554528
380	380	0.000557829
380	380	0.000555196
380	380	0.000567482
380	380	0.000602630
380	380	0.000567746
380	380	0.000588880
380	380	0.000582729
380	380	0.000559319
380	380	0.000553987
380	380	0.000570825
380	380	0.000589678
380	380	0.000582510
380	380	0.000591022
380	380	0.000563753
380	380	0.000619849
380	380	0.000575001
380	380	0.000591779
380	380	0.000582734
380	380	0.000593921
380	380	0.000563337
380	380	0.000607068
380	380	0.000572831
380	380	0.000584883
380	380	0.000575025
380	380	0.000590738
380	380	0.000582705
380	380	0.000593266
380	380	0.000574414
380	380	0.000599520
380	380	0.000563782
380	380	0.000595820
380	380	0.000582722
380	380	0.000588640
380	380	0.000567604
380	380	0.000614896
380	380	0.000566638
380	380	0.000562421
380	380	0.000548528
380	380	0.000557690
380	380	0.000548353
380	380	0.000548422
380	380	0.000498291
380	380	0.000501060
380	380	0.000443915
380	380	0.000443979
380	380	0.000450495
380	380	0.000497142
380	510	0.000453498
380	510	0.000452306
380	510	0.000445827
380	510	0.000445799
380	510	0.000445773
380	510	0.000439451
380	510	0.000445830
380	510	0.000454168
380	510	0.000451436
380	510	0.000450479
380	510	0.000443981
380	510	0.000451525
380	510	0.000472048
380	510	0.000453034
380	510	0.000449217
380	510	0.000450651
380	510	0.000474470
380	510	0.000451790
380	510	0.000449776
380	510	0.000445703
380	510	0.000487292
380	510	0.000445812
380	510	0.000445831
380	510	0.000445811
380	510	0.000445817
380	510	0.000445798
380	510	0.000445788
380	510	0.000445870
380	510	0.000445833
380	510	0.000445855
380	510	0.000445867
380	510	0.000439448
380	510	0.000439463
380	510	0.000461214
380	510	0.000504037
380	510	0.000515241
380	510	0.000512321
380	510	0.000547855
380	510	0.000534954
380	510	0.000573811
380	510	0.000573663
380	510	0.000693545
380	510	0.000721018
380	510	0.000734256
380	510	0.000745344
380	510	0.000743315
380	510	0.000718354
380	510	0.000700214
380	510	0.000701000
380	510	0.000726891
380	510	0.000779843
380	510	0.000757823
380	510	0.000767980
380	510	0.000744808
380	510	0.000780888
380	510	0.000782527
380	510	0.000793320
380	510	0.000765520
380	510	0.000693587
380	510	0.000701134
380	510	0.000699450
380	510	0.000702960
380	510	0.000701716
380	510	0.000771808
380	510	0.000742564
380	510	0.000795576
380	510	0.000777146
380	510	0.000734263
380	510	0.000756321
380	510	0.000731714
380	510	0.000734272
380	510	0.000742126
380	510	0.000743001
380	510	0.000734348
380	510	0.000744497
380	510	0.000727327
380	510	0.000661505
380	510	0.000661844
380	510	0.000657008
380	510	0.000680064
380	510	0.000757866
380	510	0.000787741
380	510	0.000741536
380	510	0.000767430
380	510	0.000763504
380	510	0.000800751
380	510	0.000770642
380	510	0.000759753
380	510	0.000778271
380	510	0.000783661
380	510	0.000774841
380	510	0.000751634
380	510	0.000762739
380	510	0.000766875
380	510	0.000743375
380	510	0.000717714
380	510	0.000704818
380	510	0.000734413
380	510	0.000752787
380	510	0.000751889
380	600	0.000529243
380	600	0.000523877
380	600	0.000523931
380	600	0.000530012
380	600	0.000527630
380	600	0.000529199
380	600	0.000528964
380	600	0.000523938
380	600	0.000523927
380	600	0.000523932
380	600	0.000523960
380	600	0.000529186
380	600	0.000528795
380	600	0.000542767
380	600	0.000527588
380	600	0.000524172
380	600	0.000518673
380	600	0.000523899
380	600	0.000597022
380	600	0.000591002
380	600	0.000678586
380	600	0.000702614
380	600	0.000705567
380	600	0.000698637
380	600	0.000787183
380	600	0.000911090
380	600	0.000868253
380	600	0.000888313
380	600	0.000962349
380	600	0.000868685
380	600	0.000901393
380	600	0.000895120
380	600	0.000887628
380	600	0.000899597
380	600	0.000890942
380	600	0.000915271
380	600	0.000909636
380	600	0.000923084
380	600	0.000939766
380	600	0.000916730
380	600	0.000907437
380	600	0.000866777
380	600	0.000893139
380	600	0.000862920
380	600	0.000899847
380	600	0.000914643
380	600	0.000929706
380	600	0.000924790
380	600	0.000925490
380	600	0.000919569
380	600	0.000906078
380	600	0.000904413
380	600	0.000912987
380	600	0.000884352
380	600	0.000927603
380	600	0.000929243
380	600	0.000899077
380	600	0.000922641
380	600	0.000925586
380	600	0.000921044
380	600	0.000916894
380	600	0.000923075
380	600	0.000865657
380	600	0.000916899
380	600	0.000889246
380	600	0.000923493
380	600	0.000915965
380	600	0.000924966
380	600	0.000912083
380	600	0.000911683
380	600	0.000912530
380	600	0.000905998
380	600	0.000865812
380	600	0.000898100
380	600	0.000919115
380	600	0.000925154
380	600	0.000917422
380	600	0.000917581
380	600	0.000922270
380	600	0.000904412
380	600	0.000931375
380	600	0.000881139
380	600	0.000862915
380	600	0.000911864
380	600	0.000875023
380	600	0.000915510
380	600	0.000907660
380	600	0.000902120
380	600	0.000862977
380	600	0.000909784
380	600	0.000919334
380	600	0.000932900
380	600	0.000865380
380	600	0.000839904
380	600	0.000838936
380	600	0.000871365
380	600	0.000871940
380	600	0.000893416
380	600	0.000916326
380	600	0.000920706
510	128	0.000156626
510	128	0.000149864
510	128	0.000150981
510	128	0.000150975
510	128	0.000156070
510	128	0.000150957
510	128	0.000150951
510	128	0.000156318
510	128	0.000150975
510	128	0.000150960
510	128	0.000156401
510	128	0.000150978
510	128	0.000150955
510	128	0.000150962
510	128	0.000150979
510	128	0.000150966
510	128	0.000151015
510	128	0.000149851
510	128	0.000149865
510	128	0.000150986
510	128	0.000149379
510	128	0.000151011
510	128	0.000157229
510	128	0.000150962
510	128	0.000150978
510	128	0.000154949
510	128	0.000149843
510	128	0.000149380
510	128	0.000154944
510	128	0.000150958
510	128	0.000151012
510	128	0.000150984
510	128	0.000156891
510	128	0.000167839
510	128	0.000169250
510	128	0.000169132
510	128	0.000167808
510	128	0.000169072
510	128	0.000167312
510	128	0.000169136
510	128	0.000170758
510	128	0.000192129
510	128	0.000192166
510	128	0.000192193
510	128	0.000192161
510	128	0.000197363
510	128	0.000192161
510	128	0.000190930
510	128	0.000199202
510	128	0.000201287
510	128	0.000201265
510	128	0.000205042
510	128	0.000211338
510	128	0.000211367
510	128	0.000225533
510	128	0.000233103
510	128	0.000232374
510	128	0.000220144
510	128	0.000222466
510	128	0.000222482
510	128	0.000235100
510	128	0.000234851
510	128	0.000234815
510	128	0.000234835
510	128	0.000234836
510	128	0.000234877
510	128	0.000248657
510	128	0.000246057
510	128	0.000248670
510	128	0.000201309
510	128	0.000201312
510	128	0.000201268
510	128	0.000222463
510	128	0.000222434
510	128	0.000222500
510	128	0.000246033
510	128	0.000246025
510	128	0.000251546
510	128	0.000264191
510	128	0.000272267
510	128	0.000279023
510	128	0.000248679
510	128	0.000248615
510	128	0.000256252
510	128	0.000248706
510	128	0.000264170
510	128	0.000264216
510	128	0.000287252
510	128	0.000254008
510	128	0.000263096
510	128	0.000248606
510	128	0.000264173
510	128	0.000264252
510	128	0.000264144
510	128	0.000291890
510	128	0.000273766
510	128	0.000273970
510	128	0.000248656
510	128	0.000249037
510	128	0.000246093
510	256	0.000297794
510	256	0.000297839
510	256	0.000297812
510	256	0.000297829
510	256	0.000297835
510	256	0.000297820
510	256	0.000297800
510	256	0.000301762
510	256	0.000301568
510	256	0.000307916
510	256	0.000295603
510	256	0.000294655
510	256	0.000294657
510	256	0.000297823
510	256	0.000297804
510	256	0.000302189
510	256	0.000302278
510	256	0.000294631
510	256	0.000297795
510	256	0.000297864
510	256	0.000297824
510	256	0.000303012
510	256	0.000303727
510	256	0.000302779
510	256	0.000294676
510	256	0.000297803
510	256	0.000297874
510	256	0.000295564
510	256	0.000297813
510	256	0.000301720
510	256	0.000294613
510	256	0.000305568
510	256	0.000308853
510	256	0.000308872
510	256	0.000333561
510	256	0.000330028
510	256	0.000333591
510	256	0.000362604
510	256	0.000362518
510	256	0.000362573
510	256	0.000397096
510	256	0.000397092
510	256	0.000404280
510	256	0.000402962
510	256	0.000417566
510	256	0.000379062
510	256	0.000374995
510	256	0.000379088
510	256	0.000347489
510	256	0.000347471
510	256	0.000347501
510	256	0.000358758
510	256	0.000359827
510	256	0.000359804
510	256	0.000397079
510	256	0.000392826
510	256	0.000397059
510	256	0.000402748
510	256	0.000404151
510	256	0.000463356
510	256	0.000472219
510	256	0.000470212
510	256	0.000463301
510	256	0.000458817
510	256	0.000533006
510	256	0.000509096
510	256	0.000530859
510	256	0.000503879
510	256	0.000530191
510	256	0.000496511
510	256	0.000529119
510	256	0.000492370
510	256	0.000530074
510	256	0.000521258
510	256	0.000523798
510	256	0.000517247
510	256	0.000532591
510	256	0.000521197
510	256	0.000531355
510	256	0.000493894
510	256	0.000531404
510	256	0.000502344
510	256	0.000528810
510	256	0.000520645
510	256	0.000569496
510	256	0.000500184
510	256	0.000530512
510	256	0.000515125
510	256	0.000526732
510	256	0.000509914
510	256	0.000497522
510	256	0.000508649
510	256	0.000555658
510	256	0.000525129
510	256	0.000510179
510	256	0.000562195
510	256	0.000505863
510	256	0.000530793
510	256	0.000500089
510	256	0.000529936
510	380	0.000445583
510	380	0.000440069
510	380	0.000440062
510	380	0.000435359
510	380	0.000435356
510	380	0.000436690
510	380	0.000440090
510	380	0.000440096
510	380	0.000440122
510	380	0.000440067
510	380	0.000440128
510	380	0.000440109
510	380	0.000440055
510	380	0.000440117
510	380	0.000445551
510	380	0.000461585
510	380	0.000445701
510	380	0.000444131
510	380	0.000444847
510	380	0.000446277
510	380	0.000447523
510	380	0.000445961
510	380	0.000445734
510	380	0.000471653
510	380	0.000445292
510	380	0.000446022
510	380	0.000442579
510	380	0.000465387
510	380	0.000445532
510	380	0.000444630
510	380	0.000436671
510	380	0.000436709
510	380	0.000440083
510	380	0.000507875
510	380	0.000513472
510	380	0.000522158
510	380	0.000543437
510	380	0.000535814
510	380	0.000583812
510	380	0.000565705
510	380	0.000560089
510	380	0.000580230
510	380	0.000565933
510	380	0.000560135
510	380	0.000560172
510	380	0.000563891
510	380	0.000560182
510	380	0.000678372
510	380	0.000648514
510	380	0.000653425
510	380	0.000643592
510	380	0.000773259
510	380	0.000790507
510	380	0.000730290
510	380	0.000768634
510	380	0.000777865
510	380	0.000778092
510	380	0.000791957
510	380	0.000749913
510	380	0.000778114
510	380	0.000776239
510	380	0.000795798
510	380	0.000754106
510	380	0.000773879
510	380	0.000778834
510	380	0.000749346
510	380	0.000749420
510	380	0.000760988
510	380	0.000731437
510	380	0.000767957
510	380	0.000752462
510	380	0.000772022
510	380	0.000758872
510	380	0.000774757
510	380	0.000741120
510	380	0.000773715
510	380	0.000777754
510	380	0.000731398
510	380	0.000760863
510	380	0.000784154
510	380	0.000735703
510	380	0.000773125
510	380	0.000780252
510	380	0.000774391
510	380	0.000722393
510	380	0.000766583
510	380	0.000778220
510	380	0.000788220
510	380	0.000750532
510	380	0.000778100
510	380	0.000771205
510	380	0.000741369
510	380	0.000796759
510	380	0.000772697
510	380	0.000810896
510	380	0.000755562
510	380	0.000769932
510	380	0.000786612
510	380	0.000780442
510	380	0.000752332
510	510	0.000598297
510	510	0.000589262
510	510	0.000595917
510	510	0.000594062
510	510	0.000595074
510	510	0.000589211
510	510	0.000596252
510	510	0.000599306
510	510	0.000589222
510	510	0.000582891
510	510	0.000595974
510	510	0.000609510
510	510	0.000590306
510	510	0.000589285
510	510	0.000589251
510	510	0.000639760
510	510	0.000639696
510	510	0.000589258
510	510	0.000582866
510	510	0.000595173
510	510	0.000692870
510	510	0.000693936
510	510	0.000757354
510	510	0.000756374
510	510	0.000750061
510	510	0.000905067
510	510	0.000921593
510	510	0.000920652
510	510	0.000909612
510	510	0.000876539
510	510	0.000792125
510	510	0.000789352
510	510	0.000974270
510	510	0.000999985
510	510	0.000973688
510	510	0.000865980
510	510	0.000868281
510	510	0.000885325
510	510	0.000892664
510	510	0.000936764
510	510	0.000977950
510	510	0.000897052
510	510	0.000873699
510	510	0.000824919
510	510	0.000843176
510	510	0.001023220
510	510	0.001019286
510	510	0.000973312
510	510	0.001032473
510	510	0.001026384
510	510	0.001016761
510	510	0.001037972
510	510	0.001039623
510	510	0.001033552
510	510	0.001022291
510	510	0.001031079
510	510	0.001059493
510	510	0.001037133
510	510	0.001036064
510	510	0.001020109
510	510	0.001019026
510	510	0.001021305
510	510	0.000920144
510	510	0.000930955
510	510	0.001019140
510	510	0.001033861
510	510	0.001020497
510	510	0.001009887
510	510	0.001032496
510	510	0.001040088
510	510	0.001026116
510	510	0.001046266
510	510	0.001027283
510	510	0.000976135
510	510	0.001005068
510	510	0.000969244
510	510	0.000995707
510	510	0.001026063
510	510	0.000970688
510	510	0.000994763
510	510	0.001028700
510	510	0.000974595
510	510	0.001026603
510	510	0.000974494
510	510	0.000916577
510	510	0.000936838
510	510	0.000981921
510	510	0.000981357
510	510	0.000978971
510	510	0.000981149
510	510	0.001015571
510	510	0.001018113
510	510	0.001042393
510	510	0.000935821
510	510	0.000930000
510	510	0.000691265
510	510	0.000696399
510	510	0.000924326
510	510	0.000974465
510	510	0.000976352
510	600	0.000696750
510	600	0.000692576
510	600	0.000697563
510	600	0.000685058
510	600	0.000698126
510	600	0.000697843
510	600	0.000692557
510	600	0.000697124
510	600	0.000687143
510	600	0.000699383
510	600	0.000708033
510	600	0.000685003
510	600	0.000697088
510	600	0.000698837
510	600	0.000697871
510	600	0.000694519
510	600	0.000692461
510	600	0.000697104
510	600	0.000691028
510	600	0.000685003
510	600	0.000697104
510	600	0.000722848
510	600	0.000745718
510	600	0.000789562
510	600	0.000807944
510	600	0.000821364
510	600	0.000813613
510	600	0.000920391
510	600	0.000972254
510	600	0.000773019
510	600	0.000782328
510	600	0.000921994
510	600	0.000966074
510	600	0.001029912
510	600	0.001154752
510	600	0.001145820
510	600	0.001208324
510	600	0.001228718
510	600	0.001075694
510	600	0.001152468
510	600	0.001201610
510	600	0.001245459
510	600	0.001012135
510	600	0.001028919
510	600	0.000975411
510	600	0.000958170
510	600	0.000927877
510	600	0.000886938
510	600	0.000890776
510	600	0.000712476
510	600	0.000697625
510	600	0.000709215
510	600	0.000692493
510	600	0.000697160
510	600	0.000697740
510	600	0.000692542
510	600	0.000750234
510	600	0.000745849
510	600	0.000773171
510	600	0.000787420
510	600	0.000852448
510	600	0.000806070
510	600	0.000760744
510	600	0.000765027
510	600	0.001032564
510	600	0.000918139
510	600	0.000887514
510	600	0.001159603
510	600	0.001167744
510	600	0.001209854
510	600	0.001205271
510	600	0.001187102
510	600	0.001145050
510	600	0.001221060
510	600	0.001194840
510	600	0.001144976
510	600	0.001202905
510	600	0.001235885
510	600	0.001215185
510	600	0.001182945
510	600	0.001195752
510	600	0.001222761
510	600	0.001203435
510	600	0.001208640
510	600	0.001222123
510	600	0.001218747
510	600	0.001145341
510	600	0.001149692
510	600	0.001203825
510	600	0.001175334
510	600	0.001157163
510	600	0.001198584
510	600	0.001146290
510	600	0.001187640
510	600	0.001155860
510	600	0.001144539
510	600	0.001214917
510	600	0.001192530
510	600	0.001174867
510	600	0.001138062
600	128	0.000177755
600	128	0.000177740
600	128	0.000177766
600	128	0.000174835
600	128	0.000175331
600	128	0.000177790
600	128	0.000177781
600	128	0.000181352
600	128	0.000177819
600	128	0.000175979
600	128	0.000177764
600	128	0.000181568
600	128	0.000175285
600	128	0.000174883
600	128	0.000177789
600	128	0.000177843
600	128	0.000177796
600	128	0.000175972
600	128	0.000184741
600	128	0.000177811
600	128	0.000177766
600	128	0.000177748
600	128	0.000177783
600	128	0.000174823
600	128	0.000175292
600	128	0.000200006
600	128	0.000177765
600	128	0.000177798
600	128	0.000177776
600	128	0.000177776
600	128	0.000177775
600	128	0.000198304
600	128	0.000177778
600	128	0.000177806
600	128	0.000184347
600	128	0.000184396
600	128	0.000184346
600	128	0.000181912
600	128	0.000188480
600	128	0.000191455
600	128	0.000191438
600	128	0.000188325
600	128	0.000216411
600	128	0.000223554
600	128	0.000216417
600	128	0.000216462
600	128	0.000207396
600	128	0.000207403
600	128	0.000213463
600	128	0.000207379
600	128	0.000191469
600	128	0.000191441
600	128	0.000188322
600	128	0.000191470
600	128	0.000216397
600	128	0.000216394
600	128	0.000216445
600	128	0.000221670
600	128	0.000199080
600	128	0.000199087
600	128	0.000199108
600	128	0.000199139
600	128	0.000204297
600	128	0.000199090
600	128	0.000199114
600	128	0.000208190
600	128	0.000207419
600	128	0.000255514
600	128	0.000207436
600	128	0.000226261
600	128	0.000226287
600	128	0.000222547
600	128	0.000292847
600	128	0.000288747
600	128	0.000324778
600	128	0.000314041
600	128	0.000292744
600	128	0.000288026
600	128	0.000311151
600	128	0.000317886
600	128	0.000322233
600	128	0.000293207
600	128	0.000311086
600	128	0.000311133
600	128	0.000321384
600	128	0.000288734
600	128	0.000306780
600	128	0.000311101
600	128	0.000310468
600	128	0.000320296
600	128	0.000311159
600	128	0.000311133
600	128	0.000311057
600	128	0.000321545
600	128	0.000326901
600	128	0.000292807
600	128	0.000311127
600	128	0.000311160
600	128	0.000305980
600	128	0.000313461
600	256	0.000355609
600	256	0.000356855
600	256	0.000356257
600	256	0.000350756
600	256	0.000350744
600	256	0.000350765
600	256	0.000350754
600	256	0.000344841
600	256	0.000344840
600	256	0.000350771
600	256	0.000344840
600	256	0.000350730
600	256	0.000350734
600	256	0.000350775
600	256	0.000344818
600	256	0.000344810
600	256	0.000350738
600	256	0.000350741
600	256	0.000350797
600	256	0.000344846
600	256	0.000350740
600	256	0.000372917
600	256	0.000381627
600	256	0.000377934
600	256	0.000411547
600	256	0.000409215
600	256	0.000409253
600	256	0.000427040
600	256	0.000419792
600	256	0.000434639
600	256	0.000459617
600	256	0.000455321
600	256	0.000460987
600	256	0.000459815
600	256	0.000482960
600	256	0.000500695
600	256	0.000491103
600	256	0.000491041
600	256	0.000490683
600	256	0.000609007
600	256	0.000611774
600	256	0.000577687
600	256	0.000616917
600	256	0.000583458
600	256	0.000624579
600	256	0.000615691
600	256	0.000589791
600	256	0.000583708
600	256	0.000584622
600	256	0.000607167
600	256	0.000567962
600	256	0.000629227
600	256	0.000598323
600	256	0.000626375
600	256	0.000585764
600	256	0.000577722
600	256	0.000608708
600	256	0.000649698
600	256	0.000622049
600	256	0.000613793
600	256	0.000639774
600	256	0.000615800
600	256	0.000595625
600	256	0.000629819
600	256	0.000613815
600	256	0.000613586
600	256	0.000592848
600	256	0.000621032
600	256	0.000621529
600	256	0.000607542
600	256	0.000615175
600	256	0.000613808
600	256	0.000612596
600	256	0.000612869
600	256	0.000605337
600	256	0.000617611
600	256	0.000595938
600	256	0.000623095
600	256	0.000619719
600	256	0.000619745
600	256	0.000585747
600	256	0.000612357
600	256	0.000597521
600	256	0.000610928
600	256	0.000610029
600	256	0.000604708
600	256	0.000622676
600	256	0.000613795
600	256	0.000623412
600	256	0.000611984
600	256	0.000604641
600	256	0.000628630
600	256	0.000599436
600	256	0.000581886
600	256	0.000615451
600	256	0.000606361
600	256	0.000621543
600	256	0.000601514
600	256	0.000622089
600	256	0.000620330
600	380	0.000521328
600	380	0.000518344
600	380	0.000518327
600	380	0.000523271
600	380	0.000517514
600	380	0.000524599
600	380	0.000522692
600	380	0.000509505
600	380	0.000509541
600	380	0.000509522
600	380	0.000523789
600	380	0.000523166
600	380	0.000526715
600	380	0.000518329
600	380	0.000518318
600	380	0.000518366
600	380	0.000526631
600	380	0.000527550
600	380	0.000525556
600	380	0.000520867
600	380	0.000509573
600	380	0.000518330
600	380	0.000509547
600	380	0.000522605
600	380	0.000530971
600	380	0.000520655
600	380	0.000522220
600	380	0.000518290
600	380	0.000518304
600	380	0.000518319
600	380	0.000544429
600	380	0.000535433
600	380	0.000558191
600	380	0.000562941
600	380	0.000558171
600	380	0.000611483
600	380	0.000610171
600	380	0.000725657
600	380	0.000730947
600	380	0.000725593
600	380	0.000743267
600	380	0.000915066
600	380	0.000871615
600	380	0.000860935
600	380	0.000811145
600	380	0.000813060
600	380	0.000851235
600	380	0.000890190
600	380	0.000917490
600	380	0.000850893
600	380	0.000869429
600	380	0.000894371
600	380	0.000853633
600	380	0.000901332
600	380	0.000909973
600	380	0.000888448
600	380	0.000879978
600	380	0.000794699
600	380	0.000812405
600	380	0.000765542
600	380	0.000750838
600	380	0.000788903
600	380	0.000733862
600	380	0.000713350
600	380	0.000694615
600	380	0.000659680
600	380	0.000672638
600	380	0.000715253
600	380	0.000772808
600	380	0.000919300
600	380	0.000902351
600	380	0.000896180
600	380	0.000861518
600	380	0.000904465
600	380	0.000906319
600	380	0.000899369
600	380	0.000906060
600	380	0.000883575
600	380	0.000856135
600	380	0.000853705
600	380	0.000878008
600	380	0.000894905
600	380	0.000890539
600	380	0.000910132
600	380	0.000899191
600	380	0.000857995
600	380	0.000902328
600	380	0.000896411
600	380	0.000921290
600	380	0.000915316
600	380	0.000907670
600	380	0.000818176
600	380	0.000810146
600	380	0.000896732
600	380	0.000910071
600	380	0.000906934
600	380	0.000923844
600	380	0.000914790
600	380	0.000887080
600	380	0.000898664
600	510	0.000694062
600	510	0.000684018
600	510	0.000694384
600	510	0.000693987
600	510	0.000698403
600	510	0.000694529
600	510	0.000693960
600	510	0.000699661
600	510	0.000694017
600	510	0.000689031
600	510	0.000698821
600	510	0.000694007
600	510	0.000698499
600	510	0.000694684
600	510	0.000693932
600	510	0.000702601
600	510	0.000700992
600	510	0.000698320
600	510	0.000756600
600	510	0.000744143
600	510	0.000719765
600	510	0.000719694
600	510	0.000754272
600	510	0.000753272
600	510	0.000772538
600	510	0.000784671
600	510	0.000929822
600	510	0.000982522
600	510	0.001037977
600	510	0.001083440
600	510	0.001003789
600	510	0.000976685
600	510	0.000942875
600	510	0.000930273
600	510	0.000931616
600	510	0.000995661
600	510	0.001027881
600	510	0.001029443
600	510	0.001090671
600	510	0.001214050
600	510	0.001224186
600	510	0.001157074
600	510	0.001196557
600	510	0.001226020
600	510	0.001175827
600	510	0.001148922
600	510	0.001234441
600	510	0.001222442
600	510	0.001207685
600	510	0.001206046
600	510	0.001166936
600	510	0.001185448
600	510	0.001195424
600	510	0.001177608
600	510	0.001127825
600	510	0.001209708
600	510	0.001222630
600	510	0.001224327
600	510	0.001170787
600	510	0.001205246
600	510	0.001242810
600	510	0.001195944
600	510	0.001193860
600	510	0.001227702
600	510	0.001146161
600	510	0.001213191
600	510	0.001223094
600	510	0.001154792
600	510	0.001236045
600	510	0.001202593
600	510	0.001145334
600	510	0.001239249
600	510	0.001127238
600	510	0.001200364
600	510	0.001151558
600	510	0.001202405
600	510	0.001167565
600	510	0.001141550
600	510	0.001187365
600	510	0.001222997
600	510	0.001156519
600	510	0.001084511
600	510	0.001218749
600	510	0.001137908
600	510	0.001083934
600	510	0.001027718
600	510	0.001164229
600	510	0.001198164
600	510	0.001238620
600	510	0.001209083
600	510	0.001119528
600	510	0.001027888
600	510	0.001078716
600	510	0.001133485
600	510	0.001178420
600	510	0.000987185
600	510	0.001060157
600	510	0.001149585
600	510	0.001082058
600	510	0.001152736
600	600	0.000818867
600	600	0.000821235
600	600	0.000821312
600	600	0.000809981
600	600	0.000822662
600	600	0.000815573
600	600	0.000811883
600	600	0.000838141
600	600	0.000820552
600	600	0.000819830
600	600	0.000823775
600	600	0.000819339
600	600	0.000816523
600	600	0.000848627
600	600	0.000820692
600	600	0.000819839
600	600	0.000812630
600	600	0.001042675
600	600	0.001093335
600	600	0.001146303
600	600	0.001206625
600	600	0.001343165
600	600	0.001382006
600	600	0.001273489
600	600	0.001413787
600	600	0.001400434
600	600	0.001299988
600	600	0.001280596
600	600	0.001275452
600	600	0.001396230
600	600	0.001209074
600	600	0.001375819
600	600	0.001441947
600	600	0.001393575
600	600	0.001455649
600	600	0.001357344
600	600	0.001404852
600	600	0.001421677
600	600	0.001410633
600	600	0.001400340
600	600	0.001383531
600	600	0.001402541
600	600	0.001348303
600	600	0.001421951
600	600	0.001289396
600	600	0.001157862
600	600	0.001272455
600	600	0.001204961
600	600	0.001149184
600	600	0.001145256
600	600	0.001283656
600	600	0.001335259
600	600	0.001337361
600	600	0.001394735
600	600	0.001339031
600	600	0.001382987
600	600	0.001403362
600	600	0.001356012
600	600	0.001305883
600	600	0.001418538
600	600	0.001397063
600	600	0.001409950
600	600	0.001346643
600	600	0.001404568
600	600	0.001369471
600	600	0.001439910
600	600	0.001392515
600	600	0.001362437
600	600	0.001348779
600	600	0.001378014
600	600	0.001408056
600	600	0.001393038
600	600	0.001449136
600	600	0.001401676
600	600	0.001397386
600	600	0.001379805
600	600	0.001340676
600	600	0.001412758
600	600	0.001399052
600	600	0.001368182
600	600	0.001421527
600	600	0.001438936
600	600	0.001400316
600	600	0.001395873
600	600	0.001349677
600	600	0.001362120
600	600	0.001421933
600	600	0.001414880
600	600	0.001332771
600	600	0.001392307
600	600	0.001351145
600	600	0.001442526
600	600	0.001412497
600	600	0.001390798
600	600	0.001399072
600	600	0.001386761
600	600	0.001398616
600	600	0.001414753
600	600	0.001394714
600	600	0.001425938
