120	128	0.000005248
120	128	0.000005293
120	128	0.000004932
120	128	0.000004943
120	128	0.000005251
120	128	0.000005256
120	128	0.000005265
120	128	0.000005271
120	128	0.000004966
120	128	0.000004987
120	128	0.000004929
120	128	0.000005031
120	128	0.000005012
120	128	0.000004967
120	128	0.000004984
120	128	0.000005016
120	128	0.000005356
120	128	0.000005239
120	128	0.000004990
120	128	0.000004961
120	128	0.000004964
120	128	0.000004938
120	128	0.000004967
120	128	0.000004958
120	128	0.000005332
120	128	0.000005295
120	128	0.000004986
120	128	0.000005304
120	128	0.000004891
120	128	0.000004959
120	128	0.000005053
120	128	0.000004935
120	128	0.000004963
120	128	0.000004946
120	128	0.000004944
120	128	0.000004891
120	128	0.000005279
120	128	0.000004987
120	128	0.000004944
120	128	0.000005292
120	128	0.000004929
120	128	0.000005154
120	128	0.000005518
120	128	0.000005170
120	128	0.000005148
120	128	0.000004985
120	128	0.000004936
120	128	0.000004955
120	128	0.000005301
120	128	0.000004896
120	128	0.000005308
120	128	0.000004941
120	128	0.000004936
120	128	0.000004937
120	128	0.000004949
120	128	0.000005305
120	128	0.000005038
120	128	0.000005002
120	128	0.000004960
120	128	0.000004928
120	128	0.000005225
120	128	0.000005296
120	128	0.000005298
120	128	0.000004970
120	128	0.000004945
120	128	0.000005317
120	128	0.000005093
120	128	0.000004944
120	128	0.000005305
120	128	0.000004968
120	128	0.000005388
120	128	0.000004993
120	128	0.000005033
120	128	0.000004958
120	128	0.000004972
120	128	0.000005384
120	128	0.000004935
120	128	0.000005020
120	128	0.000005283
120	128	0.000004940
120	128	0.000004939
120	128	0.000004955
120	128	0.000004945
120	128	0.000004999
120	128	0.000004949
120	128	0.000004972
120	128	0.000004945
120	128	0.000004970
120	128	0.000004936
120	128	0.000004967
120	128	0.000004956
120	128	0.000004916
120	128	0.000004948
120	128	0.000004965
120	128	0.000004975
120	128	0.000004965
120	128	0.000004976
120	128	0.000005050
120	128	0.000004958
120	128	0.000004942
120	256	0.000011338
120	256	0.000011367
120	256	0.000011506
120	256	0.000010635
120	256	0.000010673
120	256	0.000011503
120	256	0.000011288
120	256	0.000010622
120	256	0.000011353
120	256	0.000010647
120	256	0.000011374
120	256	0.000010649
120	256	0.000011567
120	256	0.000011374
120	256	0.000010688
120	256	0.000010658
120	256	0.000011311
120	256	0.000010658
120	256	0.000010642
120	256	0.000010670
120	256	0.000010669
120	256	0.000010674
120	256	0.000010663
120	256	0.000011350
120	256	0.000010628
120	256	0.000010616
120	256	0.000010635
120	256	0.000010679
120	256	0.000010630
120	256	0.000010690
120	256	0.000010616
120	256	0.000011126
120	256	0.000010679
120	256	0.000011495
120	256	0.000012216
120	256	0.000011477
120	256	0.000011578
120	256	0.000012237
120	256	0.000011558
120	256	0.000012356
120	256	0.000012447
120	256	0.000012402
120	256	0.000013290
120	256	0.000012456
120	256	0.000012130
120	256	0.000014489
120	256	0.000013651
120	256	0.000010683
120	256	0.000010690
120	256	0.000010654
120	256	0.000011380
120	256	0.000011404
120	256	0.000010662
120	256	0.000010719
120	256	0.000011358
120	256	0.000010645
120	256	0.000010676
120	256	0.000010602
120	256	0.000010671
120	256	0.000010671
120	256	0.000010673
120	256	0.000010697
120	256	0.000011411
120	256	0.000010638
120	256	0.000011350
120	256	0.000011073
120	256	0.000010777
120	256	0.000010658
120	256	0.000010658
120	256	0.000010658
120	256	0.000010673
120	256	0.000010623
120	256	0.000010328
120	256	0.000010676
120	256	0.000011367
120	256	0.000011361
120	256	0.000010645
120	256	0.000011374
120	256	0.000010645
120	256	0.000010664
120	256	0.000010669
120	256	0.000010693
120	256	0.000010702
120	256	0.000010612
120	256	0.000010676
120	256	0.000010681
120	256	0.000010634
120	256	0.000010667
120	256	0.000010669
120	256	0.000010616
120	256	0.000010677
120	256	0.000011160
120	256	0.000010684
120	256	0.000010686
120	256	0.000011329
120	256	0.000010604
120	256	0.000010678
120	256	0.000011364
120	256	0.000011375
120	256	0.000010643
120	380	0.000014690
120	380	0.000015789
120	380	0.000014686
120	380	0.000014752
120	380	0.000015758
120	380	0.000014755
120	380	0.000014744
120	380	0.000014675
120	380	0.000014747
120	380	0.000014725
120	380	0.000015773
120	380	0.000014680
120	380	0.000014692
120	380	0.000015777
120	380	0.000014772
120	380	0.000014695
120	380	0.000021298
120	380	0.000014695
120	380	0.000014681
120	380	0.000016072
120	380	0.000015776
120	380	0.000014717
120	380	0.000014725
120	380	0.000015741
120	380	0.000015822
120	380	0.000014710
120	380	0.000014712
120	380	0.000014708
120	380	0.000014734
120	380	0.000014726
120	380	0.000014711
120	380	0.000014711
120	380	0.000014426
120	380	0.000014709
120	380	0.000014674
120	380	0.000014743
120	380	0.000014708
120	380	0.000014462
120	380	0.000014676
120	380	0.000014653
120	380	0.000014698
120	380	0.000015749
120	380	0.000014747
120	380	0.000015773
120	380	0.000014700
120	380	0.000014714
120	380	0.000014721
120	380	0.000014722
120	380	0.000020011
120	380	0.000014691
120	380	0.000014737
120	380	0.000014708
120	380	0.000014729
120	380	0.000014408
120	380	0.000019017
120	380	0.000014735
120	380	0.000014683
120	380	0.000014805
120	380	0.000014723
120	380	0.000014726
120	380	0.000014728
120	380	0.000015798
120	380	0.000014727
120	380	0.000014659
120	380	0.000014707
120	380	0.000021170
120	380	0.000014712
120	380	0.000014688
120	380	0.000014744
120	380	0.000014700
120	380	0.000014661
120	380	0.000014713
120	380	0.000014486
120	380	0.000020747
120	380	0.000014716
120	380	0.000014709
120	380	0.000014681
120	380	0.000014688
120	380	0.000014747
120	380	0.000015738
120	380	0.000014715
120	380	0.000014764
120	380	0.000014682
120	380	0.000014713
120	380	0.000015790
120	380	0.000014689
120	380	0.000014734
120	380	0.000014709
120	380	0.000014711
120	380	0.000014483
120	380	0.000014766
120	380	0.000014692
120	380	0.000015777
120	380	0.000014811
120	380	0.000014693
120	380	0.000014556
120	380	0.000014738
120	380	0.000015742
120	380	0.000014762
120	380	0.000015783
120	510	0.000020711
120	510	0.000019266
120	510	0.000020666
120	510	0.000020713
120	510	0.000024699
120	510	0.000019295
120	510	0.000019292
120	510	0.000019274
120	510	0.000020694
120	510	0.000019261
120	510	0.000019212
120	510	0.000020689
120	510	0.000020698
120	510	0.000019252
120	510	0.000019267
120	510	0.000019245
120	510	0.000019233
120	510	0.000019280
120	510	0.000019242
120	510	0.000019274
120	510	0.000019289
120	510	0.000019250
120	510	0.000019278
120	510	0.000019256
120	510	0.000019257
120	510	0.000019247
120	510	0.000019209
120	510	0.000019268
120	510	0.000019269
120	510	0.000019257
120	510	0.000019275
120	510	0.000019193
120	510	0.000019267
120	510	0.000020657
120	510	0.000019211
120	510	0.000019183
120	510	0.000020663
120	510	0.000019288
120	510	0.000019298
120	510	0.000019967
120	510	0.000021814
120	510	0.000020674
120	510	0.000019607
120	510	0.000019251
120	510	0.000019253
120	510	0.000019276
120	510	0.000019253
120	510	0.000019239
120	510	0.000019283
120	510	0.000020617
120	510	0.000019253
120	510	0.000019226
120	510	0.000019249
120	510	0.000019255
120	510	0.000019240
120	510	0.000019246
120	510	0.000020710
120	510	0.000019289
120	510	0.000019247
120	510	0.000019213
120	510	0.000019266
120	510	0.000019238
120	510	0.000020695
120	510	0.000020638
120	510	0.000019204
120	510	0.000019329
120	510	0.000019521
120	510	0.000019292
120	510	0.000019252
120	510	0.000019288
120	510	0.000019275
120	510	0.000019252
120	510	0.000020693
120	510	0.000020715
120	510	0.000020728
120	510	0.000019298
120	510	0.000019295
120	510	0.000019229
120	510	0.000019243
120	510	0.000019223
120	510	0.000020697
120	510	0.000020680
120	510	0.000019342
120	510	0.000019290
120	510	0.000019254
120	510	0.000019262
120	510	0.000019252
120	510	0.000020689
120	510	0.000020597
120	510	0.000019234
120	510	0.000019168
120	510	0.000019277
120	510	0.000019272
120	510	0.000019311
120	510	0.000020689
120	510	0.000019271
120	510	0.000019276
120	510	0.000019524
120	510	0.000019288
120	510	0.000019281
120	600	0.000023026
120	600	0.000023016
120	600	0.000023047
120	600	0.000024710
120	600	0.000025085
120	600	0.000024737
120	600	0.000023016
120	600	0.000023006
120	600	0.000024698
120	600	0.000023037
120	600	0.000024744
120	600	0.000023007
120	600	0.000023059
120	600	0.000023014
120	600	0.000022969
120	600	0.000023064
120	600	0.000023066
120	600	0.000024695
120	600	0.000024724
120	600	0.000024707
120	600	0.000023011
120	600	0.000023022
120	600	0.000024779
120	600	0.000022986
120	600	0.000023015
120	600	0.000022998
120	600	0.000023028
120	600	0.000023088
120	600	0.000024726
120	600	0.000023036
120	600	0.000023043
120	600	0.000023090
120	600	0.000023054
120	600	0.000023049
120	600	0.000024719
120	600	0.000023068
120	600	0.000022992
120	600	0.000023113
120	600	0.000024776
120	600	0.000024348
120	600	0.000023047
120	600	0.000023008
120	600	0.000026856
120	600	0.000026889
120	600	0.000028800
120	600	0.000023017
120	600	0.000024723
120	600	0.000023025
120	600	0.000023025
120	600	0.000024726
120	600	0.000022998
120	600	0.000023059
120	600	0.000023052
120	600	0.000023019
120	600	0.000023064
120	600	0.000023056
120	600	0.000023017
120	600	0.000023035
120	600	0.000022986
120	600	0.000023007
120	600	0.000024721
120	600	0.000023013
120	600	0.000024755
120	600	0.000024758
120	600	0.000023084
120	600	0.000023030
120	600	0.000023054
120	600	0.000023016
120	600	0.000023040
120	600	0.000023013
120	600	0.000023010
120	600	0.000023037
120	600	0.000023012
120	600	0.000023098
120	600	0.000024718
120	600	0.000024761
120	600	0.000023061
120	600	0.000023031
120	600	0.000022973
120	600	0.000023088
120	600	0.000023096
120	600	0.000024716
120	600	0.000024733
120	600	0.000023072
120	600	0.000023050
120	600	0.000023037
120	600	0.000023050
120	600	0.000024744
120	600	0.000023059
120	600	0.000023072
120	600	0.000023067
120	600	0.000023021
120	600	0.000023062
120	600	0.000023040
120	600	0.000023022
120	600	0.000023037
120	600	0.000023074
120	600	0.000023007
120	600	0.000023088
120	600	0.000023027
250	128	0.000008125
250	128	0.000009441
250	128	0.000008155
250	128	0.000010618
250	128	0.000011808
250	128	0.000009378
250	128	0.000009437
250	128	0.000008191
250	128	0.000010624
250	128	0.000008069
250	128	0.000010630
250	128	0.000008160
250	128	0.000011995
250	128	0.000009584
250	128	0.000011920
250	128	0.000012032
250	128	0.000008168
250	128	0.000013546
250	128	0.000008191
250	128	0.000009363
250	128	0.000011850
250	128	0.000009751
250	128	0.000008102
250	128	0.000009510
250	128	0.000011921
250	128	0.000012914
250	128	0.000008237
250	128	0.000011959
250	128	0.000009550
250	128	0.000011822
250	128	0.000008129
250	128	0.000011938
250	128	0.000008382
250	128	0.000012074
250	128	0.000009692
250	128	0.000008184
250	128	0.000013443
250	128	0.000010646
250	128	0.000011863
250	128	0.000009639
250	128	0.000009377
250	128	0.000009738
250	128	0.000009745
250	128	0.000009752
250	128	0.000009715
250	128	0.000012344
250	128	0.000011952
250	128	0.000011986
250	128	0.000009346
250	128	0.000008145
250	128	0.000012034
250	128	0.000009564
250	128	0.000011839
250	128	0.000008135
250	128	0.000010644
250	128	0.000010622
250	128	0.000010428
250	128	0.000014276
250	128	0.000008372
250	128	0.000009414
250	128	0.000009485
250	128	0.000009395
250	128	0.000011827
250	128	0.000011829
250	128	0.000009062
250	128	0.000008146
250	128	0.000009386
250	128	0.000008129
250	128	0.000008103
250	128	0.000010611
250	128	0.000011932
250	128	0.000009688
250	128	0.000009399
250	128	0.000008157
250	128	0.000010675
250	128	0.000009591
250	128	0.000008096
250	128	0.000013179
250	128	0.000009439
250	128	0.000009354
250	128	0.000010624
250	128	0.000009536
250	128	0.000011933
250	128	0.000009386
250	128	0.000009626
250	128	0.000008204
250	128	0.000012015
250	128	0.000009338
250	128	0.000008170
250	128	0.000011956
250	128	0.000010109
250	128	0.000009516
250	128	0.000010273
250	128	0.000008086
250	128	0.000009358
250	128	0.000009449
250	128	0.000009399
250	128	0.000009497
250	128	0.000009463
250	128	0.000012345
250	256	0.000025553
250	256	0.000018155
250	256	0.000020637
250	256	0.000018163
250	256	0.000025666
250	256	0.000018199
250	256	0.000020626
250	256	0.000020959
250	256	0.000018640
250	256	0.000023356
250	256	0.000027062
250	256	0.000018615
250	256	0.000018142
250	256	0.000020768
250	256	0.000019233
250	256	0.000020247
250	256	0.000018143
250	256	0.000020262
250	256	0.000018167
250	256	0.000025828
250	256	0.000020630
250	256	0.000017968
250	256	0.000020611
250	256	0.000023619
250	256	0.000024294
250	256	0.000025700
250	256	0.000020599
250	256	0.000024025
250	256	0.000030172
250	256	0.000024444
250	256	0.000024523
250	256	0.000031175
250	256	0.000024283
250	256	0.000025421
250	256	0.000029352
250	256	0.000032563
250	256	0.000032367
250	256	0.000029915
250	256	0.000042090
250	256	0.000035924
250	256	0.000034117
250	256	0.000045548
250	256	0.000031870
250	256	0.000039568
250	256	0.000036764
250	256	0.000054095
250	256	0.000036665
250	256	0.000036652
250	256	0.000044735
250	256	0.000036163
250	256	0.000036149
250	256	0.000036215
250	256	0.000037426
250	256	0.000045666
250	256	0.000039226
250	256	0.000040911
250	256	0.000043849
250	256	0.000031781
250	256	0.000032523
250	256	0.000031794
250	256	0.000036057
250	256	0.000044684
250	256	0.000036107
250	256	0.000044730
250	256	0.000036177
250	256	0.000037382
250	256	0.000047665
250	256	0.000047773
250	256	0.000031993
250	256	0.000036150
250	256	0.000036217
250	256	0.000032526
250	256	0.000036187
250	256	0.000035907
250	256	0.000036079
250	256	0.000035701
250	256	0.000031790
250	256	0.000038308
250	256	0.000040323
250	256	0.000035089
250	256	0.000044840
250	256	0.000031826
250	256	0.000044762
250	256	0.000031807
250	256	0.000034433
250	256	0.000043087
250	256	0.000036169
250	256	0.000036127
250	256	0.000040359
250	256	0.000036043
250	256	0.000040416
250	256	0.000033955
250	256	0.000041018
250	256	0.000031787
250	256	0.000036761
250	256	0.000044801
250	256	0.000041988
250	256	0.000040383
250	256	0.000035993
250	256	0.000031801
250	380	0.000035950
250	380	0.000028403
250	380	0.000032029
250	380	0.000032437
250	380	0.000028358
250	380	0.000032105
250	380	0.000025516
250	380	0.000035724
250	380	0.000024735
250	380	0.000025392
250	380	0.000034095
250	380	0.000028880
250	380	0.000028366
250	380	0.000028361
250	380	0.000025389
250	380	0.000030696
250	380	0.000025406
250	380	0.000036173
250	380	0.000032331
250	380	0.000030606
250	380	0.000027483
250	380	0.000035723
250	380	0.000024750
250	380	0.000032033
250	380	0.000028431
250	380	0.000035988
250	380	0.000027185
250	380	0.000026713
250	380	0.000035510
250	380	0.000035771
250	380	0.000035322
250	380	0.000028785
250	380	0.000035329
250	380	0.000036796
250	380	0.000036015
250	380	0.000025686
250	380	0.000035769
250	380	0.000036570
250	380	0.000032053
250	380	0.000032227
250	380	0.000037888
250	380	0.000027748
250	380	0.000035903
250	380	0.000027701
250	380	0.000040365
250	380	0.000038671
250	380	0.000039973
250	380	0.000036279
250	380	0.000032311
250	380	0.000038622
250	380	0.000033863
250	380	0.000036828
250	380	0.000045567
250	380	0.000032967
250	380	0.000032953
250	380	0.000037786
250	380	0.000037797
250	380	0.000048051
250	380	0.000037785
250	380	0.000032614
250	380	0.000036302
250	380	0.000035935
250	380	0.000024683
250	380	0.000028878
250	380	0.000036514
250	380	0.000040188
250	380	0.000055534
250	380	0.000056010
250	380	0.000044399
250	380	0.000049618
250	380	0.000064428
250	380	0.000073684
250	380	0.000043310
250	380	0.000044431
250	380	0.000047134
250	380	0.000043435
250	380	0.000049565
250	380	0.000062948
250	380	0.000043265
250	380	0.000062834
250	380	0.000065575
250	380	0.000047507
250	380	0.000056103
250	380	0.000049659
250	380	0.000049682
250	380	0.000055033
250	380	0.000049721
250	380	0.000056777
250	380	0.000063089
250	380	0.000043326
250	380	0.000043270
250	380	0.000050605
250	380	0.000062467
250	380	0.000055919
250	380	0.000049967
250	380	0.000046787
250	380	0.000058850
250	380	0.000043263
250	380	0.000043268
250	380	0.000049612
250	510	0.000033841
250	510	0.000032184
250	510	0.000034832
250	510	0.000037058
250	510	0.000033812
250	510	0.000032169
250	510	0.000038551
250	510	0.000047324
250	510	0.000037532
250	510	0.000042967
250	510	0.000033655
250	510	0.000037095
250	510	0.000052701
250	510	0.000033083
250	510	0.000037086
250	510	0.000043227
250	510	0.000047971
250	510	0.000042497
250	510	0.000046759
250	510	0.000046950
250	510	0.000042550
250	510	0.000033089
250	510	0.000033658
250	510	0.000038372
250	510	0.000032201
250	510	0.000037791
250	510	0.000045086
250	510	0.000037051
250	510	0.000032191
250	510	0.000046937
250	510	0.000038075
250	510	0.000047296
250	510	0.000037130
250	510	0.000046906
250	510	0.000033105
250	510	0.000042560
250	510	0.000032186
250	510	0.000033852
250	510	0.000037056
250	510	0.000032177
250	510	0.000037090
250	510	0.000047336
250	510	0.000037066
250	510	0.000037067
250	510	0.000032383
250	510	0.000042051
250	510	0.000047313
250	510	0.000046872
250	510	0.000033059
250	510	0.000033059
250	510	0.000046979
250	510	0.000038585
250	510	0.000032169
250	510	0.000046731
250	510	0.000042553
250	510	0.000046993
250	510	0.000041867
250	510	0.000033649
250	510	0.000052640
250	510	0.000046915
250	510	0.000047289
250	510	0.000032086
250	510	0.000032179
250	510	0.000037816
250	510	0.000037125
250	510	0.000038532
250	510	0.000047472
250	510	0.000042047
250	510	0.000037795
250	510	0.000038552
250	510	0.000037804
250	510	0.000033061
250	510	0.000037131
250	510	0.000037799
250	510	0.000038555
250	510	0.000041814
250	510	0.000046941
250	510	0.000032176
250	510	0.000037201
250	510	0.000033111
250	510	0.000042959
250	510	0.000032200
250	510	0.000037076
250	510	0.000035972
250	510	0.000033634
250	510	0.000032162
250	510	0.000037055
250	510	0.000036467
250	510	0.000047486
250	510	0.000037070
250	510	0.000046964
250	510	0.000056637
250	510	0.000033052
250	510	0.000032142
250	510	0.000046909
250	510	0.000032172
250	510	0.000038527
250	510	0.000037085
250	510	0.000047000
250	510	0.000033254
250	600	0.000056022
250	600	0.000045777
250	600	0.000038694
250	600	0.000040436
250	600	0.000038700
250	600	0.000040458
250	600	0.000039757
250	600	0.000041598
250	600	0.000039777
250	600	0.000044461
250	600	0.000038724
250	600	0.000040641
250	600	0.000055875
250	600	0.000050259
250	600	0.000051082
250	600	0.000045313
250	600	0.000038704
250	600	0.000050530
250	600	0.000045754
250	600	0.000050223
250	600	0.000040671
250	600	0.000050928
250	600	0.000050263
250	600	0.000038049
250	600	0.000056120
250	600	0.000062406
250	600	0.000044461
250	600	0.000062970
250	600	0.000044493
250	600	0.000044488
250	600	0.000056520
250	600	0.000050853
250	600	0.000045801
250	600	0.000038716
250	600	0.000038664
250	600	0.000039214
250	600	0.000056253
250	600	0.000061865
250	600	0.000038701
250	600	0.000038712
250	600	0.000050935
250	600	0.000039549
250	600	0.000039749
250	600	0.000045296
250	600	0.000040654
250	600	0.000045303
250	600	0.000041754
250	600	0.000039790
250	600	0.000046426
250	600	0.000056677
250	600	0.000051761
250	600	0.000045360
250	600	0.000040652
250	600	0.000044953
250	600	0.000045983
250	600	0.000045320
250	600	0.000046804
250	600	0.000067718
250	600	0.000056096
250	600	0.000039742
250	600	0.000050245
250	600	0.000039132
250	600	0.000056060
250	600	0.000038680
250	600	0.000044426
250	600	0.000056463
250	600	0.000044499
250	600	0.000056608
250	600	0.000056246
250	600	0.000044000
250	600	0.000050208
250	600	0.000056124
250	600	0.000039721
250	600	0.000050256
250	600	0.000040432
250	600	0.000046969
250	600	0.000044485
250	600	0.000040422
250	600	0.000044475
250	600	0.000044467
250	600	0.000038756
250	600	0.000038687
250	600	0.000052082
250	600	0.000056082
250	600	0.000038705
250	600	0.000038709
250	600	0.000056798
250	600	0.000056026
250	600	0.000040469
250	600	0.000040637
250	600	0.000039757
250	600	0.000040651
250	600	0.000039740
250	600	0.000056055
250	600	0.000067917
250	600	0.000040633
250	600	0.000038658
250	600	0.000056159
250	600	0.000056092
250	600	0.000044466
380	128	0.000018098
380	128	0.000018074
380	128	0.000018077
380	128	0.000018133
380	128	0.000018113
380	128	0.000018068
380	128	0.000018117
380	128	0.000018070
380	128	0.000018096
380	128	0.000018095
380	128	0.000018076
380	128	0.000018080
380	128	0.000018107
380	128	0.000018101
380	128	0.000018125
380	128	0.000018049
380	128	0.000018070
380	128	0.000018127
380	128	0.000018083
380	128	0.000018135
380	128	0.000018117
380	128	0.000018099
380	128	0.000018061
380	128	0.000018082
380	128	0.000018080
380	128	0.000018092
380	128	0.000018072
380	128	0.000018104
380	128	0.000018086
380	128	0.000018100
380	128	0.000018106
380	128	0.000018107
380	128	0.000018153
380	128	0.000018153
380	128	0.000018108
380	128	0.000018073
380	128	0.000018100
380	128	0.000018173
380	128	0.000018084
380	128	0.000016797
380	128	0.000018121
380	128	0.000018116
380	128	0.000018136
380	128	0.000018088
380	128	0.000018040
380	128	0.000018128
380	128	0.000018119
380	128	0.000018167
380	128	0.000015857
380	128	0.000018105
380	128	0.000018104
380	128	0.000018087
380	128	0.000018110
380	128	0.000018119
380	128	0.000018082
380	128	0.000017281
380	128	0.000018187
380	128	0.000018086
380	128	0.000018086
380	128	0.000016738
380	128	0.000018079
380	128	0.000018100
380	128	0.000018092
380	128	0.000063529
380	128	0.000018116
380	128	0.000018083
380	128	0.000018120
380	128	0.000018126
380	128	0.000018116
380	128	0.000018115
380	128	0.000018195
380	128	0.000018085
380	128	0.000018153
380	128	0.000018098
380	128	0.000018122
380	128	0.000018047
380	128	0.000018086
380	128	0.000018080
380	128	0.000018032
380	128	0.000018169
380	128	0.000054027
380	128	0.000018194
380	128	0.000018097
380	128	0.000018097
380	128	0.000018158
380	128	0.000018185
380	128	0.000018064
380	128	0.000018176
380	128	0.000018173
380	128	0.000018127
380	128	0.000018096
380	128	0.000018083
380	128	0.000018102
380	128	0.000017291
380	128	0.000018085
380	128	0.000018099
380	128	0.000018116
380	128	0.000018067
380	128	0.000018126
380	128	0.000015371
380	256	0.000039253
380	256	0.000037646
380	256	0.000039235
380	256	0.000039244
380	256	0.000039286
380	256	0.000039221
380	256	0.000039247
380	256	0.000039240
380	256	0.000039237
380	256	0.000039265
380	256	0.000039242
380	256	0.000039272
380	256	0.000039223
380	256	0.000039255
380	256	0.000039296
380	256	0.000035572
380	256	0.000039245
380	256	0.000039254
380	256	0.000039242
380	256	0.000039191
380	256	0.000044465
380	256	0.000039274
380	256	0.000048056
380	256	0.000039274
380	256	0.000039259
380	256	0.000039260
380	256	0.000039243
380	256	0.000039248
380	256	0.000039243
380	256	0.000039274
380	256	0.000039255
380	256	0.000039211
380	256	0.000045625
380	256	0.000039242
380	256	0.000039209
380	256	0.000039250
380	256	0.000039260
380	256	0.000039203
380	256	0.000039243
380	256	0.000039268
380	256	0.000038295
380	256	0.000039251
380	256	0.000046270
380	256	0.000045743
380	256	0.000043941
380	256	0.000045758
380	256	0.000045775
380	256	0.000045797
380	256	0.000049969
380	256	0.000039214
380	256	0.000039226
380	256	0.000039211
380	256	0.000039271
380	256	0.000039242
380	256	0.000039230
380	256	0.000035599
380	256	0.000039273
380	256	0.000039248
380	256	0.000039258
380	256	0.000039262
380	256	0.000039266
380	256	0.000039242
380	256	0.000039261
380	256	0.000039222
380	256	0.000039233
380	256	0.000039215
380	256	0.000039272
380	256	0.000039237
380	256	0.000039236
380	256	0.000039234
380	256	0.000039239
380	256	0.000039236
380	256	0.000039237
380	256	0.000039253
380	256	0.000039253
380	256	0.000039254
380	256	0.000039251
380	256	0.000039253
380	256	0.000039240
380	256	0.000039218
380	256	0.000039243
380	256	0.000039293
380	256	0.000039265
380	256	0.000039245
380	256	0.000039249
380	256	0.000039223
380	256	0.000038311
380	256	0.000039250
380	256	0.000039269
380	256	0.000038473
380	256	0.000039233
380	256	0.000039246
380	256	0.000039277
380	256	0.000039241
380	256	0.000038395
380	256	0.000039259
380	256	0.000039238
380	256	0.000039230
380	256	0.000038454
380	256	0.000039251
380	380	0.000054910
380	380	0.000054998
380	380	0.000060524
380	380	0.000054958
380	380	0.000055104
380	380	0.000054920
380	380	0.000054935
380	380	0.000054973
380	380	0.000054910
380	380	0.000054952
380	380	0.000054963
380	380	0.000051961
380	380	0.000054913
380	380	0.000054934
380	380	0.000054965
380	380	0.000050899
380	380	0.000054926
380	380	0.000054908
380	380	0.000054940
380	380	0.000054926
380	380	0.000054961
380	380	0.000054964
380	380	0.000054943
380	380	0.000054922
380	380	0.000054993
380	380	0.000054921
380	380	0.000054937
380	380	0.000054949
380	380	0.000054968
380	380	0.000054990
380	380	0.000054922
380	380	0.000049539
380	380	0.000053969
380	380	0.000054967
380	380	0.000059669
380	380	0.000054995
380	380	0.000059101
380	380	0.000054965
380	380	0.000050896
380	380	0.000054920
380	380	0.000051952
380	380	0.000054944
380	380	0.000054916
380	380	0.000054963
380	380	0.000055003
380	380	0.000048391
380	380	0.000054961
380	380	0.000059134
380	380	0.000059154
380	380	0.000059231
380	380	0.000059202
380	380	0.000059173
380	380	0.000059231
380	380	0.000064133
380	380	0.000064141
380	380	0.000064142
380	380	0.000064097
380	380	0.000055036
380	380	0.000054898
380	380	0.000055016
380	380	0.000054900
380	380	0.000059997
380	380	0.000054932
380	380	0.000060302
380	380	0.000054993
380	380	0.000049575
380	380	0.000054910
380	380	0.000054926
380	380	0.000054918
380	380	0.000063758
380	380	0.000054978
380	380	0.000054932
380	380	0.000050922
380	380	0.000054945
380	380	0.000049589
380	380	0.000054971
380	380	0.000055000
380	380	0.000054939
380	380	0.000054953
380	380	0.000054934
380	380	0.000059828
380	380	0.000054961
380	380	0.000054920
380	380	0.000049480
380	380	0.000054925
380	380	0.000055012
380	380	0.000054930
380	380	0.000054953
380	380	0.000054925
380	380	0.000054925
380	380	0.000054005
380	380	0.000054905
380	380	0.000055004
380	380	0.000054937
380	380	0.000054937
380	380	0.000054982
380	380	0.000054159
380	380	0.000054987
380	380	0.000054916
380	380	0.000054989
380	510	0.000072297
380	510	0.000072315
380	510	0.000077992
380	510	0.000072271
380	510	0.000067039
380	510	0.000072288
380	510	0.000076497
380	510	0.000072294
380	510	0.000072272
380	510	0.000072311
380	510	0.000072262
380	510	0.000072342
380	510	0.000072332
380	510	0.000072354
380	510	0.000072305
380	510	0.000073069
380	510	0.000072308
380	510	0.000072281
380	510	0.000088106
380	510	0.000072258
380	510	0.000072281
380	510	0.000072270
380	510	0.000072276
380	510	0.000072343
380	510	0.000072333
380	510	0.000072349
380	510	0.000072348
380	510	0.000072412
380	510	0.000072296
380	510	0.000078336
380	510	0.000072257
380	510	0.000072303
380	510	0.000072310
380	510	0.000093915
380	510	0.000072350
380	510	0.000077834
380	510	0.000077906
380	510	0.000077844
380	510	0.000077875
380	510	0.000077909
380	510	0.000096345
380	510	0.000095204
380	510	0.000096390
380	510	0.000072279
380	510	0.000072282
380	510	0.000072364
380	510	0.000072263
380	510	0.000072310
380	510	0.000072306
380	510	0.000072316
380	510	0.000072260
380	510	0.000072301
380	510	0.000072306
380	510	0.000072339
380	510	0.000072358
380	510	0.000072276
380	510	0.000072294
380	510	0.000076684
380	510	0.000126664
380	510	0.000072243
380	510	0.000072370
380	510	0.000071486
380	510	0.000072258
380	510	0.000072355
380	510	0.000072336
380	510	0.000072283
380	510	0.000072308
380	510	0.000072269
380	510	0.000072403
380	510	0.000072328
380	510	0.000072379
380	510	0.000101341
380	510	0.000135161
380	510	0.000119129
380	510	0.000126619
380	510	0.000126481
380	510	0.000112177
380	510	0.000126490
380	510	0.000126489
380	510	0.000127649
380	510	0.000110214
380	510	0.000126597
380	510	0.000133195
380	510	0.000126566
380	510	0.000135953
380	510	0.000126576
380	510	0.000126503
380	510	0.000126559
380	510	0.000126520
380	510	0.000124895
380	510	0.000126470
380	510	0.000126672
380	510	0.000126572
380	510	0.000126465
380	510	0.000126550
380	510	0.000126498
380	510	0.000126511
380	510	0.000127923
380	510	0.000126611
380	510	0.000115441
380	600	0.000086387
380	600	0.000086412
380	600	0.000086359
380	600	0.000086357
380	600	0.000086431
380	600	0.000086383
380	600	0.000087235
380	600	0.000080018
380	600	0.000086341
380	600	0.000080000
380	600	0.000091345
380	600	0.000086336
380	600	0.000091593
380	600	0.000086344
380	600	0.000098697
380	600	0.000086396
380	600	0.000086330
380	600	0.000077787
380	600	0.000086450
380	600	0.000086425
380	600	0.000086428
380	600	0.000086341
380	600	0.000086351
380	600	0.000086402
380	600	0.000084567
380	600	0.000086421
380	600	0.000086332
380	600	0.000086369
380	600	0.000086343
380	600	0.000086449
380	600	0.000086422
380	600	0.000086319
380	600	0.000086314
380	600	0.000086413
380	600	0.000086308
380	600	0.000086347
380	600	0.000091009
380	600	0.000086312
380	600	0.000107225
380	600	0.000086439
380	600	0.000086360
380	600	0.000085401
380	600	0.000093194
380	600	0.000092993
380	600	0.000092999
380	600	0.000097366
380	600	0.000093020
380	600	0.000096720
380	600	0.000096756
380	600	0.000096800
380	600	0.000096793
380	600	0.000096709
380	600	0.000105120
380	600	0.000105152
380	600	0.000105161
380	600	0.000105206
380	600	0.000100747
380	600	0.000100752
380	600	0.000100741
380	600	0.000100693
380	600	0.000099794
380	600	0.000098800
380	600	0.000086428
380	600	0.000085593
380	600	0.000086343
380	600	0.000086344
380	600	0.000086332
380	600	0.000100811
380	600	0.000100761
380	600	0.000104365
380	600	0.000100734
380	600	0.000100730
380	600	0.000100746
380	600	0.000099824
380	600	0.000100764
380	600	0.000100784
380	600	0.000096798
380	600	0.000096790
380	600	0.000101860
380	600	0.000096724
380	600	0.000115128
380	600	0.000115124
380	600	0.000115137
380	600	0.000115148
380	600	0.000115135
380	600	0.000106630
380	600	0.000144318
380	600	0.000115254
380	600	0.000142205
380	600	0.000142311
380	600	0.000142353
380	600	0.000151203
380	600	0.000151247
380	600	0.000151201
380	600	0.000139953
380	600	0.000151232
380	600	0.000151808
380	600	0.000129539
380	600	0.000151103
380	600	0.000151119
510	128	0.000021105
510	128	0.000021960
510	128	0.000021972
510	128	0.000021986
510	128	0.000022031
510	128	0.000021978
510	128	0.000021998
510	128	0.000021982
510	128	0.000021939
510	128	0.000021994
510	128	0.000021958
510	128	0.000021137
510	128	0.000021955
510	128	0.000021983
510	128	0.000021953
510	128	0.000021961
510	128	0.000021941
510	128	0.000021951
510	128	0.000021930
510	128	0.000021958
510	128	0.000021956
510	128	0.000021970
510	128	0.000022017
510	128	0.000021947
510	128	0.000021944
510	128	0.000021994
510	128	0.000021977
510	128	0.000020585
510	128	0.000021947
510	128	0.000021969
510	128	0.000022044
510	128	0.000022001
510	128	0.000021971
510	128	0.000021911
510	128	0.000022048
510	128	0.000022059
510	128	0.000021976
510	128	0.000021975
510	128	0.000021975
510	128	0.000022059
510	128	0.000021962
510	128	0.000021961
510	128	0.000021963
510	128	0.000021995
510	128	0.000022060
510	128	0.000021943
510	128	0.000021995
510	128	0.000022075
510	128	0.000021945
510	128	0.000021919
510	128	0.000022080
510	128	0.000021974
510	128	0.000021974
510	128	0.000021986
510	128	0.000021121
510	128	0.000021964
510	128	0.000021943
510	128	0.000022063
510	128	0.000021978
510	128	0.000020622
510	128	0.000021966
510	128	0.000022046
510	128	0.000022061
510	128	0.000021945
510	128	0.000021943
510	128	0.000021975
510	128	0.000021950
510	128	0.000021987
510	128	0.000031165
510	128	0.000021933
510	128	0.000021954
510	128	0.000021973
510	128	0.000022064
510	128	0.000021928
510	128	0.000022087
510	128	0.000021995
510	128	0.000021986
510	128	0.000022005
510	128	0.000021986
510	128	0.000020127
510	128	0.000022077
510	128	0.000021918
510	128	0.000021980
510	128	0.000021968
510	128	0.000022050
510	128	0.000022022
510	128	0.000021957
510	128	0.000021954
510	128	0.000022075
510	128	0.000021945
510	128	0.000021958
510	128	0.000021939
510	128	0.000022008
510	128	0.000021983
510	128	0.000021941
510	128	0.000022057
510	128	0.000021948
510	128	0.000020642
510	128	0.000021970
510	128	0.000021960
510	256	0.000048068
510	256	0.000048114
510	256	0.000053947
510	256	0.000048068
510	256	0.000048113
510	256	0.000048090
510	256	0.000048090
510	256	0.000048074
510	256	0.000048081
510	256	0.000048082
510	256	0.000048071
510	256	0.000048092
510	256	0.000048102
510	256	0.000048105
510	256	0.000048088
510	256	0.000048055
510	256	0.000048106
510	256	0.000054524
510	256	0.000048093
510	256	0.000052718
510	256	0.000048110
510	256	0.000044454
510	256	0.000048115
510	256	0.000051793
510	256	0.000051826
510	256	0.000051767
510	256	0.000051804
510	256	0.000051805
510	256	0.000050404
510	256	0.000064106
510	256	0.000064135
510	256	0.000064102
510	256	0.000064109
510	256	0.000072703
510	256	0.000070822
510	256	0.000070881
510	256	0.000070904
510	256	0.000071028
510	256	0.000079188
510	256	0.000079230
510	256	0.000079204
510	256	0.000084096
510	256	0.000079125
510	256	0.000084143
510	256	0.000089883
510	256	0.000084182
510	256	0.000084214
510	256	0.000084184
510	256	0.000084161
510	256	0.000084183
510	256	0.000084121
510	256	0.000084170
510	256	0.000086788
510	256	0.000084158
510	256	0.000084181
510	256	0.000084119
510	256	0.000084122
510	256	0.000084181
510	256	0.000081898
510	256	0.000084130
510	256	0.000084111
510	256	0.000084172
510	256	0.000084161
510	256	0.000084141
510	256	0.000084159
510	256	0.000081401
510	256	0.000084174
510	256	0.000084152
510	256	0.000084155
510	256	0.000084168
510	256	0.000084145
510	256	0.000084131
510	256	0.000084192
510	256	0.000084171
510	256	0.000084165
510	256	0.000084183
510	256	0.000084128
510	256	0.000079188
510	256	0.000096429
510	256	0.000084158
510	256	0.000079398
510	256	0.000084168
510	256	0.000084165
510	256	0.000081435
510	256	0.000084177
510	256	0.000081907
510	256	0.000084187
510	256	0.000084177
510	256	0.000084179
510	256	0.000084138
510	256	0.000084158
510	256	0.000084180
510	256	0.000084215
510	256	0.000084212
510	256	0.000079234
510	256	0.000079215
510	256	0.000090462
510	256	0.000093133
510	256	0.000102114
510	256	0.000079381
510	380	0.000061508
510	380	0.000067005
510	380	0.000066971
510	380	0.000066917
510	380	0.000071227
510	380	0.000066975
510	380	0.000066978
510	380	0.000066927
510	380	0.000066954
510	380	0.000066962
510	380	0.000067002
510	380	0.000072787
510	380	0.000066952
510	380	0.000066962
510	380	0.000066954
510	380	0.000066948
510	380	0.000066905
510	380	0.000066973
510	380	0.000066929
510	380	0.000066937
510	380	0.000066972
510	380	0.000067005
510	380	0.000066982
510	380	0.000067007
510	380	0.000066934
510	380	0.000073781
510	380	0.000066941
510	380	0.000066937
510	380	0.000066990
510	380	0.000066969
510	380	0.000066923
510	380	0.000066929
510	380	0.000066968
510	380	0.000065652
510	380	0.000066952
510	380	0.000066953
510	380	0.000066939
510	380	0.000061525
510	380	0.000066958
510	380	0.000067003
510	380	0.000067005
510	380	0.000067000
510	380	0.000072468
510	380	0.000066934
510	380	0.000069456
510	380	0.000069382
510	380	0.000069482
510	380	0.000069451
510	380	0.000069450
510	380	0.000069487
510	380	0.000085251
510	380	0.000089562
510	380	0.000085191
510	380	0.000085166
510	380	0.000092933
510	380	0.000081565
510	380	0.000081555
510	380	0.000081500
510	380	0.000081526
510	380	0.000078116
510	380	0.000078105
510	380	0.000078121
510	380	0.000080088
510	380	0.000073380
510	380	0.000093722
510	380	0.000093714
510	380	0.000092238
510	380	0.000093712
510	380	0.000104106
510	380	0.000104149
510	380	0.000104109
510	380	0.000104166
510	380	0.000117250
510	380	0.000117133
510	380	0.000117129
510	380	0.000110257
510	380	0.000110318
510	380	0.000110248
510	380	0.000116100
510	380	0.000117168
510	380	0.000117217
510	380	0.000117227
510	380	0.000111647
510	380	0.000110117
510	380	0.000117229
510	380	0.000110291
510	380	0.000117149
510	380	0.000110271
510	380	0.000117289
510	380	0.000172290
510	380	0.000105324
510	380	0.000113945
510	380	0.000117182
510	380	0.000117112
510	380	0.000117166
510	380	0.000117182
510	380	0.000117235
510	380	0.000117137
510	380	0.000117144
510	380	0.000117182
510	510	0.000087967
510	510	0.000087986
510	510	0.000093431
510	510	0.000087914
510	510	0.000087993
510	510	0.000087996
510	510	0.000088710
510	510	0.000088015
510	510	0.000087885
510	510	0.000087976
510	510	0.000087903
510	510	0.000087902
510	510	0.000087948
510	510	0.000087951
510	510	0.000087986
510	510	0.000087946
510	510	0.000087951
510	510	0.000088421
510	510	0.000087902
510	510	0.000092433
510	510	0.000087985
510	510	0.000087938
510	510	0.000087971
510	510	0.000087980
510	510	0.000087988
510	510	0.000087914
510	510	0.000087936
510	510	0.000087925
510	510	0.000087914
510	510	0.000088009
510	510	0.000087904
510	510	0.000091898
510	510	0.000087975
510	510	0.000087966
510	510	0.000087954
510	510	0.000102616
510	510	0.000102565
510	510	0.000102576
510	510	0.000102607
510	510	0.000108097
510	510	0.000117311
510	510	0.000117304
510	510	0.000117235
510	510	0.000135568
510	510	0.000144961
510	510	0.000144784
510	510	0.000144894
510	510	0.000144809
510	510	0.000144884
510	510	0.000144800
510	510	0.000153954
510	510	0.000153958
510	510	0.000153913
510	510	0.000153982
510	510	0.000154026
510	510	0.000153987
510	510	0.000153992
510	510	0.000153920
510	510	0.000153976
510	510	0.000153979
510	510	0.000155260
510	510	0.000143837
510	510	0.000153891
510	510	0.000153985
510	510	0.000153958
510	510	0.000174055
510	510	0.000164737
510	510	0.000162249
510	510	0.000165511
510	510	0.000169276
510	510	0.000144789
510	510	0.000154001
510	510	0.000153905
510	510	0.000152520
510	510	0.000144798
510	510	0.000153842
510	510	0.000153947
510	510	0.000155218
510	510	0.000144798
510	510	0.000153999
510	510	0.000153915
510	510	0.000153852
510	510	0.000153909
510	510	0.000153946
510	510	0.000153970
510	510	0.000153958
510	510	0.000153998
510	510	0.000153963
510	510	0.000153984
510	510	0.000153981
510	510	0.000162057
510	510	0.000161980
510	510	0.000198221
510	510	0.000153922
510	510	0.000162107
510	510	0.000153904
510	510	0.000164529
510	510	0.000154006
510	510	0.000153915
510	510	0.000153907
510	600	0.000105289
510	600	0.000105238
510	600	0.000105267
510	600	0.000105213
510	600	0.000110682
510	600	0.000105281
510	600	0.000098808
510	600	0.000109921
510	600	0.000105204
510	600	0.000105279
510	600	0.000105304
510	600	0.000096658
510	600	0.000105266
510	600	0.000105245
510	600	0.000105216
510	600	0.000105204
510	600	0.000105279
510	600	0.000104144
510	600	0.000105310
510	600	0.000105295
510	600	0.000114192
510	600	0.000128036
510	600	0.000128195
510	600	0.000128105
510	600	0.000128049
510	600	0.000155029
510	600	0.000155098
510	600	0.000160305
510	600	0.000261580
510	600	0.000190351
510	600	0.000194005
510	600	0.000177441
510	600	0.000196200
510	600	0.000190426
510	600	0.000184214
510	600	0.000184206
510	600	0.000184123
510	600	0.000184106
510	600	0.000184083
510	600	0.000184055
510	600	0.000184093
510	600	0.000184082
510	600	0.000184214
510	600	0.000184338
510	600	0.000192086
510	600	0.000181679
510	600	0.000190483
510	600	0.000193235
510	600	0.000184111
510	600	0.000173347
510	600	0.000171111
510	600	0.000184209
510	600	0.000184127
510	600	0.000184175
510	600	0.000184248
510	600	0.000183950
510	600	0.000173265
510	600	0.000184239
510	600	0.000184117
510	600	0.000184228
510	600	0.000184088
510	600	0.000192925
510	600	0.000180758
510	600	0.000214576
510	600	0.000184108
510	600	0.000193970
510	600	0.000190748
510	600	0.000206788
510	600	0.000184076
510	600	0.000184204
510	600	0.000184059
510	600	0.000184217
510	600	0.000184223
510	600	0.000184175
510	600	0.000184251
510	600	0.000184166
510	600	0.000184053
510	600	0.000184050
510	600	0.000196472
510	600	0.000192622
510	600	0.000173328
510	600	0.000191409
510	600	0.000173352
510	600	0.000173268
510	600	0.000184231
510	600	0.000184190
510	600	0.000177497
510	600	0.000184221
510	600	0.000184244
510	600	0.000184210
510	600	0.000184262
510	600	0.000184095
510	600	0.000184232
510	600	0.000184235
510	600	0.000184256
510	600	0.000195857
510	600	0.000197766
510	600	0.000185920
510	600	0.000190938
510	600	0.000192872
600	128	0.000028053
600	128	0.000028076
600	128	0.000028061
600	128	0.000028055
600	128	0.000028075
600	128	0.000028055
600	128	0.000028089
600	128	0.000028045
600	128	0.000028113
600	128	0.000028108
600	128	0.000028083
600	128	0.000028071
600	128	0.000028102
600	128	0.000028053
600	128	0.000028070
600	128	0.000028066
600	128	0.000028060
600	128	0.000028090
600	128	0.000028037
600	128	0.000026744
600	128	0.000028092
600	128	0.000028074
600	128	0.000028082
600	128	0.000028081
600	128	0.000028086
600	128	0.000028067
600	128	0.000028086
600	128	0.000026703
600	128	0.000028081
600	128	0.000028041
600	128	0.000028081
600	128	0.000028211
600	128	0.000028038
600	128	0.000028087
600	128	0.000028030
600	128	0.000028070
600	128	0.000028073
600	128	0.000028074
600	128	0.000028055
600	128	0.000028044
600	128	0.000028075
600	128	0.000028097
600	128	0.000028069
600	128	0.000028203
600	128	0.000028086
600	128	0.000028054
600	128	0.000028065
600	128	0.000028096
600	128	0.000028069
600	128	0.000030241
600	128	0.000030231
600	128	0.000030221
600	128	0.000030272
600	128	0.000028070
600	128	0.000028127
600	128	0.000028014
600	128	0.000026280
600	128	0.000028076
600	128	0.000028087
600	128	0.000028050
600	128	0.000028080
600	128	0.000028220
600	128	0.000028071
600	128	0.000028075
600	128	0.000028097
600	128	0.000028102
600	128	0.000028107
600	128	0.000028064
600	128	0.000028063
600	128	0.000028065
600	128	0.000028079
600	128	0.000028052
600	128	0.000028218
600	128	0.000028089
600	128	0.000027274
600	128	0.000028077
600	128	0.000028076
600	128	0.000028204
600	128	0.000028209
600	128	0.000028049
600	128	0.000028083
600	128	0.000028228
600	128	0.000028099
600	128	0.000028087
600	128	0.000028198
600	128	0.000028097
600	128	0.000028120
600	128	0.000028106
600	128	0.000028065
600	128	0.000028101
600	128	0.000028057
600	128	0.000028079
600	128	0.000028071
600	128	0.000028052
600	128	0.000028060
600	128	0.000028192
600	128	0.000028118
600	128	0.000028184
600	128	0.000028070
600	128	0.000026269
600	256	0.000058413
600	256	0.000061094
600	256	0.000061099
600	256	0.000061077
600	256	0.000067442
600	256	0.000061091
600	256	0.000061085
600	256	0.000061093
600	256	0.000059494
600	256	0.000061082
600	256	0.000061091
600	256	0.000061092
600	256	0.000061079
600	256	0.000061589
600	256	0.000061064
600	256	0.000061034
600	256	0.000061094
600	256	0.000061115
600	256	0.000061058
600	256	0.000061090
600	256	0.000061072
600	256	0.000061073
600	256	0.000061079
600	256	0.000061085
600	256	0.000061088
600	256	0.000061077
600	256	0.000061109
600	256	0.000061085
600	256	0.000061067
600	256	0.000061072
600	256	0.000059846
600	256	0.000066282
600	256	0.000061096
600	256	0.000061101
600	256	0.000061110
600	256	0.000061062
600	256	0.000061071
600	256	0.000061102
600	256	0.000059780
600	256	0.000061046
600	256	0.000061091
600	256	0.000061091
600	256	0.000061115
600	256	0.000061089
600	256	0.000061093
600	256	0.000061077
600	256	0.000065677
600	256	0.000061089
600	256	0.000065639
600	256	0.000061106
600	256	0.000065805
600	256	0.000062855
600	256	0.000065807
600	256	0.000063487
600	256	0.000061087
600	256	0.000061096
600	256	0.000059562
600	256	0.000059627
600	256	0.000061091
600	256	0.000061058
600	256	0.000061100
600	256	0.000061086
600	256	0.000061078
600	256	0.000061071
600	256	0.000061060
600	256	0.000061124
600	256	0.000059579
600	256	0.000061095
600	256	0.000059812
600	256	0.000061097
600	256	0.000061075
600	256	0.000061129
600	256	0.000059801
600	256	0.000059505
600	256	0.000061099
600	256	0.000085581
600	256	0.000063819
600	256	0.000061079
600	256	0.000061093
600	256	0.000061080
600	256	0.000061104
600	256	0.000059583
600	256	0.000061093
600	256	0.000061056
600	256	0.000061084
600	256	0.000059518
600	256	0.000061086
600	256	0.000061124
600	256	0.000061055
600	256	0.000061089
600	256	0.000061084
600	256	0.000061089
600	256	0.000061061
600	256	0.000061100
600	256	0.000059827
600	256	0.000061097
600	256	0.000061078
600	256	0.000061068
600	256	0.000061109
600	256	0.000061119
600	380	0.000085481
600	380	0.000085445
600	380	0.000085447
600	380	0.000085519
600	380	0.000085474
600	380	0.000085497
600	380	0.000085503
600	380	0.000085474
600	380	0.000085465
600	380	0.000085486
600	380	0.000085481
600	380	0.000085470
600	380	0.000085476
600	380	0.000085500
600	380	0.000085516
600	380	0.000085494
600	380	0.000085505
600	380	0.000085459
600	380	0.000088630
600	380	0.000088609
600	380	0.000088669
600	380	0.000088657
600	380	0.000088590
600	380	0.000108785
600	380	0.000108780
600	380	0.000108710
600	380	0.000108730
600	380	0.000132998
600	380	0.000132923
600	380	0.000132984
600	380	0.000149608
600	380	0.000149701
600	380	0.000149626
600	380	0.000149480
600	380	0.000149612
600	380	0.000149469
600	380	0.000149575
600	380	0.000149518
600	380	0.000149631
600	380	0.000149583
600	380	0.000149608
600	380	0.000149652
600	380	0.000149638
600	380	0.000149592
600	380	0.000140041
600	380	0.000149618
600	380	0.000156026
600	380	0.000149643
600	380	0.000140805
600	380	0.000149622
600	380	0.000149566
600	380	0.000140777
600	380	0.000140813
600	380	0.000149540
600	380	0.000149656
600	380	0.000149586
600	380	0.000149559
600	380	0.000149583
600	380	0.000140782
600	380	0.000149598
600	380	0.000149529
600	380	0.000149661
600	380	0.000140744
600	380	0.000149571
600	380	0.000149587
600	380	0.000142526
600	380	0.000149629
600	380	0.000140789
600	380	0.000149584
600	380	0.000149641
600	380	0.000149558
600	380	0.000149543
600	380	0.000149656
600	380	0.000144379
600	380	0.000149507
600	380	0.000149630
600	380	0.000142464
600	380	0.000149606
600	380	0.000149607
600	380	0.000149586
600	380	0.000149589
600	380	0.000149533
600	380	0.000157520
600	380	0.000160166
600	380	0.000149641
600	380	0.000149636
600	380	0.000149591
600	380	0.000149525
600	380	0.000149592
600	380	0.000149568
600	380	0.000149646
600	380	0.000149583
600	380	0.000149568
600	380	0.000149573
600	380	0.000149556
600	380	0.000144332
600	380	0.000149597
600	380	0.000149500
600	380	0.000149501
600	380	0.000149609
600	510	0.000112482
600	510	0.000112429
600	510	0.000112422
600	510	0.000113239
600	510	0.000112485
600	510	0.000118852
600	510	0.000112475
600	510	0.000112468
600	510	0.000112506
600	510	0.000112456
600	510	0.000112457
600	510	0.000112459
600	510	0.000112438
600	510	0.000112459
600	510	0.000112445
600	510	0.000112460
600	510	0.000112440
600	510	0.000112454
600	510	0.000112510
600	510	0.000112452
600	510	0.000119604
600	510	0.000112430
600	510	0.000112424
600	510	0.000112494
600	510	0.000112467
600	510	0.000112477
600	510	0.000112390
600	510	0.000111162
600	510	0.000117318
600	510	0.000112454
600	510	0.000113245
600	510	0.000112430
600	510	0.000105163
600	510	0.000126512
600	510	0.000112464
600	510	0.000112482
600	510	0.000117499
600	510	0.000123716
600	510	0.000112496
600	510	0.000112480
600	510	0.000112450
600	510	0.000112484
600	510	0.000112407
600	510	0.000112459
600	510	0.000112409
600	510	0.000121089
600	510	0.000121143
600	510	0.000121097
600	510	0.000121108
600	510	0.000115268
600	510	0.000116608
600	510	0.000116619
600	510	0.000116645
600	510	0.000116620
600	510	0.000116650
600	510	0.000149916
600	510	0.000149977
600	510	0.000149960
600	510	0.000179526
600	510	0.000165768
600	510	0.000165661
600	510	0.000155037
600	510	0.000174918
600	510	0.000174894
600	510	0.000174868
600	510	0.000190653
600	510	0.000185206
600	510	0.000196750
600	510	0.000184106
600	510	0.000196761
600	510	0.000196895
600	510	0.000196851
600	510	0.000196765
600	510	0.000196770
600	510	0.000196875
600	510	0.000208817
600	510	0.000187642
600	510	0.000208491
600	510	0.000202763
600	510	0.000196883
600	510	0.000197593
600	510	0.000194037
600	510	0.000196870
600	510	0.000196800
600	510	0.000196859
600	510	0.000196786
600	510	0.000237781
600	510	0.000214209
600	510	0.000209546
600	510	0.000193124
600	510	0.000205564
600	510	0.000229937
600	510	0.000187347
600	510	0.000214641
600	510	0.000184099
600	510	0.000208458
600	510	0.000186220
600	510	0.000203108
600	510	0.000203961
600	510	0.000185324
600	600	0.000134433
600	600	0.000134437
600	600	0.000134364
600	600	0.000134456
600	600	0.000134387
600	600	0.000134408
600	600	0.000134335
600	600	0.000139843
600	600	0.000134421
600	600	0.000134391
600	600	0.000139321
600	600	0.000134381
600	600	0.000134407
600	600	0.000139587
600	600	0.000134381
600	600	0.000134407
600	600	0.000134434
600	600	0.000134458
600	600	0.000134335
600	600	0.000134365
600	600	0.000134413
600	600	0.000134425
600	600	0.000134336
600	600	0.000139548
600	600	0.000135262
600	600	0.000150494
600	600	0.000154413
600	600	0.000151534
600	600	0.000150559
600	600	0.000149451
600	600	0.000156763
600	600	0.000156839
600	600	0.000156802
600	600	0.000171111
600	600	0.000187831
600	600	0.000181499
600	600	0.000169128
600	600	0.000221296
600	600	0.000221238
600	600	0.000221421
600	600	0.000179179
600	600	0.000188154
600	600	0.000188208
600	600	0.000188206
600	600	0.000188200
600	600	0.000186118
600	600	0.000188184
600	600	0.000189428
600	600	0.000188100
600	600	0.000188081
600	600	0.000188080
600	600	0.000195853
600	600	0.000199058
600	600	0.000253693
600	600	0.000188100
600	600	0.000179149
600	600	0.000179128
600	600	0.000179265
600	600	0.000184257
600	600	0.000222904
600	600	0.000215786
600	600	0.000216641
600	600	0.000197980
600	600	0.000198094
600	600	0.000198084
600	600	0.000221255
600	600	0.000221294
600	600	0.000221496
600	600	0.000221288
600	600	0.000221409
600	600	0.000221402
600	600	0.000221450
600	600	0.000221476
600	600	0.000222864
600	600	0.000244716
600	600	0.000256557
600	600	0.000228444
600	600	0.000247435
600	600	0.000243146
600	600	0.000235133
600	600	0.000235159
600	600	0.000235123
600	600	0.000235103
600	600	0.000235270
600	600	0.000235151
600	600	0.000235240
600	600	0.000243411
600	600	0.000235088
600	600	0.000207190
600	600	0.000235214
600	600	0.000235138
600	600	0.000235267
600	600	0.000229791
600	600	0.000233998
600	600	0.000235141
600	600	0.000235245
600	600	0.000244267
600	600	0.000221286
600	600	0.000235228
600	600	0.000235298
