120	128	0.000022137
120	128	0.000023636
120	128	0.000023576
120	128	0.000021969
120	128	0.000023582
120	128	0.000023598
120	128	0.000022537
120	128	0.000022754
120	128	0.000028613
120	128	0.000022438
120	128	0.000022183
120	128	0.000022061
120	128	0.000022002
120	128	0.000023639
120	128	0.000023569
120	128	0.000022718
120	128	0.000022021
120	128	0.000022290
120	128	0.000023673
120	128	0.000022067
120	128	0.000028664
120	128	0.000023565
120	128	0.000023372
120	128	0.000022622
120	128	0.000023786
120	128	0.000022217
120	128	0.000022393
120	128	0.000023686
120	128	0.000023733
120	128	0.000022000
120	128	0.000022713
120	128	0.000022278
120	128	0.000028504
120	128	0.000023557
120	128	0.000030087
120	128	0.000023603
120	128	0.000025130
120	128	0.000024175
120	128	0.000022400
120	128	0.000028498
120	128	0.000022640
120	128	0.000037693
120	128	0.000023630
120	128	0.000022336
120	128	0.000022251
120	128	0.000022508
120	128	0.000022736
120	128	0.000022408
120	128	0.000023875
120	128	0.000023753
120	128	0.000023358
120	128	0.000022546
120	128	0.000021999
120	128	0.000023846
120	128	0.000022338
120	128	0.000022054
120	128	0.000022013
120	128	0.000027161
120	128	0.000023589
120	128	0.000028060
120	128	0.000023606
120	128	0.000026998
120	128	0.000022068
120	128	0.000022130
120	128	0.000023782
120	128	0.000022430
120	128	0.000022045
120	128	0.000023704
120	128	0.000023605
120	128	0.000022171
120	128	0.000022690
120	128	0.000022254
120	128	0.000022043
120	128	0.000022111
120	128	0.000022214
120	128	0.000023837
120	128	0.000022114
120	128	0.000022293
120	128	0.000023819
120	128	0.000023488
120	128	0.000029952
120	128	0.000022783
120	128	0.000023677
120	128	0.000022444
120	128	0.000022163
120	128	0.000022167
120	128	0.000022198
120	128	0.000024126
120	128	0.000022045
120	128	0.000023593
120	128	0.000023281
120	128	0.000028695
120	128	0.000023741
120	128	0.000022035
120	128	0.000024276
120	128	0.000023101
120	128	0.000023881
120	128	0.000022740
120	128	0.000023616
120	128	0.000022807
120	256	0.000044852
120	256	0.000045123
120	256	0.000047665
120	256	0.000047344
120	256	0.000044763
120	256	0.000044776
120	256	0.000047667
120	256	0.000045143
120	256	0.000045157
120	256	0.000047867
120	256	0.000044826
120	256	0.000045271
120	256	0.000047426
120	256	0.000044730
120	256	0.000045403
120	256	0.000051238
120	256	0.000044850
120	256	0.000051958
120	256	0.000044805
120	256	0.000044781
120	256	0.000047780
120	256	0.000045238
120	256	0.000047953
120	256	0.000045740
120	256	0.000045362
120	256	0.000044836
120	256	0.000044874
120	256	0.000057782
120	256	0.000047951
120	256	0.000045376
120	256	0.000044800
120	256	0.000048131
120	256	0.000045209
120	256	0.000047793
120	256	0.000045496
120	256	0.000044976
120	256	0.000044751
120	256	0.000047882
120	256	0.000045275
120	256	0.000046067
120	256	0.000045559
120	256	0.000045605
120	256	0.000045707
120	256	0.000044814
120	256	0.000045289
120	256	0.000054351
120	256	0.000062621
120	256	0.000045845
120	256	0.000044780
120	256	0.000044831
120	256	0.000044926
120	256	0.000047390
120	256	0.000045344
120	256	0.000048047
120	256	0.000045157
120	256	0.000058207
120	256	0.000044937
120	256	0.000045110
120	256	0.000044736
120	256	0.000057499
120	256	0.000045111
120	256	0.000045752
120	256	0.000045458
120	256	0.000044882
120	256	0.000047434
120	256	0.000045169
120	256	0.000044773
120	256	0.000047802
120	256	0.000045846
120	256	0.000055690
120	256	0.000044900
120	256	0.000044917
120	256	0.000046097
120	256	0.000047952
120	256	0.000044796
120	256	0.000050417
120	256	0.000044748
120	256	0.000050471
120	256	0.000045327
120	256	0.000045159
120	256	0.000045285
120	256	0.000045199
120	256	0.000044803
120	256	0.000047678
120	256	0.000054695
120	256	0.000045193
120	256	0.000045629
120	256	0.000045482
120	256	0.000045496
120	256	0.000045451
120	256	0.000057796
120	256	0.000044760
120	256	0.000045098
120	256	0.000045618
120	256	0.000044960
120	256	0.000045295
120	256	0.000045437
120	256	0.000044861
120	256	0.000047894
120	256	0.000045596
120	380	0.000065875
120	380	0.000069416
120	380	0.000065867
120	380	0.000065334
120	380	0.000065299
120	380	0.000084205
120	380	0.000066034
120	380	0.000083551
120	380	0.000069786
120	380	0.000066073
120	380	0.000076861
120	380	0.000065923
120	380	0.000070026
120	380	0.000070187
120	380	0.000066473
120	380	0.000065884
120	380	0.000085540
120	380	0.000065454
120	380	0.000066187
120	380	0.000085232
120	380	0.000066759
120	380	0.000069665
120	380	0.000069760
120	380	0.000069894
120	380	0.000065373
120	380	0.000065334
120	380	0.000065353
120	380	0.000069527
120	380	0.000065333
120	380	0.000069870
120	380	0.000067131
120	380	0.000068388
120	380	0.000080616
120	380	0.000069472
120	380	0.000069578
120	380	0.000081155
120	380	0.000070350
120	380	0.000070511
120	380	0.000070724
120	380	0.000147533
120	380	0.000077791
120	380	0.000073390
120	380	0.000073251
120	380	0.000077751
120	380	0.000087768
120	380	0.000092674
120	380	0.000088339
120	380	0.000093142
120	380	0.000129080
120	380	0.000096344
120	380	0.000097245
120	380	0.000097165
120	380	0.000108841
120	380	0.000108500
120	380	0.000106695
120	380	0.000113849
120	380	0.000114527
120	380	0.000114297
120	380	0.000121578
120	380	0.000115337
120	380	0.000115357
120	380	0.000115394
120	380	0.000107676
120	380	0.000122076
120	380	0.000122166
120	380	0.000123532
120	380	0.000117187
120	380	0.000121464
120	380	0.000121518
120	380	0.000107978
120	380	0.000114946
120	380	0.000114335
120	380	0.000114321
120	380	0.000114338
120	380	0.000122449
120	380	0.000116549
120	380	0.000114278
120	380	0.000114376
120	380	0.000114298
120	380	0.000121757
120	380	0.000121571
120	380	0.000122138
120	380	0.000118042
120	380	0.000114203
120	380	0.000115202
120	380	0.000114401
120	380	0.000121863
120	380	0.000114639
120	380	0.000116799
120	380	0.000121380
120	380	0.000121738
120	380	0.000114373
120	380	0.000114380
120	380	0.000122122
120	380	0.000125065
120	380	0.000130517
120	380	0.000144770
120	380	0.000115414
120	380	0.000115865
120	380	0.000114562
120	510	0.000087127
120	510	0.000095678
120	510	0.000087850
120	510	0.000088619
120	510	0.000087088
120	510	0.000092833
120	510	0.000087141
120	510	0.000092806
120	510	0.000087942
120	510	0.000087895
120	510	0.000093188
120	510	0.000089054
120	510	0.000099043
120	510	0.000092672
120	510	0.000087247
120	510	0.000087769
120	510	0.000088229
120	510	0.000092778
120	510	0.000087955
120	510	0.000087813
120	510	0.000087230
120	510	0.000093131
120	510	0.000087230
120	510	0.000087864
120	510	0.000092904
120	510	0.000087280
120	510	0.000087147
120	510	0.000087152
120	510	0.000087078
120	510	0.000092575
120	510	0.000092559
120	510	0.000093782
120	510	0.000093374
120	510	0.000113208
120	510	0.000088134
120	510	0.000094721
120	510	0.000100903
120	510	0.000099788
120	510	0.000122551
120	510	0.000108112
120	510	0.000106903
120	510	0.000107009
120	510	0.000106535
120	510	0.000113564
120	510	0.000124759
120	510	0.000122193
120	510	0.000122154
120	510	0.000124676
120	510	0.000124604
120	510	0.000123781
120	510	0.000117137
120	510	0.000129419
120	510	0.000128398
120	510	0.000129861
120	510	0.000128594
120	510	0.000153743
120	510	0.000157199
120	510	0.000153640
120	510	0.000152530
120	510	0.000153662
120	510	0.000162203
120	510	0.000152460
120	510	0.000163010
120	510	0.000152484
120	510	0.000152429
120	510	0.000153711
120	510	0.000152374
120	510	0.000162695
120	510	0.000152555
120	510	0.000155966
120	510	0.000173172
120	510	0.000152429
120	510	0.000152639
120	510	0.000152394
120	510	0.000152494
120	510	0.000162982
120	510	0.000175659
120	510	0.000179708
120	510	0.000165282
120	510	0.000160483
120	510	0.000167730
120	510	0.000197969
120	510	0.000152511
120	510	0.000155607
120	510	0.000162566
120	510	0.000162229
120	510	0.000155613
120	510	0.000153622
120	510	0.000153379
120	510	0.000173976
120	510	0.000152449
120	510	0.000150260
120	510	0.000153933
120	510	0.000153963
120	510	0.000153913
120	510	0.000154026
120	510	0.000154360
120	510	0.000197901
120	510	0.000161871
120	510	0.000148022
120	600	0.000109992
120	600	0.000102842
120	600	0.000108982
120	600	0.000102938
120	600	0.000109320
120	600	0.000114276
120	600	0.000102804
120	600	0.000109376
120	600	0.000102864
120	600	0.000103717
120	600	0.000103766
120	600	0.000102933
120	600	0.000114558
120	600	0.000102825
120	600	0.000104196
120	600	0.000109889
120	600	0.000103693
120	600	0.000109225
120	600	0.000109174
120	600	0.000102865
120	600	0.000103718
120	600	0.000109635
120	600	0.000109510
120	600	0.000102981
120	600	0.000102888
120	600	0.000102820
120	600	0.000109249
120	600	0.000102894
120	600	0.000110080
120	600	0.000103862
120	600	0.000109899
120	600	0.000146348
120	600	0.000102827
120	600	0.000103758
120	600	0.000109771
120	600	0.000104106
120	600	0.000109320
120	600	0.000102871
120	600	0.000104579
120	600	0.000103687
120	600	0.000109235
120	600	0.000104141
120	600	0.000105300
120	600	0.000109987
120	600	0.000134680
120	600	0.000109646
120	600	0.000103877
120	600	0.000109825
120	600	0.000102848
120	600	0.000107704
120	600	0.000113858
120	600	0.000114115
120	600	0.000107650
120	600	0.000113238
120	600	0.000121522
120	600	0.000120085
120	600	0.000119967
120	600	0.000121087
120	600	0.000120117
120	600	0.000156665
120	600	0.000127656
120	600	0.000120120
120	600	0.000127642
120	600	0.000140436
120	600	0.000139234
120	600	0.000131963
120	600	0.000169885
120	600	0.000151642
120	600	0.000151778
120	600	0.000151664
120	600	0.000175077
120	600	0.000169874
120	600	0.000161391
120	600	0.000160031
120	600	0.000159960
120	600	0.000161352
120	600	0.000159985
120	600	0.000181488
120	600	0.000191377
120	600	0.000181466
120	600	0.000170796
120	600	0.000169477
120	600	0.000170885
120	600	0.000161315
120	600	0.000161484
120	600	0.000160042
120	600	0.000170060
120	600	0.000169385
120	600	0.000170778
120	600	0.000176616
120	600	0.000161377
120	600	0.000169830
120	600	0.000172003
120	600	0.000181495
120	600	0.000179884
120	600	0.000191080
120	600	0.000191621
120	600	0.000181556
120	600	0.000180068
120	600	0.000180063
250	128	0.000048810
250	128	0.000056145
250	128	0.000052171
250	128	0.000036356
250	128	0.000036559
250	128	0.000036643
250	128	0.000053272
250	128	0.000036479
250	128	0.000036713
250	128	0.000047456
250	128	0.000036383
250	128	0.000052770
250	128	0.000048074
250	128	0.000036328
250	128	0.000046379
250	128	0.000053057
250	128	0.000040223
250	128	0.000036391
250	128	0.000046235
250	128	0.000036362
250	128	0.000047406
250	128	0.000054751
250	128	0.000037086
250	128	0.000036598
250	128	0.000037569
250	128	0.000037577
250	128	0.000036221
250	128	0.000050509
250	128	0.000036587
250	128	0.000036453
250	128	0.000036279
250	128	0.000036422
250	128	0.000046986
250	128	0.000042651
250	128	0.000059971
250	128	0.000038202
250	128	0.000048038
250	128	0.000056906
250	128	0.000050615
250	128	0.000036482
250	128	0.000036341
250	128	0.000036960
250	128	0.000054435
250	128	0.000038092
250	128	0.000041320
250	128	0.000058789
250	128	0.000057027
250	128	0.000037087
250	128	0.000053720
250	128	0.000046021
250	128	0.000043783
250	128	0.000043390
250	128	0.000037056
250	128	0.000040597
250	128	0.000041302
250	128	0.000053470
250	128	0.000038402
250	128	0.000058751
250	128	0.000054733
250	128	0.000057626
250	128	0.000044424
250	128	0.000053741
250	128	0.000058847
250	128	0.000037396
250	128	0.000045222
250	128	0.000039579
250	128	0.000042118
250	128	0.000036964
250	128	0.000050839
250	128	0.000042909
250	128	0.000053338
250	128	0.000045786
250	128	0.000036482
250	128	0.000045748
250	128	0.000036258
250	128	0.000053318
250	128	0.000036670
250	128	0.000037604
250	128	0.000055033
250	128	0.000057285
250	128	0.000053306
250	128	0.000053080
250	128	0.000044579
250	128	0.000036903
250	128	0.000036996
250	128	0.000042101
250	128	0.000046017
250	128	0.000053340
250	128	0.000052544
250	128	0.000052625
250	128	0.000040286
250	128	0.000057787
250	128	0.000055228
250	128	0.000036944
250	128	0.000037276
250	128	0.000047434
250	128	0.000036581
250	128	0.000036358
250	128	0.000055631
250	128	0.000039182
250	256	0.000075135
250	256	0.000074793
250	256	0.000106908
250	256	0.000114902
250	256	0.000092113
250	256	0.000108448
250	256	0.000113608
250	256	0.000074982
250	256	0.000075175
250	256	0.000102989
250	256	0.000112587
250	256	0.000115741
250	256	0.000112652
250	256	0.000112895
250	256	0.000099846
250	256	0.000104120
250	256	0.000074899
250	256	0.000114788
250	256	0.000113153
250	256	0.000089302
250	256	0.000092068
250	256	0.000074736
250	256	0.000092292
250	256	0.000088486
250	256	0.000088728
250	256	0.000098824
250	256	0.000074894
250	256	0.000094270
250	256	0.000116204
250	256	0.000074166
250	256	0.000074937
250	256	0.000074489
250	256	0.000112928
250	256	0.000094164
250	256	0.000079269
250	256	0.000074668
250	256	0.000097882
250	256	0.000110576
250	256	0.000115597
250	256	0.000074733
250	256	0.000091064
250	256	0.000074834
250	256	0.000075808
250	256	0.000088527
250	256	0.000113726
250	256	0.000101304
250	256	0.000089752
250	256	0.000074906
250	256	0.000083910
250	256	0.000088750
250	256	0.000080231
250	256	0.000094291
250	256	0.000103102
250	256	0.000083887
250	256	0.000125833
250	256	0.000083174
250	256	0.000122539
250	256	0.000118240
250	256	0.000094916
250	256	0.000094823
250	256	0.000095284
250	256	0.000116629
250	256	0.000105902
250	256	0.000136777
250	256	0.000099803
250	256	0.000100363
250	256	0.000192604
250	256	0.000139653
250	256	0.000116546
250	256	0.000180679
250	256	0.000131720
250	256	0.000178080
250	256	0.000158101
250	256	0.000158997
250	256	0.000123206
250	256	0.000209018
250	256	0.000158120
250	256	0.000174954
250	256	0.000205233
250	256	0.000189389
250	256	0.000154528
250	256	0.000192749
250	256	0.000202444
250	256	0.000150019
250	256	0.000165708
250	256	0.000131088
250	256	0.000168346
250	256	0.000131057
250	256	0.000130985
250	256	0.000130424
250	256	0.000157470
250	256	0.000169091
250	256	0.000130814
250	256	0.000192588
250	256	0.000130290
250	256	0.000130425
250	256	0.000131164
250	256	0.000157372
250	256	0.000129505
250	256	0.000131008
250	380	0.000108704
250	380	0.000108731
250	380	0.000135042
250	380	0.000165604
250	380	0.000109229
250	380	0.000125654
250	380	0.000146145
250	380	0.000133150
250	380	0.000165836
250	380	0.000175555
250	380	0.000159331
250	380	0.000173220
250	380	0.000170347
250	380	0.000171106
250	380	0.000141780
250	380	0.000115344
250	380	0.000152349
250	380	0.000180256
250	380	0.000171764
250	380	0.000166612
250	380	0.000108374
250	380	0.000107713
250	380	0.000131852
250	380	0.000108695
250	380	0.000156680
250	380	0.000165376
250	380	0.000108944
250	380	0.000138578
250	380	0.000134815
250	380	0.000164388
250	380	0.000138249
250	380	0.000122545
250	380	0.000166885
250	380	0.000108518
250	380	0.000108849
250	380	0.000158997
250	380	0.000108301
250	380	0.000107932
250	380	0.000159176
250	380	0.000107280
250	380	0.000108006
250	380	0.000115373
250	380	0.000134407
250	380	0.000128255
250	380	0.000131146
250	380	0.000152150
250	380	0.000125094
250	380	0.000109385
250	380	0.000108296
250	380	0.000165722
250	380	0.000127746
250	380	0.000108762
250	380	0.000168025
250	380	0.000108988
250	380	0.000108963
250	380	0.000113235
250	380	0.000162985
250	380	0.000108388
250	380	0.000163876
250	380	0.000139164
250	380	0.000172792
250	380	0.000125965
250	380	0.000137552
250	380	0.000121528
250	380	0.000130739
250	380	0.000127692
250	380	0.000121272
250	380	0.000218147
250	380	0.000210980
250	380	0.000195047
250	380	0.000145105
250	380	0.000144086
250	380	0.000165897
250	380	0.000191706
250	380	0.000149458
250	380	0.000232226
250	380	0.000253307
250	380	0.000166419
250	380	0.000226335
250	380	0.000228182
250	380	0.000261316
250	380	0.000224793
250	380	0.000160494
250	380	0.000159629
250	380	0.000232202
250	380	0.000277337
250	380	0.000190481
250	380	0.000211565
250	380	0.000233088
250	380	0.000287118
250	380	0.000304812
250	380	0.000284635
250	380	0.000285753
250	380	0.000259246
250	380	0.000190498
250	380	0.000255290
250	380	0.000294851
250	380	0.000190569
250	380	0.000247451
250	380	0.000288243
250	510	0.000145388
250	510	0.000145384
250	510	0.000227290
250	510	0.000145158
250	510	0.000144167
250	510	0.000184949
250	510	0.000144414
250	510	0.000145066
250	510	0.000165424
250	510	0.000164010
250	510	0.000171886
250	510	0.000220792
250	510	0.000183184
250	510	0.000225744
250	510	0.000143643
250	510	0.000144473
250	510	0.000145174
250	510	0.000192150
250	510	0.000145384
250	510	0.000166369
250	510	0.000226187
250	510	0.000145298
250	510	0.000215315
250	510	0.000178090
250	510	0.000228530
250	510	0.000192832
250	510	0.000217469
250	510	0.000196623
250	510	0.000229609
250	510	0.000150480
250	510	0.000160346
250	510	0.000181197
250	510	0.000241046
250	510	0.000201176
250	510	0.000168300
250	510	0.000219398
250	510	0.000263554
250	510	0.000187104
250	510	0.000239749
250	510	0.000192905
250	510	0.000192491
250	510	0.000185774
250	510	0.000188932
250	510	0.000210559
250	510	0.000183577
250	510	0.000199913
250	510	0.000304442
250	510	0.000255603
250	510	0.000324490
250	510	0.000202261
250	510	0.000288546
250	510	0.000320759
250	510	0.000335269
250	510	0.000297430
250	510	0.000211700
250	510	0.000328901
250	510	0.000331833
250	510	0.000401826
250	510	0.000311374
250	510	0.000237620
250	510	0.000252863
250	510	0.000394061
250	510	0.000254229
250	510	0.000351570
250	510	0.000362030
250	510	0.000253904
250	510	0.000254511
250	510	0.000253781
250	510	0.000402461
250	510	0.000303851
250	510	0.000237519
250	510	0.000239791
250	510	0.000370689
250	510	0.000253628
250	510	0.000402336
250	510	0.000381457
250	510	0.000264734
250	510	0.000253926
250	510	0.000299099
250	510	0.000253569
250	510	0.000315249
250	510	0.000251991
250	510	0.000300315
250	510	0.000390365
250	510	0.000384346
250	510	0.000243110
250	510	0.000255379
250	510	0.000253795
250	510	0.000462803
250	510	0.000361871
250	510	0.000368874
250	510	0.000374793
250	510	0.000252470
250	510	0.000291145
250	510	0.000402799
250	510	0.000238971
250	510	0.000273642
250	510	0.000366893
250	510	0.000253944
250	510	0.000356802
250	600	0.000194816
250	600	0.000196491
250	600	0.000180318
250	600	0.000260624
250	600	0.000251915
250	600	0.000253254
250	600	0.000223871
250	600	0.000254933
250	600	0.000252049
250	600	0.000270952
250	600	0.000273620
250	600	0.000169951
250	600	0.000270630
250	600	0.000244731
250	600	0.000171506
250	600	0.000221568
250	600	0.000171259
250	600	0.000229394
250	600	0.000246205
250	600	0.000170680
250	600	0.000271998
250	600	0.000188720
250	600	0.000177346
250	600	0.000178276
250	600	0.000189728
250	600	0.000239578
250	600	0.000177763
250	600	0.000233822
250	600	0.000232791
250	600	0.000190358
250	600	0.000286901
250	600	0.000191198
250	600	0.000230877
250	600	0.000308346
250	600	0.000229522
250	600	0.000317689
250	600	0.000242711
250	600	0.000225280
250	600	0.000239217
250	600	0.000246246
250	600	0.000270747
250	600	0.000374684
250	600	0.000369480
250	600	0.000374502
250	600	0.000342931
250	600	0.000323799
250	600	0.000217206
250	600	0.000296472
250	600	0.000253282
250	600	0.000249694
250	600	0.000252972
250	600	0.000265176
250	600	0.000376270
250	600	0.000397472
250	600	0.000362930
250	600	0.000385522
250	600	0.000329981
250	600	0.000444973
250	600	0.000480346
250	600	0.000463621
250	600	0.000439972
250	600	0.000458773
250	600	0.000368323
250	600	0.000297077
250	600	0.000347961
250	600	0.000479083
250	600	0.000334499
250	600	0.000345833
250	600	0.000300287
250	600	0.000480339
250	600	0.000312149
250	600	0.000288328
250	600	0.000308099
250	600	0.000280775
250	600	0.000282662
250	600	0.000339091
250	600	0.000453731
250	600	0.000437028
250	600	0.000450666
250	600	0.000313098
250	600	0.000299924
250	600	0.000282567
250	600	0.000294188
250	600	0.000432136
250	600	0.000296127
250	600	0.000324551
250	600	0.000307734
250	600	0.000287281
250	600	0.000298517
250	600	0.000482748
250	600	0.000357954
250	600	0.000341689
250	600	0.000297110
250	600	0.000321727
250	600	0.000298795
250	600	0.000469163
250	600	0.000297688
250	600	0.000300237
250	600	0.000314503
250	600	0.000440994
380	128	0.000074845
380	128	0.000072172
380	128	0.000082507
380	128	0.000072662
380	128	0.000082665
380	128	0.000082200
380	128	0.000073622
380	128	0.000072377
380	128	0.000082285
380	128	0.000080465
380	128	0.000082293
380	128	0.000073651
380	128	0.000073555
380	128	0.000075349
380	128	0.000080342
380	128	0.000073640
380	128	0.000073878
380	128	0.000072343
380	128	0.000073856
380	128	0.000072552
380	128	0.000080242
380	128	0.000071931
380	128	0.000072159
380	128	0.000073810
380	128	0.000071706
380	128	0.000080312
380	128	0.000080630
380	128	0.000082098
380	128	0.000080483
380	128	0.000073858
380	128	0.000080306
380	128	0.000081323
380	128	0.000080942
380	128	0.000072306
380	128	0.000080739
380	128	0.000082357
380	128	0.000080987
380	128	0.000083237
380	128	0.000083586
380	128	0.000083347
380	128	0.000083489
380	128	0.000083443
380	128	0.000087534
380	128	0.000086598
380	128	0.000088550
380	128	0.000079690
380	128	0.000087068
380	128	0.000093956
380	128	0.000097164
380	128	0.000093621
380	128	0.000093675
380	128	0.000107109
380	128	0.000093321
380	128	0.000093636
380	128	0.000091887
380	128	0.000091611
380	128	0.000114370
380	128	0.000112456
380	128	0.000112009
380	128	0.000114418
380	128	0.000127083
380	128	0.000125848
380	128	0.000143908
380	128	0.000121175
380	128	0.000120003
380	128	0.000135335
380	128	0.000127633
380	128	0.000126468
380	128	0.000138851
380	128	0.000130595
380	128	0.000141297
380	128	0.000140788
380	128	0.000132679
380	128	0.000143846
380	128	0.000128354
380	128	0.000140628
380	128	0.000141112
380	128	0.000141042
380	128	0.000144070
380	128	0.000129106
380	128	0.000140474
380	128	0.000129418
380	128	0.000126930
380	128	0.000126231
380	128	0.000141353
380	128	0.000144084
380	128	0.000129136
380	128	0.000128933
380	128	0.000127018
380	128	0.000144020
380	128	0.000136702
380	128	0.000138096
380	128	0.000140510
380	128	0.000129296
380	128	0.000139832
380	128	0.000126098
380	128	0.000140500
380	128	0.000126490
380	128	0.000129587
380	128	0.000143699
380	256	0.000147185
380	256	0.000149885
380	256	0.000156875
380	256	0.000164350
380	256	0.000150049
380	256	0.000165178
380	256	0.000149980
380	256	0.000147706
380	256	0.000163808
380	256	0.000163901
380	256	0.000163478
380	256	0.000163171
380	256	0.000147479
380	256	0.000163543
380	256	0.000169048
380	256	0.000147792
380	256	0.000163515
380	256	0.000167227
380	256	0.000164021
380	256	0.000163976
380	256	0.000167517
380	256	0.000163543
380	256	0.000147445
380	256	0.000149215
380	256	0.000164281
380	256	0.000163862
380	256	0.000164291
380	256	0.000147175
380	256	0.000147358
380	256	0.000150353
380	256	0.000147192
380	256	0.000196279
380	256	0.000199231
380	256	0.000182787
380	256	0.000203457
380	256	0.000200176
380	256	0.000217997
380	256	0.000216938
380	256	0.000246692
380	256	0.000249702
380	256	0.000252876
380	256	0.000257370
380	256	0.000266128
380	256	0.000261701
380	256	0.000292078
380	256	0.000256295
380	256	0.000270701
380	256	0.000262862
380	256	0.000257588
380	256	0.000262491
380	256	0.000262739
380	256	0.000274611
380	256	0.000270525
380	256	0.000276070
380	256	0.000269361
380	256	0.000257581
380	256	0.000255957
380	256	0.000285778
380	256	0.000251011
380	256	0.000262527
380	256	0.000262394
380	256	0.000293944
380	256	0.000284778
380	256	0.000289005
380	256	0.000247424
380	256	0.000262190
380	256	0.000263007
380	256	0.000286015
380	256	0.000293063
380	256	0.000306461
380	256	0.000271031
380	256	0.000257564
380	256	0.000247221
380	256	0.000252260
380	256	0.000255777
380	256	0.000262414
380	256	0.000286237
380	256	0.000262794
380	256	0.000301055
380	256	0.000298699
380	256	0.000270179
380	256	0.000286255
380	256	0.000287016
380	256	0.000257942
380	256	0.000269574
380	256	0.000270532
380	256	0.000303215
380	256	0.000293806
380	256	0.000293103
380	256	0.000293162
380	256	0.000263547
380	256	0.000262523
380	256	0.000316055
380	256	0.000256564
380	256	0.000293026
380	256	0.000292838
380	256	0.000269350
380	256	0.000262476
380	256	0.000286494
380	256	0.000301160
380	380	0.000219146
380	380	0.000245419
380	380	0.000219103
380	380	0.000219430
380	380	0.000215602
380	380	0.000239578
380	380	0.000216511
380	380	0.000239906
380	380	0.000219596
380	380	0.000223771
380	380	0.000239506
380	380	0.000239360
380	380	0.000215750
380	380	0.000239507
380	380	0.000245967
380	380	0.000215533
380	380	0.000239460
380	380	0.000244731
380	380	0.000235073
380	380	0.000219502
380	380	0.000239476
380	380	0.000219425
380	380	0.000225907
380	380	0.000239290
380	380	0.000241872
380	380	0.000249172
380	380	0.000248375
380	380	0.000269179
380	380	0.000279249
380	380	0.000273239
380	380	0.000274346
380	380	0.000306173
380	380	0.000301724
380	380	0.000334919
380	380	0.000372777
380	380	0.000372416
380	380	0.000378836
380	380	0.000428025
380	380	0.000405177
380	380	0.000394010
380	380	0.000353493
380	380	0.000369682
380	380	0.000431798
380	380	0.000430137
380	380	0.000434179
380	380	0.000403133
380	380	0.000360904
380	380	0.000420107
380	380	0.000402583
380	380	0.000438684
380	380	0.000420069
380	380	0.000418783
380	380	0.000385350
380	380	0.000383009
380	380	0.000376083
380	380	0.000418739
380	380	0.000408297
380	380	0.000367105
380	380	0.000428380
380	380	0.000411092
380	380	0.000420230
380	380	0.000394567
380	380	0.000408029
380	380	0.000356524
380	380	0.000430271
380	380	0.000400026
380	380	0.000419267
380	380	0.000430076
380	380	0.000402334
380	380	0.000373287
380	380	0.000421874
380	380	0.000383735
380	380	0.000390063
380	380	0.000355188
380	380	0.000395181
380	380	0.000376237
380	380	0.000361725
380	380	0.000433794
380	380	0.000404853
380	380	0.000419330
380	380	0.000391802
380	380	0.000384950
380	380	0.000394743
380	380	0.000376966
380	380	0.000387022
380	380	0.000394458
380	380	0.000409244
380	380	0.000428011
380	380	0.000433404
380	380	0.000367173
380	380	0.000428614
380	380	0.000412295
380	380	0.000370456
380	380	0.000383760
380	380	0.000383582
380	380	0.000388774
380	380	0.000364257
380	380	0.000429185
380	380	0.000390355
380	380	0.000426778
380	510	0.000298742
380	510	0.000328104
380	510	0.000329408
380	510	0.000325725
380	510	0.000319758
380	510	0.000319778
380	510	0.000326897
380	510	0.000319552
380	510	0.000316953
380	510	0.000307959
380	510	0.000319677
380	510	0.000286565
380	510	0.000331799
380	510	0.000303311
380	510	0.000331705
380	510	0.000416297
380	510	0.000416440
380	510	0.000406667
380	510	0.000508628
380	510	0.000500758
380	510	0.000569094
380	510	0.000545437
380	510	0.000522564
380	510	0.000501315
380	510	0.000605603
380	510	0.000572067
380	510	0.000523888
380	510	0.000561162
380	510	0.000526570
380	510	0.000559840
380	510	0.000543761
380	510	0.000561151
380	510	0.000523092
380	510	0.000511352
380	510	0.000511506
380	510	0.000552341
380	510	0.000572723
380	510	0.000582239
380	510	0.000501396
380	510	0.000576432
380	510	0.000572035
380	510	0.000537433
380	510	0.000546172
380	510	0.000519848
380	510	0.000533330
380	510	0.000539243
380	510	0.000554260
380	510	0.000553857
380	510	0.000595631
380	510	0.000580431
380	510	0.000512189
380	510	0.000564067
380	510	0.000568040
380	510	0.000494966
380	510	0.000545703
380	510	0.000501546
380	510	0.000491074
380	510	0.000532221
380	510	0.000481403
380	510	0.000486668
380	510	0.000572762
380	510	0.000481929
380	510	0.000547044
380	510	0.000524889
380	510	0.000482767
380	510	0.000563806
380	510	0.000505310
380	510	0.000481695
380	510	0.000576207
380	510	0.000522946
380	510	0.000485702
380	510	0.000489857
380	510	0.000512950
380	510	0.000564159
380	510	0.000517438
380	510	0.000538925
380	510	0.000564210
380	510	0.000522436
380	510	0.000511132
380	510	0.000492572
380	510	0.000521381
380	510	0.000534645
380	510	0.000498444
380	510	0.000534614
380	510	0.000559889
380	510	0.000514044
380	510	0.000481569
380	510	0.000559860
380	510	0.000523070
380	510	0.000554953
380	510	0.000541088
380	510	0.000565972
380	510	0.000564993
380	510	0.000582878
380	510	0.000545482
380	510	0.000583955
380	510	0.000559784
380	510	0.000572642
380	510	0.000559376
380	510	0.000604255
380	600	0.000346926
380	600	0.000338514
380	600	0.000386166
380	600	0.000377218
380	600	0.000387182
380	600	0.000377227
380	600	0.000340964
380	600	0.000338255
380	600	0.000345243
380	600	0.000339855
380	600	0.000339702
380	600	0.000352768
380	600	0.000364831
380	600	0.000370534
380	600	0.000378108
380	600	0.000464523
380	600	0.000467111
380	600	0.000557305
380	600	0.000637850
380	600	0.000615394
380	600	0.000660767
380	600	0.000616121
380	600	0.000615970
380	600	0.000620237
380	600	0.000621315
380	600	0.000625290
380	600	0.000680010
380	600	0.000660482
380	600	0.000620675
380	600	0.000593233
380	600	0.000672482
380	600	0.000689397
380	600	0.000667595
380	600	0.000604249
380	600	0.000610674
380	600	0.000666912
380	600	0.000682266
380	600	0.000603666
380	600	0.000594682
380	600	0.000621093
380	600	0.000642213
380	600	0.000593982
380	600	0.000605749
380	600	0.000568696
380	600	0.000643029
380	600	0.000677946
380	600	0.000664207
380	600	0.000616008
380	600	0.000629067
380	600	0.000631870
380	600	0.000674379
380	600	0.000614985
380	600	0.000656976
380	600	0.000629087
380	600	0.000595921
380	600	0.000670884
380	600	0.000604064
380	600	0.000681055
380	600	0.000589208
380	600	0.000608902
380	600	0.000610686
380	600	0.000573406
380	600	0.000658906
380	600	0.000684355
380	600	0.000605717
380	600	0.000610250
380	600	0.000605236
380	600	0.000640570
380	600	0.000677344
380	600	0.000638349
380	600	0.000634078
380	600	0.000586294
380	600	0.000610474
380	600	0.000604733
380	600	0.000610120
380	600	0.000568772
380	600	0.000671512
380	600	0.000663783
380	600	0.000618311
380	600	0.000675688
380	600	0.000652799
380	600	0.000577541
380	600	0.000659422
380	600	0.000675685
380	600	0.000720013
380	600	0.000655015
380	600	0.000628806
380	600	0.000598485
380	600	0.000675092
380	600	0.000666767
380	600	0.000648760
380	600	0.000653778
380	600	0.000640793
380	600	0.000680345
380	600	0.000604399
380	600	0.000647539
380	600	0.000573427
380	600	0.000680496
380	600	0.000579899
380	600	0.000629463
510	128	0.000088155
510	128	0.000096310
510	128	0.000096894
510	128	0.000089413
510	128	0.000095995
510	128	0.000089166
510	128	0.000098133
510	128	0.000096309
510	128	0.000098276
510	128	0.000089099
510	128	0.000089621
510	128	0.000097970
510	128	0.000097889
510	128	0.000096513
510	128	0.000089619
510	128	0.000089036
510	128	0.000088241
510	128	0.000089676
510	128	0.000088438
510	128	0.000096161
510	128	0.000111390
510	128	0.000088419
510	128	0.000099734
510	128	0.000098254
510	128	0.000102778
510	128	0.000096849
510	128	0.000089303
510	128	0.000096540
510	128	0.000096252
510	128	0.000087707
510	128	0.000087991
510	128	0.000092461
510	128	0.000096516
510	128	0.000087945
510	128	0.000087911
510	128	0.000098392
510	128	0.000096685
510	128	0.000088354
510	128	0.000096534
510	128	0.000096692
510	128	0.000097998
510	128	0.000101533
510	128	0.000096257
510	128	0.000089454
510	128	0.000096526
510	128	0.000090202
510	128	0.000098300
510	128	0.000096332
510	128	0.000089528
510	128	0.000097852
510	128	0.000090376
510	128	0.000087932
510	128	0.000096367
510	128	0.000096379
510	128	0.000100818
510	128	0.000088282
510	128	0.000131337
510	128	0.000096005
510	128	0.000103810
510	128	0.000096170
510	128	0.000094909
510	128	0.000104149
510	128	0.000103426
510	128	0.000112199
510	128	0.000112559
510	128	0.000112544
510	128	0.000112557
510	128	0.000120339
510	128	0.000128464
510	128	0.000128014
510	128	0.000128711
510	128	0.000131333
510	128	0.000142090
510	128	0.000141542
510	128	0.000131950
510	128	0.000152760
510	128	0.000150447
510	128	0.000137688
510	128	0.000154264
510	128	0.000158247
510	128	0.000156590
510	128	0.000168015
510	128	0.000168548
510	128	0.000156715
510	128	0.000169138
510	128	0.000158445
510	128	0.000216801
510	128	0.000154715
510	128	0.000147189
510	128	0.000164088
510	128	0.000164264
510	128	0.000165767
510	128	0.000168370
510	128	0.000158484
510	128	0.000171917
510	128	0.000176881
510	128	0.000168000
510	128	0.000156988
510	128	0.000167998
510	128	0.000162574
510	256	0.000182597
510	256	0.000196499
510	256	0.000200135
510	256	0.000186812
510	256	0.000196363
510	256	0.000196471
510	256	0.000199952
510	256	0.000196423
510	256	0.000196132
510	256	0.000179781
510	256	0.000192364
510	256	0.000199913
510	256	0.000196796
510	256	0.000184817
510	256	0.000196372
510	256	0.000196698
510	256	0.000196697
510	256	0.000182992
510	256	0.000182526
510	256	0.000196622
510	256	0.000187997
510	256	0.000183188
510	256	0.000196836
510	256	0.000196694
510	256	0.000196804
510	256	0.000230409
510	256	0.000204807
510	256	0.000204288
510	256	0.000262072
510	256	0.000243883
510	256	0.000240123
510	256	0.000275582
510	256	0.000310733
510	256	0.000323249
510	256	0.000343327
510	256	0.000345120
510	256	0.000314271
510	256	0.000334166
510	256	0.000353721
510	256	0.000323517
510	256	0.000344300
510	256	0.000320023
510	256	0.000323021
510	256	0.000348394
510	256	0.000343936
510	256	0.000325617
510	256	0.000319740
510	256	0.000329155
510	256	0.000332638
510	256	0.000301238
510	256	0.000320241
510	256	0.000343330
510	256	0.000349128
510	256	0.000337674
510	256	0.000332627
510	256	0.000344056
510	256	0.000336835
510	256	0.000344851
510	256	0.000359009
510	256	0.000327011
510	256	0.000301022
510	256	0.000316714
510	256	0.000339901
510	256	0.000350237
510	256	0.000327669
510	256	0.000362171
510	256	0.000329317
510	256	0.000296982
510	256	0.000349723
510	256	0.000325206
510	256	0.000332006
510	256	0.000296326
510	256	0.000304943
510	256	0.000320058
510	256	0.000355409
510	256	0.000343761
510	256	0.000319714
510	256	0.000338993
510	256	0.000337327
510	256	0.000338049
510	256	0.000301018
510	256	0.000302612
510	256	0.000343302
510	256	0.000328095
510	256	0.000333329
510	256	0.000323188
510	256	0.000328572
510	256	0.000344031
510	256	0.000350089
510	256	0.000393782
510	256	0.000332047
510	256	0.000350438
510	256	0.000343905
510	256	0.000366623
510	256	0.000330001
510	256	0.000331031
510	256	0.000319459
510	256	0.000350448
510	256	0.000352000
510	256	0.000323579
510	380	0.000286571
510	380	0.000292131
510	380	0.000263126
510	380	0.000266341
510	380	0.000289531
510	380	0.000279333
510	380	0.000272718
510	380	0.000286826
510	380	0.000286605
510	380	0.000271149
510	380	0.000279042
510	380	0.000261959
510	380	0.000292131
510	380	0.000292470
510	380	0.000286909
510	380	0.000292387
510	380	0.000286599
510	380	0.000266224
510	380	0.000286568
510	380	0.000298286
510	380	0.000292049
510	380	0.000287398
510	380	0.000262809
510	380	0.000267712
510	380	0.000262532
510	380	0.000287652
510	380	0.000289496
510	380	0.000305912
510	380	0.000314855
510	380	0.000318489
510	380	0.000317320
510	380	0.000298302
510	380	0.000321776
510	380	0.000298649
510	380	0.000382589
510	380	0.000350287
510	380	0.000389675
510	380	0.000368143
510	380	0.000374242
510	380	0.000427114
510	380	0.000494233
510	380	0.000439176
510	380	0.000472378
510	380	0.000465053
510	380	0.000509548
510	380	0.000446740
510	380	0.000507638
510	380	0.000476248
510	380	0.000487752
510	380	0.000469967
510	380	0.000515321
510	380	0.000492341
510	380	0.000459744
510	380	0.000498504
510	380	0.000441565
510	380	0.000466951
510	380	0.000487967
510	380	0.000466640
510	380	0.000518663
510	380	0.000525398
510	380	0.000482246
510	380	0.000480317
510	380	0.000508359
510	380	0.000458857
510	380	0.000520582
510	380	0.000486039
510	380	0.000472414
510	380	0.000503730
510	380	0.000431840
510	380	0.000489083
510	380	0.000468438
510	380	0.000503203
510	380	0.000466375
510	380	0.000459777
510	380	0.000497011
510	380	0.000466515
510	380	0.000471617
510	380	0.000439310
510	380	0.000502775
510	380	0.000557831
510	380	0.000433066
510	380	0.000459263
510	380	0.000499957
510	380	0.000458199
510	380	0.000521794
510	380	0.000478541
510	380	0.000453917
510	380	0.000466151
510	380	0.000486998
510	380	0.000478987
510	380	0.000517350
510	380	0.000472956
510	380	0.000440073
510	380	0.000481419
510	380	0.000552755
510	380	0.000446760
510	380	0.000488966
510	380	0.000514205
510	380	0.000451881
510	380	0.000501864
510	510	0.000394239
510	510	0.000355769
510	510	0.000357841
510	510	0.000382943
510	510	0.000382619
510	510	0.000390640
510	510	0.000355706
510	510	0.000382759
510	510	0.000366011
510	510	0.000370932
510	510	0.000388549
510	510	0.000355445
510	510	0.000390602
510	510	0.000382644
510	510	0.000390671
510	510	0.000356353
510	510	0.000355584
510	510	0.000355468
510	510	0.000355208
510	510	0.000387185
510	510	0.000361484
510	510	0.000393094
510	510	0.000364622
510	510	0.000373804
510	510	0.000361028
510	510	0.000355829
510	510	0.000350702
510	510	0.000350440
510	510	0.000350600
510	510	0.000349833
510	510	0.000360028
510	510	0.000407584
510	510	0.000393043
510	510	0.000349842
510	510	0.000355368
510	510	0.000362798
510	510	0.000396973
510	510	0.000397499
510	510	0.000407862
510	510	0.000455258
510	510	0.000455168
510	510	0.000487606
510	510	0.000487067
510	510	0.000476095
510	510	0.000496833
510	510	0.000517178
510	510	0.000497649
510	510	0.000547314
510	510	0.000514166
510	510	0.000635965
510	510	0.000576386
510	510	0.000606422
510	510	0.000630719
510	510	0.000679678
510	510	0.000631863
510	510	0.000515568
510	510	0.000533195
510	510	0.000577002
510	510	0.000564396
510	510	0.000578286
510	510	0.000620068
510	510	0.000543711
510	510	0.000640017
510	510	0.000630867
510	510	0.000650237
510	510	0.000682577
510	510	0.000652322
510	510	0.000670360
510	510	0.000682084
510	510	0.000676682
510	510	0.000665939
510	510	0.000606993
510	510	0.000648588
510	510	0.000661917
510	510	0.000648368
510	510	0.000586227
510	510	0.000635487
510	510	0.000674969
510	510	0.000679272
510	510	0.000626741
510	510	0.000609385
510	510	0.000611121
510	510	0.000597887
510	510	0.000585285
510	510	0.000638881
510	510	0.000679193
510	510	0.000637021
510	510	0.000661516
510	510	0.000653270
510	510	0.000647009
510	510	0.000631578
510	510	0.000655882
510	510	0.000656811
510	510	0.000689361
510	510	0.000592756
510	510	0.000682433
510	510	0.000664415
510	510	0.000585955
510	510	0.000683866
510	510	0.000611916
510	600	0.000414066
510	600	0.000420950
510	600	0.000454716
510	600	0.000461563
510	600	0.000419610
510	600	0.000419962
510	600	0.000419786
510	600	0.000419642
510	600	0.000419643
510	600	0.000452132
510	600	0.000452247
510	600	0.000460567
510	600	0.000452999
510	600	0.000460559
510	600	0.000451959
510	600	0.000452040
510	600	0.000452518
510	600	0.000413190
510	600	0.000460570
510	600	0.000453248
510	600	0.000420145
510	600	0.000451874
510	600	0.000435470
510	600	0.000468874
510	600	0.000429703
510	600	0.000506407
510	600	0.000462729
510	600	0.000506049
510	600	0.000547607
510	600	0.000546078
510	600	0.000535131
510	600	0.000575203
510	600	0.000657621
510	600	0.000664086
510	600	0.000709107
510	600	0.000708850
510	600	0.000716886
510	600	0.000701398
510	600	0.000702161
510	600	0.000782382
510	600	0.000725740
510	600	0.000752417
510	600	0.000781924
510	600	0.000756972
510	600	0.000736186
510	600	0.000806145
510	600	0.000805464
510	600	0.000808939
510	600	0.000782182
510	600	0.000740220
510	600	0.000795197
510	600	0.000782821
510	600	0.000780547
510	600	0.000710064
510	600	0.000720676
510	600	0.000703534
510	600	0.000746507
510	600	0.000813453
510	600	0.000753095
510	600	0.000812251
510	600	0.000745465
510	600	0.000755556
510	600	0.000795757
510	600	0.000681229
510	600	0.000732981
510	600	0.000790653
510	600	0.000740490
510	600	0.000778470
510	600	0.000775491
510	600	0.000733792
510	600	0.000788623
510	600	0.000724076
510	600	0.000748359
510	600	0.000800741
510	600	0.000700316
510	600	0.000732638
510	600	0.000759294
510	600	0.000712397
510	600	0.000734695
510	600	0.000715378
510	600	0.000800228
510	600	0.000700314
510	600	0.000763913
510	600	0.000733488
510	600	0.000735210
510	600	0.000754876
510	600	0.000737181
510	600	0.000797815
510	600	0.000803665
510	600	0.000749796
510	600	0.000813998
510	600	0.000740240
510	600	0.000694209
510	600	0.000758801
510	600	0.000729667
510	600	0.000778435
510	600	0.000806842
510	600	0.000773886
510	600	0.000832409
510	600	0.000777623
600	128	0.000118067
600	128	0.000126256
600	128	0.000125854
600	128	0.000117558
600	128	0.000124380
600	128	0.000125872
600	128	0.000126517
600	128	0.000117321
600	128	0.000117945
600	128	0.000124295
600	128	0.000115948
600	128	0.000124527
600	128	0.000133786
600	128	0.000116137
600	128	0.000124154
600	128	0.000124466
600	128	0.000124310
600	128	0.000129241
600	128	0.000124780
600	128	0.000124105
600	128	0.000126104
600	128	0.000115845
600	128	0.000115973
600	128	0.000151262
600	128	0.000143475
600	128	0.000156760
600	128	0.000141171
600	128	0.000173933
600	128	0.000174659
600	128	0.000162389
600	128	0.000171457
600	128	0.000164723
600	128	0.000174598
600	128	0.000174202
600	128	0.000203155
600	128	0.000203226
600	128	0.000217525
600	128	0.000205029
600	128	0.000204896
600	128	0.000204626
600	128	0.000207842
600	128	0.000204669
600	128	0.000207772
600	128	0.000217473
600	128	0.000220959
600	128	0.000203002
600	128	0.000220987
600	128	0.000233804
600	128	0.000232824
600	128	0.000217673
600	128	0.000220817
600	128	0.000205666
600	128	0.000220601
600	128	0.000203483
600	128	0.000217184
600	128	0.000222242
600	128	0.000226886
600	128	0.000220955
600	128	0.000208720
600	128	0.000221082
600	128	0.000204974
600	128	0.000205725
600	128	0.000205472
600	128	0.000217985
600	128	0.000203519
600	128	0.000202630
600	128	0.000221040
600	128	0.000205097
600	128	0.000220917
600	128	0.000191139
600	128	0.000221217
600	128	0.000205979
600	128	0.000203995
600	128	0.000191260
600	128	0.000218082
600	128	0.000219795
600	128	0.000225455
600	128	0.000205617
600	128	0.000207596
600	128	0.000204462
600	128	0.000203316
600	128	0.000205411
600	128	0.000210069
600	128	0.000202067
600	128	0.000217071
600	128	0.000217866
600	128	0.000203348
600	128	0.000202659
600	128	0.000204450
600	128	0.000220962
600	128	0.000225826
600	128	0.000205830
600	128	0.000207530
600	128	0.000217610
600	128	0.000220269
600	128	0.000220585
600	128	0.000220696
600	128	0.000202913
600	128	0.000220223
600	128	0.000202913
600	256	0.000236557
600	256	0.000253850
600	256	0.000236906
600	256	0.000239890
600	256	0.000256247
600	256	0.000243777
600	256	0.000236850
600	256	0.000256957
600	256	0.000253223
600	256	0.000236553
600	256	0.000257016
600	256	0.000236984
600	256	0.000253465
600	256	0.000263448
600	256	0.000237729
600	256	0.000234808
600	256	0.000253157
600	256	0.000246832
600	256	0.000239818
600	256	0.000239660
600	256	0.000236792
600	256	0.000242450
600	256	0.000253511
600	256	0.000240056
600	256	0.000253916
600	256	0.000236802
600	256	0.000250156
600	256	0.000262850
600	256	0.000249111
600	256	0.000263033
600	256	0.000268042
600	256	0.000275097
600	256	0.000277107
600	256	0.000277066
600	256	0.000278139
600	256	0.000279594
600	256	0.000279765
600	256	0.000337700
600	256	0.000315503
600	256	0.000315443
600	256	0.000331942
600	256	0.000331845
600	256	0.000354686
600	256	0.000368669
600	256	0.000394456
600	256	0.000406546
600	256	0.000375900
600	256	0.000368537
600	256	0.000379210
600	256	0.000373525
600	256	0.000373233
600	256	0.000349697
600	256	0.000380026
600	256	0.000373754
600	256	0.000424085
600	256	0.000423195
600	256	0.000461049
600	256	0.000403554
600	256	0.000416877
600	256	0.000394934
600	256	0.000439360
600	256	0.000443823
600	256	0.000429175
600	256	0.000443157
600	256	0.000441733
600	256	0.000432195
600	256	0.000449877
600	256	0.000405242
600	256	0.000451873
600	256	0.000423099
600	256	0.000444329
600	256	0.000465722
600	256	0.000423083
600	256	0.000441841
600	256	0.000465977
600	256	0.000441822
600	256	0.000415063
600	256	0.000449037
600	256	0.000427540
600	256	0.000414294
600	256	0.000460366
600	256	0.000457556
600	256	0.000415775
600	256	0.000431413
600	256	0.000461291
600	256	0.000454858
600	256	0.000450449
600	256	0.000406554
600	256	0.000443335
600	256	0.000453271
600	256	0.000414611
600	256	0.000443698
600	256	0.000442668
600	256	0.000417935
600	256	0.000433157
600	256	0.000414437
600	256	0.000459270
600	256	0.000443468
600	256	0.000450502
600	256	0.000453050
600	380	0.000351600
600	380	0.000370444
600	380	0.000345857
600	380	0.000370762
600	380	0.000376023
600	380	0.000370808
600	380	0.000346252
600	380	0.000371011
600	380	0.000374986
600	380	0.000363441
600	380	0.000368064
600	380	0.000371507
600	380	0.000370674
600	380	0.000370455
600	380	0.000350267
600	380	0.000370648
600	380	0.000345825
600	380	0.000375944
600	380	0.000370878
600	380	0.000376676
600	380	0.000371330
600	380	0.000371056
600	380	0.000383115
600	380	0.000372549
600	380	0.000369623
600	380	0.000417885
600	380	0.000431635
600	380	0.000458604
600	380	0.000439270
600	380	0.000444449
600	380	0.000452346
600	380	0.000465107
600	380	0.000466100
600	380	0.000589582
600	380	0.000538311
600	380	0.000575640
600	380	0.000538460
600	380	0.000537854
600	380	0.000620597
600	380	0.000610472
600	380	0.000674624
600	380	0.000599231
600	380	0.000630625
600	380	0.000633013
600	380	0.000613520
600	380	0.000650141
600	380	0.000628900
600	380	0.000641188
600	380	0.000576707
600	380	0.000554697
600	380	0.000624311
600	380	0.000683941
600	380	0.000652333
600	380	0.000653456
600	380	0.000625501
600	380	0.000648347
600	380	0.000626958
600	380	0.000640188
600	380	0.000661889
600	380	0.000614284
600	380	0.000600732
600	380	0.000634115
600	380	0.000589810
600	380	0.000636574
600	380	0.000633528
600	380	0.000651235
600	380	0.000626815
600	380	0.000610718
600	380	0.000627684
600	380	0.000577454
600	380	0.000639552
600	380	0.000633656
600	380	0.000662083
600	380	0.000598137
600	380	0.000641349
600	380	0.000585141
600	380	0.000635062
600	380	0.000570325
600	380	0.000637860
600	380	0.000594116
600	380	0.000657319
600	380	0.000638475
600	380	0.000611970
600	380	0.000631760
600	380	0.000660216
600	380	0.000619123
600	380	0.000665995
600	380	0.000648853
600	380	0.000621367
600	380	0.000604929
600	380	0.000640955
600	380	0.000660393
600	380	0.000634187
600	380	0.000572982
600	380	0.000621293
600	380	0.000632008
600	380	0.000628227
600	380	0.000613595
600	380	0.000642977
600	380	0.000576251
600	510	0.000462373
600	510	0.000462208
600	510	0.000468695
600	510	0.000461823
600	510	0.000494657
600	510	0.000467755
600	510	0.000502137
600	510	0.000510114
600	510	0.000475794
600	510	0.000504733
600	510	0.000509066
600	510	0.000496313
600	510	0.000500386
600	510	0.000503621
600	510	0.000501706
600	510	0.000515114
600	510	0.000495217
600	510	0.000508604
600	510	0.000497071
600	510	0.000498500
600	510	0.000518554
600	510	0.000466451
600	510	0.000495852
600	510	0.000527240
600	510	0.000496083
600	510	0.000479338
600	510	0.000508856
600	510	0.000495247
600	510	0.000514145
600	510	0.000533486
600	510	0.000541204
600	510	0.000510309
600	510	0.000604159
600	510	0.000591348
600	510	0.000636091
600	510	0.000595292
600	510	0.000639109
600	510	0.000642070
600	510	0.000639869
600	510	0.000734554
600	510	0.000674711
600	510	0.000741752
600	510	0.000703710
600	510	0.000789718
600	510	0.000789969
600	510	0.000848830
600	510	0.000870706
600	510	0.000864154
600	510	0.000800593
600	510	0.000888971
600	510	0.000898057
600	510	0.000815890
600	510	0.000810596
600	510	0.000872630
600	510	0.000814668
600	510	0.000798420
600	510	0.000844926
600	510	0.000817606
600	510	0.000771126
600	510	0.000817733
600	510	0.000821339
600	510	0.000792725
600	510	0.000866266
600	510	0.000904168
600	510	0.000874098
600	510	0.000866415
600	510	0.000834295
600	510	0.000887820
600	510	0.000817321
600	510	0.000826081
600	510	0.000885858
600	510	0.000815780
600	510	0.000784157
600	510	0.000832869
600	510	0.000841457
600	510	0.000863268
600	510	0.000754781
600	510	0.000801050
600	510	0.000813967
600	510	0.000770615
600	510	0.000760698
600	510	0.000834311
600	510	0.000629646
600	510	0.000635263
600	510	0.000613153
600	510	0.000588428
600	510	0.000667744
600	510	0.000779063
600	510	0.000777647
600	510	0.000782439
600	510	0.000740404
600	510	0.000696816
600	510	0.000659856
600	510	0.000669512
600	510	0.000633501
600	510	0.000727008
600	510	0.000781677
600	510	0.000741102
600	510	0.000735073
600	510	0.000879213
600	600	0.000596193
600	600	0.000578914
600	600	0.000590021
600	600	0.000545399
600	600	0.000547283
600	600	0.000584380
600	600	0.000558444
600	600	0.000551881
600	600	0.000558187
600	600	0.000551726
600	600	0.000556644
600	600	0.000545532
600	600	0.000545693
600	600	0.000664715
600	600	0.000617524
600	600	0.000680787
600	600	0.000779907
600	600	0.000834383
600	600	0.001041042
600	600	0.000952665
600	600	0.001013715
600	600	0.000964320
600	600	0.000986045
600	600	0.001044547
600	600	0.000963027
600	600	0.001007882
600	600	0.000950460
600	600	0.000943119
600	600	0.001026996
600	600	0.000992412
600	600	0.001011559
600	600	0.001029678
600	600	0.000919862
600	600	0.000922570
600	600	0.000956420
600	600	0.001009398
600	600	0.001005108
600	600	0.001037887
600	600	0.000999995
600	600	0.000903772
600	600	0.001032696
600	600	0.000973990
600	600	0.000957930
600	600	0.000978905
600	600	0.001016688
600	600	0.001037304
600	600	0.001007173
600	600	0.000810775
600	600	0.000887478
600	600	0.000820593
600	600	0.000863943
600	600	0.000961489
600	600	0.001015952
600	600	0.000940523
600	600	0.000953934
600	600	0.000971239
600	600	0.001017959
600	600	0.001015255
600	600	0.000962645
600	600	0.001029770
600	600	0.001011710
600	600	0.000926304
600	600	0.000983675
600	600	0.001020140
600	600	0.001015271
600	600	0.000904425
600	600	0.000923473
600	600	0.000970873
600	600	0.000968127
600	600	0.001046595
600	600	0.001030751
600	600	0.001050078
600	600	0.000956601
600	600	0.000898535
600	600	0.000930546
600	600	0.001036489
600	600	0.001022065
600	600	0.000961931
600	600	0.000957991
600	600	0.000955477
600	600	0.001003419
600	600	0.001074180
600	600	0.001103501
600	600	0.000955867
600	600	0.001015710
600	600	0.001029391
600	600	0.001016872
600	600	0.001011653
600	600	0.000912287
600	600	0.000987294
600	600	0.001057117
600	600	0.001054425
600	600	0.001002641
600	600	0.001030056
600	600	0.001029192
600	600	0.001029487
600	600	0.000989767
600	600	0.001006060
600	600	0.001009351
600	600	0.000977667
