120	128	0.000178421
120	128	0.000173916
120	128	0.000172155
120	128	0.000176540
120	128	0.000173030
120	128	0.000178404
120	128	0.000178110
120	128	0.000178797
120	128	0.000173462
120	128	0.000178812
120	128	0.000173559
120	128	0.000172432
120	128	0.000178696
120	128	0.000171766
120	128	0.000172250
120	128	0.000172103
120	128	0.000173005
120	128	0.000178941
120	128	0.000172219
120	128	0.000173026
120	128	0.000178436
120	128	0.000172800
120	128	0.000172370
120	128	0.000172523
120	128	0.000171521
120	128	0.000178645
120	128	0.000172719
120	128	0.000171802
120	128	0.000186405
120	128	0.000186381
120	128	0.000193668
120	128	0.000186800
120	128	0.000243898
120	128	0.000241303
120	128	0.000244010
120	128	0.000279221
120	128	0.000267339
120	128	0.000269649
120	128	0.000271338
120	128	0.000270180
120	128	0.000268857
120	128	0.000300585
120	128	0.000301545
120	128	0.000312886
120	128	0.000301665
120	128	0.000304283
120	128	0.000305029
120	128	0.000303300
120	128	0.000301174
120	128	0.000330271
120	128	0.000313964
120	128	0.000294169
120	128	0.000305396
120	128	0.000312078
120	128	0.000312352
120	128	0.000310066
120	128	0.000356362
120	128	0.000293486
120	128	0.000293802
120	128	0.000300836
120	128	0.000301777
120	128	0.000312696
120	128	0.000313943
120	128	0.000319652
120	128	0.000283578
120	128	0.000304255
120	128	0.000303368
120	128	0.000304677
120	128	0.000311356
120	128	0.000301011
120	128	0.000294208
120	128	0.000301317
120	128	0.000300999
120	128	0.000312099
120	128	0.000316299
120	128	0.000288194
120	128	0.000312919
120	128	0.000285319
120	128	0.000312200
120	128	0.000321567
120	128	0.000301283
120	128	0.000284293
120	128	0.000312106
120	128	0.000301985
120	128	0.000321647
120	128	0.000303261
120	128	0.000283892
120	128	0.000289792
120	128	0.000301540
120	128	0.000300228
120	128	0.000352749
120	128	0.000283191
120	128	0.000312268
120	128	0.000312266
120	128	0.000312314
120	128	0.000315105
120	128	0.000314267
120	128	0.000283804
120	128	0.000300823
120	128	0.000297309
120	256	0.000355714
120	256	0.000340209
120	256	0.000340871
120	256	0.000341263
120	256	0.000355328
120	256	0.000340706
120	256	0.000355312
120	256	0.000340340
120	256	0.000347541
120	256	0.000358365
120	256	0.000350204
120	256	0.000349180
120	256	0.000340625
120	256	0.000355321
120	256	0.000355390
120	256	0.000340878
120	256	0.000341471
120	256	0.000355314
120	256	0.000355463
120	256	0.000349626
120	256	0.000348719
120	256	0.000339279
120	256	0.000343209
120	256	0.000344433
120	256	0.000340213
120	256	0.000359410
120	256	0.000349764
120	256	0.000346534
120	256	0.000341185
120	256	0.000340297
120	256	0.000355472
120	256	0.000342109
120	256	0.000339617
120	256	0.000342162
120	256	0.000346214
120	256	0.000347523
120	256	0.000355793
120	256	0.000355362
120	256	0.000340380
120	256	0.000383114
120	256	0.000381549
120	256	0.000381185
120	256	0.000389357
120	256	0.000368190
120	256	0.000383090
120	256	0.000382695
120	256	0.000452622
120	256	0.000433491
120	256	0.000432885
120	256	0.000432707
120	256	0.000433202
120	256	0.000414766
120	256	0.000497697
120	256	0.000485468
120	256	0.000453040
120	256	0.000460850
120	256	0.000457640
120	256	0.000422149
120	256	0.000414732
120	256	0.000414643
120	256	0.000457331
120	256	0.000455660
120	256	0.000474260
120	256	0.000495052
120	256	0.000496933
120	256	0.000493602
120	256	0.000497479
120	256	0.000497662
120	256	0.000605341
120	256	0.000594736
120	256	0.000622630
120	256	0.000561049
120	256	0.000612864
120	256	0.000580111
120	256	0.000601848
120	256	0.000611179
120	256	0.000574903
120	256	0.000615575
120	256	0.000598208
120	256	0.000603965
120	256	0.000595613
120	256	0.000661673
120	256	0.000599147
120	256	0.000584514
120	256	0.000575762
120	256	0.000606710
120	256	0.000600390
120	256	0.000617056
120	256	0.000594387
120	256	0.000606806
120	256	0.000597080
120	256	0.000626471
120	256	0.000605399
120	256	0.000648262
120	256	0.000622305
120	256	0.000605391
120	256	0.000597198
120	256	0.000633702
120	256	0.000573423
120	256	0.000630129
120	380	0.000502764
120	380	0.000503306
120	380	0.000501140
120	380	0.000530440
120	380	0.000513855
120	380	0.000510833
120	380	0.000513501
120	380	0.000519358
120	380	0.000531216
120	380	0.000511047
120	380	0.000511483
120	380	0.000503549
120	380	0.000503739
120	380	0.000502013
120	380	0.000526543
120	380	0.000502945
120	380	0.000504103
120	380	0.000508629
120	380	0.000503421
120	380	0.000511459
120	380	0.000503921
120	380	0.000509397
120	380	0.000503157
120	380	0.000526536
120	380	0.000527162
120	380	0.000504041
120	380	0.000503464
120	380	0.000503220
120	380	0.000502789
120	380	0.000502824
120	380	0.000502778
120	380	0.000526297
120	380	0.000504003
120	380	0.000503631
120	380	0.000511415
120	380	0.000504211
120	380	0.000503346
120	380	0.000523299
120	380	0.000573450
120	380	0.000594166
120	380	0.000583127
120	380	0.000591132
120	380	0.000620324
120	380	0.000612088
120	380	0.000596863
120	380	0.000671242
120	380	0.000678872
120	380	0.000815948
120	380	0.000902713
120	380	0.000833830
120	380	0.000874437
120	380	0.000894821
120	380	0.000861789
120	380	0.000819080
120	380	0.000838939
120	380	0.000870211
120	380	0.000837849
120	380	0.000889208
120	380	0.000874895
120	380	0.000828257
120	380	0.000884023
120	380	0.000926625
120	380	0.000870945
120	380	0.000898001
120	380	0.000891675
120	380	0.000905294
120	380	0.000894668
120	380	0.000871072
120	380	0.000879091
120	380	0.000897618
120	380	0.000877970
120	380	0.000897861
120	380	0.000889535
120	380	0.000923619
120	380	0.000890022
120	380	0.000925902
120	380	0.000905720
120	380	0.000875219
120	380	0.000900982
120	380	0.000922517
120	380	0.000866412
120	380	0.000900428
120	380	0.000886774
120	380	0.000982062
120	380	0.000912622
120	380	0.000888666
120	380	0.000872188
120	380	0.000894049
120	380	0.000844303
120	380	0.000830404
120	380	0.000847550
120	380	0.000835024
120	380	0.000821980
120	380	0.000819453
120	380	0.000882576
120	380	0.000874061
120	380	0.000903355
120	380	0.000928201
120	380	0.000885162
120	380	0.000930085
120	510	0.000684076
120	510	0.000673421
120	510	0.000680019
120	510	0.000691775
120	510	0.000677958
120	510	0.000705827
120	510	0.000679121
120	510	0.000718711
120	510	0.000674227
120	510	0.000674016
120	510	0.000684384
120	510	0.000690305
120	510	0.000672614
120	510	0.000673364
120	510	0.000692919
120	510	0.000714831
120	510	0.000705763
120	510	0.000687823
120	510	0.000687307
120	510	0.000681272
120	510	0.000672594
120	510	0.000709357
120	510	0.000713261
120	510	0.000765676
120	510	0.000737782
120	510	0.000724800
120	510	0.000761190
120	510	0.000868864
120	510	0.000907347
120	510	0.000952419
120	510	0.000900104
120	510	0.000969119
120	510	0.000985213
120	510	0.001003863
120	510	0.001005675
120	510	0.001003195
120	510	0.001037533
120	510	0.001073879
120	510	0.001155695
120	510	0.001199733
120	510	0.001132529
120	510	0.001094276
120	510	0.000997332
120	510	0.001014463
120	510	0.001112387
120	510	0.001120845
120	510	0.001129054
120	510	0.001058498
120	510	0.001064793
120	510	0.001094581
120	510	0.000951235
120	510	0.000958835
120	510	0.000979562
120	510	0.001036653
120	510	0.001168274
120	510	0.001103059
120	510	0.001019063
120	510	0.000949555
120	510	0.000957544
120	510	0.000943207
120	510	0.000934074
120	510	0.000906664
120	510	0.000889932
120	510	0.000877320
120	510	0.000906417
120	510	0.000937759
120	510	0.000909104
120	510	0.000906614
120	510	0.000866370
120	510	0.000855931
120	510	0.000973520
120	510	0.000974063
120	510	0.001051031
120	510	0.001068550
120	510	0.001041052
120	510	0.001007928
120	510	0.000903018
120	510	0.000866873
120	510	0.000861566
120	510	0.000830176
120	510	0.000881295
120	510	0.000956093
120	510	0.000899346
120	510	0.000861539
120	510	0.000892306
120	510	0.000870135
120	510	0.001133946
120	510	0.001114184
120	510	0.001063860
120	510	0.001069008
120	510	0.001000428
120	510	0.001183462
120	510	0.001117387
120	510	0.001057140
120	510	0.001082736
120	510	0.001108381
120	510	0.001195192
120	510	0.001181138
120	510	0.001167503
120	510	0.001206431
120	600	0.000816471
120	600	0.000790886
120	600	0.000820337
120	600	0.000792746
120	600	0.000807613
120	600	0.000812018
120	600	0.000790683
120	600	0.000826986
120	600	0.000815556
120	600	0.000830303
120	600	0.000808197
120	600	0.000797409
120	600	0.000834917
120	600	0.000802217
120	600	0.000830273
120	600	0.000797921
120	600	0.000821981
120	600	0.000792347
120	600	0.000796753
120	600	0.000812872
120	600	0.000830240
120	600	0.000803683
120	600	0.000801170
120	600	0.000830645
120	600	0.000824036
120	600	0.000827433
120	600	0.000791741
120	600	0.000813133
120	600	0.000799374
120	600	0.000795998
120	600	0.000800944
120	600	0.000923201
120	600	0.000959822
120	600	0.001270520
120	600	0.001158571
120	600	0.001122164
120	600	0.001113071
120	600	0.001092914
120	600	0.001157727
120	600	0.001189679
120	600	0.001199521
120	600	0.001122952
120	600	0.001324233
120	600	0.001361475
120	600	0.001383534
120	600	0.001422046
120	600	0.001432557
120	600	0.001396474
120	600	0.001406320
120	600	0.001363972
120	600	0.001429605
120	600	0.001420556
120	600	0.001356788
120	600	0.001374062
120	600	0.001398052
120	600	0.001289259
120	600	0.001258144
120	600	0.001243533
120	600	0.001370995
120	600	0.001285365
120	600	0.001243809
120	600	0.001356381
120	600	0.001399140
120	600	0.001359687
120	600	0.001357863
120	600	0.001403149
120	600	0.001356621
120	600	0.001362045
120	600	0.001413548
120	600	0.001383825
120	600	0.001415268
120	600	0.001341098
120	600	0.001435315
120	600	0.001395974
120	600	0.001344054
120	600	0.001313763
120	600	0.001410143
120	600	0.001412398
120	600	0.001312674
120	600	0.001255885
120	600	0.001347540
120	600	0.001348458
120	600	0.001271402
120	600	0.001321481
120	600	0.001377488
120	600	0.001319330
120	600	0.001321085
120	600	0.001398900
120	600	0.001364391
120	600	0.001408723
120	600	0.001415423
120	600	0.001351327
120	600	0.001425094
120	600	0.001341401
120	600	0.001415585
120	600	0.001335989
120	600	0.001318869
120	600	0.001348466
120	600	0.001340090
120	600	0.001371283
250	128	0.000334747
250	128	0.000331314
250	128	0.000334671
250	128	0.000329537
250	128	0.000328943
250	128	0.000330971
250	128	0.000341132
250	128	0.000341758
250	128	0.000339365
250	128	0.000329324
250	128	0.000329353
250	128	0.000329527
250	128	0.000329527
250	128	0.000334700
250	128	0.000337990
250	128	0.000339232
250	128	0.000338584
250	128	0.000346846
250	128	0.000329317
250	128	0.000334719
250	128	0.000329858
250	128	0.000329494
250	128	0.000330391
250	128	0.000330013
250	128	0.000330250
250	128	0.000342691
250	128	0.000352069
250	128	0.000341866
250	128	0.000353443
250	128	0.000440366
250	128	0.000441145
250	128	0.000470193
250	128	0.000461407
250	128	0.000468616
250	128	0.000499077
250	128	0.000493669
250	128	0.000493217
250	128	0.000493438
250	128	0.000483905
250	128	0.000449762
250	128	0.000440930
250	128	0.000536122
250	128	0.000576555
250	128	0.000559297
250	128	0.000545161
250	128	0.000551173
250	128	0.000565963
250	128	0.000542940
250	128	0.000513038
250	128	0.000521428
250	128	0.000514784
250	128	0.000520989
250	128	0.000609471
250	128	0.000586146
250	128	0.000588493
250	128	0.000576924
250	128	0.000576048
250	128	0.000592259
250	128	0.000585270
250	128	0.000555021
250	128	0.000608110
250	128	0.000543264
250	128	0.000587578
250	128	0.000576036
250	128	0.000593436
250	128	0.000570849
250	128	0.000595564
250	128	0.000585741
250	128	0.000589400
250	128	0.000576211
250	128	0.000588222
250	128	0.000578025
250	128	0.000591641
250	128	0.000562267
250	128	0.000593446
250	128	0.000563404
250	128	0.000584337
250	128	0.000552789
250	128	0.000581349
250	128	0.000590438
250	128	0.000566822
250	128	0.000589421
250	128	0.000569001
250	128	0.000591908
250	128	0.000554250
250	128	0.000589292
250	128	0.000541498
250	128	0.000591280
250	128	0.000565316
250	128	0.000584085
250	128	0.000584463
250	128	0.000565832
250	128	0.000591631
250	128	0.000551509
250	128	0.000591993
250	128	0.000552969
250	128	0.000593347
250	128	0.000552150
250	128	0.000590280
250	128	0.000571391
250	256	0.000671641
250	256	0.000655008
250	256	0.000660927
250	256	0.000676808
250	256	0.000662465
250	256	0.000655606
250	256	0.000666819
250	256	0.000668431
250	256	0.000664834
250	256	0.000656047
250	256	0.000654737
250	256	0.000664889
250	256	0.000658721
250	256	0.000661767
250	256	0.000655918
250	256	0.000655892
250	256	0.000729239
250	256	0.000694868
250	256	0.000882336
250	256	0.000884521
250	256	0.001098848
250	256	0.001100398
250	256	0.001163243
250	256	0.001122534
250	256	0.001142241
250	256	0.001146660
250	256	0.001144449
250	256	0.001141207
250	256	0.001183703
250	256	0.001139185
250	256	0.001188000
250	256	0.001154171
250	256	0.000988344
250	256	0.000989449
250	256	0.001028345
250	256	0.001100083
250	256	0.001094363
250	256	0.001148171
250	256	0.001099367
250	256	0.001133216
250	256	0.001143402
250	256	0.001037853
250	256	0.001049784
250	256	0.001140885
250	256	0.001135334
250	256	0.001119493
250	256	0.001138224
250	256	0.001146219
250	256	0.001124750
250	256	0.001131499
250	256	0.001161288
250	256	0.001151111
250	256	0.001144093
250	256	0.001149608
250	256	0.001143567
250	256	0.001139928
250	256	0.001158172
250	256	0.001162150
250	256	0.000983002
250	256	0.001029545
250	256	0.001137188
250	256	0.001100576
250	256	0.001108617
250	256	0.001129869
250	256	0.001136065
250	256	0.001117504
250	256	0.001150450
250	256	0.001132732
250	256	0.001159719
250	256	0.001133331
250	256	0.001147249
250	256	0.001151094
250	256	0.001098583
250	256	0.001141689
250	256	0.001156273
250	256	0.001159786
250	256	0.001147529
250	256	0.001103147
250	256	0.001088785
250	256	0.001150397
250	256	0.001125827
250	256	0.001107576
250	256	0.000813554
250	256	0.000803978
250	256	0.000805717
250	256	0.000820146
250	256	0.001052516
250	256	0.001024886
250	256	0.000854525
250	256	0.000875415
250	256	0.000880506
250	256	0.000958286
250	256	0.000971199
250	256	0.001136585
250	256	0.001124884
250	256	0.001100154
250	256	0.001023799
250	256	0.001044471
250	256	0.001151263
250	256	0.001137942
250	380	0.000974945
250	380	0.000985456
250	380	0.000980324
250	380	0.000991689
250	380	0.000977801
250	380	0.000997220
250	380	0.000981399
250	380	0.000972261
250	380	0.001003017
250	380	0.000980791
250	380	0.000992091
250	380	0.000984213
250	380	0.000970884
250	380	0.000977192
250	380	0.000974051
250	380	0.000980417
250	380	0.000981383
250	380	0.000991540
250	380	0.000976632
250	380	0.000990375
250	380	0.000988658
250	380	0.000979619
250	380	0.000982735
250	380	0.000974032
250	380	0.000976396
250	380	0.000985197
250	380	0.000969919
250	380	0.000987488
250	380	0.000990373
250	380	0.000986131
250	380	0.000989052
250	380	0.000988670
250	380	0.000976043
250	380	0.000992809
250	380	0.000983541
250	380	0.000990426
250	380	0.001010399
250	380	0.001023346
250	380	0.001330944
250	380	0.001466904
250	380	0.001535101
250	380	0.001444032
250	380	0.001687448
250	380	0.001547206
250	380	0.001548284
250	380	0.001614867
250	380	0.001606144
250	380	0.001548613
250	380	0.001516391
250	380	0.001467299
250	380	0.001546573
250	380	0.001665481
250	380	0.001656560
250	380	0.001719381
250	380	0.001688321
250	380	0.001644989
250	380	0.001701522
250	380	0.001652529
250	380	0.001685423
250	380	0.001688033
250	380	0.001649323
250	380	0.001672140
250	380	0.001602463
250	380	0.001667530
250	380	0.001688096
250	380	0.001655638
250	380	0.001665534
250	380	0.001693305
250	380	0.001643737
250	380	0.001773498
250	380	0.001686568
250	380	0.001654462
250	380	0.001675500
250	380	0.001672333
250	380	0.001661259
250	380	0.001609344
250	380	0.001647922
250	380	0.001686266
250	380	0.001629170
250	380	0.001686848
250	380	0.001595839
250	380	0.001602474
250	380	0.001617571
250	380	0.001697320
250	380	0.001736171
250	380	0.001674548
250	380	0.001631851
250	380	0.001607052
250	380	0.001644834
250	380	0.001623871
250	380	0.001797694
250	380	0.001644284
250	380	0.001628978
250	380	0.001661609
250	380	0.001632347
250	380	0.001603393
250	380	0.001668978
250	380	0.001671387
250	380	0.001659516
250	380	0.001680044
250	510	0.001310498
250	510	0.001310677
250	510	0.001304868
250	510	0.001319885
250	510	0.001314391
250	510	0.001328222
250	510	0.001303216
250	510	0.001321184
250	510	0.001316953
250	510	0.001307252
250	510	0.001327724
250	510	0.001328949
250	510	0.001304386
250	510	0.001583082
250	510	0.001855830
250	510	0.002181958
250	510	0.002159339
250	510	0.002030573
250	510	0.001991331
250	510	0.001886430
250	510	0.001621781
250	510	0.001660030
250	510	0.001481820
250	510	0.001363266
250	510	0.001311460
250	510	0.001552778
250	510	0.001884967
250	510	0.002187000
250	510	0.002266544
250	510	0.002215559
250	510	0.002182717
250	510	0.002162121
250	510	0.002250139
250	510	0.002214168
250	510	0.002204409
250	510	0.002200435
250	510	0.002229992
250	510	0.002257126
250	510	0.002155076
250	510	0.002161157
250	510	0.002173261
250	510	0.002230892
250	510	0.002171795
250	510	0.002274552
250	510	0.002231862
250	510	0.002169720
250	510	0.001762358
250	510	0.002045041
250	510	0.002208394
250	510	0.002253058
250	510	0.002268171
250	510	0.002218727
250	510	0.002244332
250	510	0.002165167
250	510	0.001931711
250	510	0.002200355
250	510	0.002190190
250	510	0.002230384
250	510	0.002252741
250	510	0.002220196
250	510	0.002210689
250	510	0.002156698
250	510	0.002198557
250	510	0.002145354
250	510	0.002272690
250	510	0.002183946
250	510	0.002177894
250	510	0.002131745
250	510	0.001656022
250	510	0.002006672
250	510	0.001743144
250	510	0.001917497
250	510	0.002292942
250	510	0.002083264
250	510	0.002185654
250	510	0.001986047
250	510	0.002119113
250	510	0.002256325
250	510	0.002236820
250	510	0.002166837
250	510	0.002251522
250	510	0.002274777
250	510	0.002266558
250	510	0.002145293
250	510	0.002188589
250	510	0.002248263
250	510	0.002221933
250	510	0.002158796
250	510	0.002157924
250	510	0.002168148
250	510	0.002226800
250	510	0.002251586
250	510	0.002168449
250	510	0.002155408
250	510	0.002189251
250	510	0.002174920
250	510	0.002233648
250	510	0.002195994
250	510	0.002154838
250	510	0.002191376
250	600	0.001535133
250	600	0.001531259
250	600	0.001534859
250	600	0.001561525
250	600	0.001559324
250	600	0.001537128
250	600	0.001534014
250	600	0.001532550
250	600	0.001537281
250	600	0.001554614
250	600	0.001535250
250	600	0.001558436
250	600	0.001529883
250	600	0.001532914
250	600	0.001544041
250	600	0.001560963
250	600	0.001532403
250	600	0.001565379
250	600	0.001541252
250	600	0.001609370
250	600	0.001732618
250	600	0.001564305
250	600	0.001739139
250	600	0.001929322
250	600	0.001960253
250	600	0.001921072
250	600	0.001787750
250	600	0.002079298
250	600	0.002539493
250	600	0.002550023
250	600	0.002340094
250	600	0.002570621
250	600	0.002221167
250	600	0.002444950
250	600	0.002052553
250	600	0.002537860
250	600	0.002617073
250	600	0.002526851
250	600	0.002552377
250	600	0.002573527
250	600	0.002593016
250	600	0.002533892
250	600	0.002533700
250	600	0.002516493
250	600	0.002514694
250	600	0.002531599
250	600	0.002043265
250	600	0.002537126
250	600	0.001969395
250	600	0.002387391
250	600	0.001869511
250	600	0.001530621
250	600	0.001726044
250	600	0.001700187
250	600	0.001588562
250	600	0.001600408
250	600	0.001811748
250	600	0.001626395
250	600	0.001562747
250	600	0.002079497
250	600	0.002565657
250	600	0.002566641
250	600	0.002495835
250	600	0.002624184
250	600	0.002559303
250	600	0.002628680
250	600	0.002535333
250	600	0.002702240
250	600	0.002571749
250	600	0.002514620
250	600	0.002594414
250	600	0.002642712
250	600	0.002546422
250	600	0.002606986
250	600	0.002441532
250	600	0.002631731
250	600	0.002566639
250	600	0.002544166
250	600	0.002631449
250	600	0.002586766
250	600	0.002620250
250	600	0.002557986
250	600	0.002607825
250	600	0.002397366
250	600	0.002538843
250	600	0.002310492
250	600	0.002544890
250	600	0.002652204
250	600	0.002588809
250	600	0.002591423
250	600	0.002533363
250	600	0.002540194
250	600	0.002487285
250	600	0.002576862
250	600	0.002325150
250	600	0.002381406
250	600	0.002552553
250	600	0.002537339
250	600	0.002528247
250	600	0.002585914
380	128	0.000495617
380	128	0.000494388
380	128	0.000490563
380	128	0.000493378
380	128	0.000482891
380	128	0.000482839
380	128	0.000489188
380	128	0.000490937
380	128	0.000482761
380	128	0.000484105
380	128	0.000491063
380	128	0.000490988
380	128	0.000484531
380	128	0.000490850
380	128	0.000482526
380	128	0.000491113
380	128	0.000491067
380	128	0.000485012
380	128	0.000490870
380	128	0.000482638
380	128	0.000483351
380	128	0.000488941
380	128	0.000495845
380	128	0.000491492
380	128	0.000488817
380	128	0.000488105
380	128	0.000494649
380	128	0.000499479
380	128	0.000501493
380	128	0.000493468
380	128	0.000507376
380	128	0.000518440
380	128	0.000514107
380	128	0.000528013
380	128	0.000531425
380	128	0.000608240
380	128	0.000678066
380	128	0.000666143
380	128	0.000622177
380	128	0.000615125
380	128	0.000727847
380	128	0.000717495
380	128	0.000855417
380	128	0.000836878
380	128	0.000875359
380	128	0.000857851
380	128	0.000844126
380	128	0.000808639
380	128	0.000846814
380	128	0.000874585
380	128	0.000872488
380	128	0.000838288
380	128	0.000816175
380	128	0.000856871
380	128	0.000847890
380	128	0.000844800
380	128	0.000850623
380	128	0.000853093
380	128	0.000842909
380	128	0.000803856
380	128	0.000854554
380	128	0.000857145
380	128	0.000795305
380	128	0.000861333
380	128	0.000861674
380	128	0.000822294
380	128	0.000834012
380	128	0.000872504
380	128	0.000841258
380	128	0.000807383
380	128	0.000864283
380	128	0.000867018
380	128	0.000794862
380	128	0.000858357
380	128	0.000867367
380	128	0.000864730
380	128	0.000808781
380	128	0.000856052
380	128	0.000852352
380	128	0.000850621
380	128	0.000827470
380	128	0.000853551
380	128	0.000862221
380	128	0.000836471
380	128	0.000831864
380	128	0.000855379
380	128	0.000855161
380	128	0.000796238
380	128	0.000865899
380	128	0.000850430
380	128	0.000842634
380	128	0.000803632
380	128	0.000866445
380	128	0.000814616
380	128	0.000844810
380	128	0.000852272
380	128	0.000833169
380	128	0.000863741
380	128	0.000860020
380	128	0.000838374
380	256	0.000981160
380	256	0.000968927
380	256	0.000972378
380	256	0.000963849
380	256	0.000976931
380	256	0.000969054
380	256	0.000966903
380	256	0.000978217
380	256	0.000969632
380	256	0.000967864
380	256	0.000965827
380	256	0.000980528
380	256	0.000964116
380	256	0.000977617
380	256	0.000969373
380	256	0.000968416
380	256	0.000980940
380	256	0.000968826
380	256	0.000970235
380	256	0.000968253
380	256	0.000968065
380	256	0.001281689
380	256	0.001409733
380	256	0.001626987
380	256	0.001603981
380	256	0.001651671
380	256	0.001685344
380	256	0.001525677
380	256	0.001570724
380	256	0.001651454
380	256	0.001612871
380	256	0.001616407
380	256	0.001532303
380	256	0.001425662
380	256	0.001535391
380	256	0.001717370
380	256	0.001661791
380	256	0.001666927
380	256	0.001731405
380	256	0.001666789
380	256	0.001670305
380	256	0.001670400
380	256	0.001640032
380	256	0.001663235
380	256	0.001604481
380	256	0.001666974
380	256	0.001424917
380	256	0.001651976
380	256	0.001654571
380	256	0.001656526
380	256	0.001661599
380	256	0.001669007
380	256	0.001593155
380	256	0.001624944
380	256	0.001668288
380	256	0.001595769
380	256	0.001654079
380	256	0.001651663
380	256	0.001682361
380	256	0.001670646
380	256	0.001618352
380	256	0.001638732
380	256	0.001645231
380	256	0.001590765
380	256	0.001625997
380	256	0.001595882
380	256	0.001672679
380	256	0.001723480
380	256	0.001591109
380	256	0.001697706
380	256	0.001651902
380	256	0.001652717
380	256	0.001694963
380	256	0.001701134
380	256	0.001633854
380	256	0.001670163
380	256	0.001660082
380	256	0.001648464
380	256	0.001620198
380	256	0.001664269
380	256	0.001669996
380	256	0.001698107
380	256	0.001614121
380	256	0.001647541
380	256	0.001631170
380	256	0.001704059
380	256	0.001675562
380	256	0.001658375
380	256	0.001708665
380	256	0.001650821
380	256	0.001607570
380	256	0.001655338
380	256	0.001672174
380	256	0.001772077
380	256	0.001700251
380	256	0.001643468
380	256	0.001678366
380	256	0.001722195
380	256	0.001620722
380	256	0.001670084
380	380	0.001452039
380	380	0.001429245
380	380	0.001443682
380	380	0.001435817
380	380	0.001449796
380	380	0.001483039
380	380	0.001558752
380	380	0.001914394
380	380	0.002431504
380	380	0.002397255
380	380	0.001926411
380	380	0.002234210
380	380	0.001934841
380	380	0.001428991
380	380	0.001701977
380	380	0.002086512
380	380	0.002367158
380	380	0.002393115
380	380	0.002392564
380	380	0.002441553
380	380	0.002371987
380	380	0.002456603
380	380	0.002451828
380	380	0.002241134
380	380	0.001907687
380	380	0.001914814
380	380	0.001822220
380	380	0.002010388
380	380	0.001681918
380	380	0.001917514
380	380	0.001837377
380	380	0.001778133
380	380	0.001823754
380	380	0.001764369
380	380	0.001614558
380	380	0.001910145
380	380	0.002193224
380	380	0.002408461
380	380	0.002450821
380	380	0.002465981
380	380	0.002374831
380	380	0.002370104
380	380	0.002472181
380	380	0.002413594
380	380	0.002264117
380	380	0.001680908
380	380	0.002025209
380	380	0.001891015
380	380	0.001913904
380	380	0.001984689
380	380	0.002041903
380	380	0.002376904
380	380	0.002313836
380	380	0.002403565
380	380	0.002147324
380	380	0.002375231
380	380	0.002005388
380	380	0.002303543
380	380	0.002390444
380	380	0.002366228
380	380	0.002438074
380	380	0.002364689
380	380	0.002588062
380	380	0.002469464
380	380	0.002423991
380	380	0.002466031
380	380	0.002112603
380	380	0.002398411
380	380	0.002124754
380	380	0.001621157
380	380	0.001480521
380	380	0.001429207
380	380	0.001433877
380	380	0.001512750
380	380	0.001494145
380	380	0.001446938
380	380	0.001425875
380	380	0.001425189
380	380	0.001443228
380	380	0.001479981
380	380	0.001465972
380	380	0.001443286
380	380	0.001444533
380	380	0.001435928
380	380	0.001431453
380	380	0.001465445
380	380	0.001438956
380	380	0.001454607
380	380	0.001429437
380	380	0.001452037
380	380	0.001436514
380	380	0.001446230
380	380	0.001429380
380	380	0.001448391
380	380	0.001443558
380	380	0.001450476
380	380	0.001439015
380	380	0.001440023
380	380	0.001429724
380	380	0.001438368
380	510	0.001918021
380	510	0.001922025
380	510	0.001939708
380	510	0.001944349
380	510	0.002175398
380	510	0.002713898
380	510	0.003172350
380	510	0.003047787
380	510	0.003206195
380	510	0.002722412
380	510	0.003166195
380	510	0.002775952
380	510	0.003115304
380	510	0.002706394
380	510	0.002606143
380	510	0.002253801
380	510	0.002448172
380	510	0.002175770
380	510	0.002406431
380	510	0.001987013
380	510	0.001931587
380	510	0.001916768
380	510	0.001925570
380	510	0.002012944
380	510	0.002346508
380	510	0.002192968
380	510	0.002455717
380	510	0.002930996
380	510	0.002607162
380	510	0.003054377
380	510	0.002694491
380	510	0.002840561
380	510	0.002493885
380	510	0.002954014
380	510	0.002232863
380	510	0.002745400
380	510	0.002367341
380	510	0.002461233
380	510	0.002157718
380	510	0.001938626
380	510	0.001917567
380	510	0.001933064
380	510	0.001990960
380	510	0.001921613
380	510	0.002057021
380	510	0.002713812
380	510	0.001989733
380	510	0.002451069
380	510	0.002464240
380	510	0.003229672
380	510	0.002814223
380	510	0.002266399
380	510	0.002830831
380	510	0.002637559
380	510	0.003213823
380	510	0.003213427
380	510	0.003118862
380	510	0.003171041
380	510	0.003116621
380	510	0.003004770
380	510	0.003243890
380	510	0.002781217
380	510	0.003052798
380	510	0.002672155
380	510	0.002695136
380	510	0.003291902
380	510	0.002769684
380	510	0.003079452
380	510	0.002774476
380	510	0.002967798
380	510	0.002373421
380	510	0.002838556
380	510	0.002394577
380	510	0.002637367
380	510	0.002465777
380	510	0.002827938
380	510	0.002741072
380	510	0.002697702
380	510	0.003187554
380	510	0.002890335
380	510	0.003175889
380	510	0.002659370
380	510	0.002896997
380	510	0.002623668
380	510	0.002824298
380	510	0.002350287
380	510	0.001932790
380	510	0.002160297
380	510	0.001937413
380	510	0.001912242
380	510	0.001921784
380	510	0.001917903
380	510	0.001917035
380	510	0.001914592
380	510	0.001933604
380	510	0.001931704
380	510	0.001914713
380	510	0.001974762
380	510	0.002000859
380	510	0.001944151
380	600	0.002267179
380	600	0.002253792
380	600	0.002250831
380	600	0.002266196
380	600	0.002260304
380	600	0.002424496
380	600	0.002624047
380	600	0.003160339
380	600	0.002933429
380	600	0.003290081
380	600	0.003691218
380	600	0.003167931
380	600	0.003549591
380	600	0.002980976
380	600	0.003328786
380	600	0.002518797
380	600	0.003330304
380	600	0.003871681
380	600	0.003315910
380	600	0.003760724
380	600	0.004012192
380	600	0.003824941
380	600	0.003786740
380	600	0.003774073
380	600	0.003618176
380	600	0.003401459
380	600	0.003660242
380	600	0.002891096
380	600	0.003236640
380	600	0.003126208
380	600	0.002760669
380	600	0.002702886
380	600	0.002262239
380	600	0.002254623
380	600	0.002287314
380	600	0.002520458
380	600	0.002314353
380	600	0.002502787
380	600	0.003033297
380	600	0.002718730
380	600	0.003068537
380	600	0.002429336
380	600	0.002903375
380	600	0.002592695
380	600	0.002649100
380	600	0.002423519
380	600	0.002646940
380	600	0.002295107
380	600	0.002695407
380	600	0.003324131
380	600	0.002857073
380	600	0.003313470
380	600	0.003707489
380	600	0.003260318
380	600	0.003611864
380	600	0.003074962
380	600	0.003556154
380	600	0.003105285
380	600	0.003238173
380	600	0.002379301
380	600	0.003060626
380	600	0.003641784
380	600	0.002938518
380	600	0.003601505
380	600	0.002972146
380	600	0.003463151
380	600	0.002898631
380	600	0.003237440
380	600	0.003820453
380	600	0.003392825
380	600	0.003766478
380	600	0.003938397
380	600	0.003704994
380	600	0.003279011
380	600	0.003737999
380	600	0.003329312
380	600	0.003610247
380	600	0.003297248
380	600	0.003320921
380	600	0.003123302
380	600	0.003622060
380	600	0.003384429
380	600	0.002622417
380	600	0.003238237
380	600	0.002468772
380	600	0.002755641
380	600	0.002522645
380	600	0.002587318
380	600	0.002511015
380	600	0.002683947
380	600	0.002257384
380	600	0.002876258
380	600	0.003730089
380	600	0.003736384
380	600	0.003750601
380	600	0.003727827
380	600	0.003738363
380	600	0.003731556
380	600	0.003745658
380	600	0.003735493
510	128	0.000647738
510	128	0.000647186
510	128	0.000645650
510	128	0.000644643
510	128	0.000645973
510	128	0.000694419
510	128	0.000639298
510	128	0.000647406
510	128	0.000670582
510	128	0.000688377
510	128	0.000719730
510	128	0.000863173
510	128	0.000884232
510	128	0.001061325
510	128	0.001116862
510	128	0.001122989
510	128	0.001116324
510	128	0.001063525
510	128	0.001118358
510	128	0.001137154
510	128	0.001114761
510	128	0.001131370
510	128	0.001132185
510	128	0.001139076
510	128	0.001131955
510	128	0.001116743
510	128	0.001106408
510	128	0.001106990
510	128	0.001104364
510	128	0.001150172
510	128	0.001133272
510	128	0.001098137
510	128	0.001113926
510	128	0.001059620
510	128	0.001106017
510	128	0.001128161
510	128	0.001104186
510	128	0.001061450
510	128	0.001115787
510	128	0.001123003
510	128	0.001117686
510	128	0.001120128
510	128	0.001099800
510	128	0.001134191
510	128	0.001128165
510	128	0.001134917
510	128	0.001122579
510	128	0.001115996
510	128	0.001151911
510	128	0.001062244
510	128	0.001124465
510	128	0.001123863
510	128	0.001107789
510	128	0.001124997
510	128	0.001068595
510	128	0.001106260
510	128	0.001130271
510	128	0.001114082
510	128	0.001073784
510	128	0.001100193
510	128	0.001084467
510	128	0.001120251
510	128	0.001127594
510	128	0.001135396
510	128	0.001063385
510	128	0.001115050
510	128	0.001131017
510	128	0.001115770
510	128	0.001117520
510	128	0.001068433
510	128	0.001086231
510	128	0.001116187
510	128	0.001061055
510	128	0.001061534
510	128	0.001081370
510	128	0.001123858
510	128	0.001065437
510	128	0.001082717
510	128	0.001134177
510	128	0.001140440
510	128	0.001188942
510	128	0.001121496
510	128	0.001128258
510	128	0.001069731
510	128	0.001113652
510	128	0.001112690
510	128	0.001107222
510	128	0.001124608
510	128	0.001069506
510	128	0.001122170
510	128	0.001068873
510	128	0.001080729
510	128	0.001125232
510	128	0.001095536
510	128	0.001069411
510	128	0.001115910
510	128	0.001100133
510	128	0.001113305
510	128	0.001112692
510	128	0.001125620
510	256	0.001285041
510	256	0.001284289
510	256	0.001285372
510	256	0.001281831
510	256	0.001283033
510	256	0.001288442
510	256	0.001279176
510	256	0.001293948
510	256	0.001292825
510	256	0.001279449
510	256	0.001401366
510	256	0.001628244
510	256	0.002115121
510	256	0.001814251
510	256	0.001995691
510	256	0.002227295
510	256	0.001993774
510	256	0.002182527
510	256	0.002007015
510	256	0.002211496
510	256	0.002021863
510	256	0.002096713
510	256	0.001919006
510	256	0.002135648
510	256	0.002200693
510	256	0.002132859
510	256	0.002165541
510	256	0.002169421
510	256	0.002239603
510	256	0.002188251
510	256	0.002079784
510	256	0.002150524
510	256	0.002031543
510	256	0.002161988
510	256	0.002042860
510	256	0.002218386
510	256	0.001823386
510	256	0.001425835
510	256	0.001336364
510	256	0.001325218
510	256	0.001314384
510	256	0.001282261
510	256	0.001278899
510	256	0.001357754
510	256	0.001565233
510	256	0.001998580
510	256	0.001688685
510	256	0.002000810
510	256	0.001560698
510	256	0.001443468
510	256	0.001324553
510	256	0.001337833
510	256	0.001352370
510	256	0.001399055
510	256	0.001441658
510	256	0.001360938
510	256	0.001277471
510	256	0.001279851
510	256	0.001299451
510	256	0.001339162
510	256	0.001394170
510	256	0.001598673
510	256	0.001872588
510	256	0.002130895
510	256	0.001993759
510	256	0.001653371
510	256	0.001804645
510	256	0.001491597
510	256	0.001587736
510	256	0.001697572
510	256	0.001624636
510	256	0.002236122
510	256	0.002240413
510	256	0.002124814
510	256	0.002107564
510	256	0.002238835
510	256	0.002183092
510	256	0.001888389
510	256	0.001529114
510	256	0.001351612
510	256	0.001289276
510	256	0.001286771
510	256	0.001287481
510	256	0.001280239
510	256	0.001297253
510	256	0.001387712
510	256	0.001344438
510	256	0.001278037
510	256	0.001280291
510	256	0.001299442
510	256	0.001287906
510	256	0.001287832
510	256	0.001276910
510	256	0.001312178
510	256	0.001296693
510	256	0.001291305
510	256	0.001281634
510	256	0.001279817
510	256	0.001276472
510	256	0.001285231
510	380	0.001894888
510	380	0.001904831
510	380	0.001897744
510	380	0.001894901
510	380	0.001898556
510	380	0.001980083
510	380	0.001890303
510	380	0.002001701
510	380	0.001960004
510	380	0.002561874
510	380	0.002733799
510	380	0.002850578
510	380	0.002357673
510	380	0.002778241
510	380	0.003063052
510	380	0.002989396
510	380	0.003007980
510	380	0.002564908
510	380	0.002540659
510	380	0.002539591
510	380	0.002649533
510	380	0.002592473
510	380	0.002445139
510	380	0.002324818
510	380	0.002332273
510	380	0.002124539
510	380	0.002132596
510	380	0.002509403
510	380	0.002121832
510	380	0.002530904
510	380	0.003079952
510	380	0.002686841
510	380	0.002860211
510	380	0.002464521
510	380	0.002872576
510	380	0.002306469
510	380	0.002766003
510	380	0.002363712
510	380	0.002510420
510	380	0.002385905
510	380	0.002362987
510	380	0.002281801
510	380	0.002276567
510	380	0.002092304
510	380	0.001907406
510	380	0.001901061
510	380	0.001894285
510	380	0.002052221
510	380	0.002617108
510	380	0.003099559
510	380	0.002794450
510	380	0.003134700
510	380	0.003256197
510	380	0.003149856
510	380	0.003150505
510	380	0.003151603
510	380	0.003104874
510	380	0.003192702
510	380	0.003193874
510	380	0.003288105
510	380	0.003201883
510	380	0.003095846
510	380	0.003151800
510	380	0.003158530
510	380	0.002582491
510	380	0.002174918
510	380	0.002331782
510	380	0.002160550
510	380	0.002264516
510	380	0.002216128
510	380	0.002521631
510	380	0.003079273
510	380	0.002325779
510	380	0.003031504
510	380	0.002472279
510	380	0.002609917
510	380	0.002368194
510	380	0.002537046
510	380	0.002215704
510	380	0.002698435
510	380	0.003097526
510	380	0.002887160
510	380	0.003191400
510	380	0.002620950
510	380	0.003008006
510	380	0.002595607
510	380	0.003154990
510	380	0.003240916
510	380	0.003182724
510	380	0.003132479
510	380	0.003083779
510	380	0.002974798
510	380	0.002200313
510	380	0.001908718
510	380	0.002052294
510	380	0.002578371
510	380	0.002047392
510	380	0.002538491
510	380	0.001906770
510	380	0.002385928
510	510	0.002530538
510	510	0.002534351
510	510	0.002538747
510	510	0.002545289
510	510	0.002827318
510	510	0.003875251
510	510	0.003600013
510	510	0.002896808
510	510	0.003309398
510	510	0.002539013
510	510	0.003632411
510	510	0.004138410
510	510	0.003766232
510	510	0.004135055
510	510	0.003407699
510	510	0.003937669
510	510	0.002923501
510	510	0.003883520
510	510	0.004362453
510	510	0.003676570
510	510	0.004090159
510	510	0.003177082
510	510	0.003825828
510	510	0.002986974
510	510	0.003919628
510	510	0.004150553
510	510	0.003924730
510	510	0.004278173
510	510	0.003659467
510	510	0.004056706
510	510	0.003442995
510	510	0.004031455
510	510	0.004136112
510	510	0.003889673
510	510	0.004125388
510	510	0.004196844
510	510	0.003866235
510	510	0.004217777
510	510	0.003395010
510	510	0.004057962
510	510	0.003421882
510	510	0.003741894
510	510	0.003196504
510	510	0.003552198
510	510	0.002826043
510	510	0.003323304
510	510	0.002705239
510	510	0.002959921
510	510	0.003785577
510	510	0.003353474
510	510	0.003907572
510	510	0.002810769
510	510	0.003495163
510	510	0.002777714
510	510	0.003448831
510	510	0.002850776
510	510	0.003010890
510	510	0.002548013
510	510	0.003250937
510	510	0.002589824
510	510	0.002741132
510	510	0.002619073
510	510	0.002929934
510	510	0.003760685
510	510	0.003170268
510	510	0.003592355
510	510	0.002963509
510	510	0.003351382
510	510	0.002539529
510	510	0.002997614
510	510	0.002729165
510	510	0.002915501
510	510	0.002592608
510	510	0.002624486
510	510	0.003338714
510	510	0.003234178
510	510	0.003708800
510	510	0.003086122
510	510	0.003523162
510	510	0.002731585
510	510	0.003249445
510	510	0.003045464
510	510	0.003076130
510	510	0.002872653
510	510	0.003167644
510	510	0.003984501
510	510	0.003567941
510	510	0.003521686
510	510	0.003337364
510	510	0.003354151
510	510	0.003193071
510	510	0.003274579
510	510	0.004222072
510	510	0.003723165
510	510	0.004157529
510	510	0.003610640
510	510	0.004067764
510	510	0.003411634
510	510	0.003916718
510	510	0.003232768
510	600	0.002985171
510	600	0.003008592
510	600	0.003019191
510	600	0.003023803
510	600	0.002986828
510	600	0.003002157
510	600	0.002998483
510	600	0.002980700
510	600	0.003016320
510	600	0.003010762
510	600	0.003011171
510	600	0.002988391
510	600	0.002982894
510	600	0.003002769
510	600	0.002988218
510	600	0.002998400
510	600	0.002997272
510	600	0.003011812
510	600	0.003000750
510	600	0.003057528
510	600	0.003646197
510	600	0.003030737
510	600	0.003767851
510	600	0.004653427
510	600	0.003577342
510	600	0.004365942
510	600	0.003510147
510	600	0.004110467
510	600	0.003295417
510	600	0.003775434
510	600	0.003150670
510	600	0.003444478
510	600	0.003085852
510	600	0.003360361
510	600	0.003043950
510	600	0.003477774
510	600	0.003005842
510	600	0.003535465
510	600	0.004497097
510	600	0.003607198
510	600	0.004288928
510	600	0.003356188
510	600	0.003817784
510	600	0.003111188
510	600	0.003633344
510	600	0.004672802
510	600	0.003677066
510	600	0.004363966
510	600	0.003572893
510	600	0.004080871
510	600	0.003437257
510	600	0.003924416
510	600	0.003218635
510	600	0.003861438
510	600	0.003060040
510	600	0.003957342
510	600	0.004790565
510	600	0.003773601
510	600	0.004461376
510	600	0.003192925
510	600	0.003008294
510	600	0.002994473
510	600	0.003028899
510	600	0.002995555
510	600	0.003010617
510	600	0.003000857
510	600	0.003013146
510	600	0.003001839
510	600	0.002988170
510	600	0.004127318
510	600	0.003250488
510	600	0.002989049
510	600	0.003383050
510	600	0.004631768
510	600	0.004226343
510	600	0.004802373
510	600	0.003942137
510	600	0.004111927
510	600	0.003413650
510	600	0.004301423
510	600	0.005031172
510	600	0.004210010
510	600	0.004786092
510	600	0.003925086
510	600	0.004559985
510	600	0.003730983
510	600	0.004441560
510	600	0.003443198
510	600	0.004085318
510	600	0.003072849
510	600	0.003768659
510	600	0.003049697
510	600	0.003521502
510	600	0.003036030
510	600	0.003977324
510	600	0.004847493
510	600	0.004428197
510	600	0.004891724
510	600	0.003907136
510	600	0.004326146
600	128	0.000767528
600	128	0.000757192
600	128	0.000757366
600	128	0.000765955
600	128	0.000755748
600	128	0.000762272
600	128	0.000760621
600	128	0.000754798
600	128	0.000766105
600	128	0.000756127
600	128	0.000751265
600	128	0.000764915
600	128	0.000756275
600	128	0.000751184
600	128	0.000757529
600	128	0.000760762
600	128	0.000749590
600	128	0.000848215
600	128	0.000846008
600	128	0.000881940
600	128	0.000891790
600	128	0.000843639
600	128	0.000846738
600	128	0.000841517
600	128	0.000814065
600	128	0.000748369
600	128	0.000765908
600	128	0.000808786
600	128	0.000911935
600	128	0.000930012
600	128	0.000930707
600	128	0.000960092
600	128	0.000970595
600	128	0.000930934
600	128	0.000930265
600	128	0.000970768
600	128	0.000969297
600	128	0.001130395
600	128	0.001015765
600	128	0.001014918
600	128	0.001074474
600	128	0.001055368
600	128	0.001072564
600	128	0.001129886
600	128	0.001124009
600	128	0.001057684
600	128	0.001136976
600	128	0.001269495
600	128	0.001251761
600	128	0.001139177
600	128	0.001118547
600	128	0.001127561
600	128	0.001149744
600	128	0.001180884
600	128	0.000917429
600	128	0.000919551
600	128	0.000946001
600	128	0.000944614
600	128	0.000965842
600	128	0.001012839
600	128	0.001057912
600	128	0.001007535
600	128	0.001006964
600	128	0.001024505
600	128	0.001032234
600	128	0.001125803
600	128	0.001173881
600	128	0.001139565
600	128	0.001058258
600	128	0.000962143
600	128	0.000961340
600	128	0.001010982
600	128	0.001002199
600	128	0.001022029
600	128	0.001046628
600	128	0.001090271
600	128	0.001005909
600	128	0.001006828
600	128	0.001038474
600	128	0.000984847
600	128	0.000984403
600	128	0.001255365
600	128	0.001305480
600	128	0.001252193
600	128	0.001300299
600	128	0.001197735
600	128	0.001235821
600	128	0.001241822
600	128	0.001325048
600	128	0.001272064
600	128	0.001182649
600	128	0.001330669
600	128	0.001250815
600	128	0.001299924
600	128	0.001306840
600	128	0.001318969
600	128	0.001275104
600	128	0.001378498
600	128	0.001342532
600	128	0.001325781
600	256	0.001508433
600	256	0.001499754
600	256	0.001524736
600	256	0.001494081
600	256	0.001496779
600	256	0.001511749
600	256	0.001503184
600	256	0.001509634
600	256	0.001507433
600	256	0.001522626
600	256	0.001531049
600	256	0.001519096
600	256	0.001495408
600	256	0.001519022
600	256	0.001498267
600	256	0.001501650
600	256	0.001515891
600	256	0.001519112
600	256	0.001505506
600	256	0.001542545
600	256	0.001550207
600	256	0.001509851
600	256	0.001658829
600	256	0.001647715
600	256	0.001574751
600	256	0.001912238
600	256	0.001616886
600	256	0.001790471
600	256	0.001837144
600	256	0.001770344
600	256	0.001749904
600	256	0.001757881
600	256	0.001555297
600	256	0.001655627
600	256	0.001691841
600	256	0.001677374
600	256	0.001557306
600	256	0.001811128
600	256	0.001650073
600	256	0.001555328
600	256	0.001555047
600	256	0.001744350
600	256	0.001898463
600	256	0.001942096
600	256	0.001832844
600	256	0.001842933
600	256	0.001914360
600	256	0.002318178
600	256	0.002042876
600	256	0.002239638
600	256	0.002563390
600	256	0.002504379
600	256	0.002490854
600	256	0.002237240
600	256	0.002452454
600	256	0.002507002
600	256	0.002562198
600	256	0.002543555
600	256	0.002527834
600	256	0.002589341
600	256	0.002492782
600	256	0.002399761
600	256	0.002166913
600	256	0.002341560
600	256	0.002535265
600	256	0.002485759
600	256	0.002567924
600	256	0.002598759
600	256	0.002503788
600	256	0.002572012
600	256	0.002508672
600	256	0.002334785
600	256	0.002508134
600	256	0.002482642
600	256	0.002561460
600	256	0.002367068
600	256	0.002498777
600	256	0.002474316
600	256	0.002547149
600	256	0.002527659
600	256	0.002530490
600	256	0.002264197
600	256	0.002543877
600	256	0.002106522
600	256	0.002466268
600	256	0.002085651
600	256	0.001562796
600	256	0.001916066
600	256	0.001562195
600	256	0.001698839
600	256	0.002084469
600	256	0.002181037
600	256	0.002110843
600	256	0.002220407
600	256	0.002580467
600	256	0.002582138
600	256	0.002485030
600	256	0.002371905
600	256	0.002591356
600	256	0.002201181
600	380	0.002236512
600	380	0.002238213
600	380	0.002232135
600	380	0.002241841
600	380	0.002488867
600	380	0.003404762
600	380	0.003692795
600	380	0.002801325
600	380	0.002262860
600	380	0.002278215
600	380	0.002253503
600	380	0.002288657
600	380	0.002309615
600	380	0.002296002
600	380	0.002236047
600	380	0.002301571
600	380	0.002244025
600	380	0.002254475
600	380	0.002222973
600	380	0.002226968
600	380	0.002244701
600	380	0.002222727
600	380	0.002268678
600	380	0.002245277
600	380	0.002375525
600	380	0.002854770
600	380	0.002582715
600	380	0.003084155
600	380	0.002705823
600	380	0.002247428
600	380	0.002366413
600	380	0.002259714
600	380	0.002306354
600	380	0.002229697
600	380	0.002221297
600	380	0.002238948
600	380	0.002361075
600	380	0.002793489
600	380	0.002673529
600	380	0.002808770
600	380	0.003474723
600	380	0.002915897
600	380	0.003444877
600	380	0.002885087
600	380	0.003084633
600	380	0.002392423
600	380	0.003092982
600	380	0.002468966
600	380	0.003099861
600	380	0.003623481
600	380	0.003337109
600	380	0.003455040
600	380	0.003853496
600	380	0.003546882
600	380	0.002967433
600	380	0.003364174
600	380	0.002672097
600	380	0.003044946
600	380	0.002636108
600	380	0.003404060
600	380	0.003786004
600	380	0.003054618
600	380	0.003647297
600	380	0.003809887
600	380	0.003738224
600	380	0.003615135
600	380	0.003742041
600	380	0.003720105
600	380	0.003713517
600	380	0.003693622
600	380	0.003915146
600	380	0.003518636
600	380	0.003902737
600	380	0.003319512
600	380	0.003667994
600	380	0.002861242
600	380	0.002297315
600	380	0.002295512
600	380	0.002224884
600	380	0.002435980
600	380	0.003052760
600	380	0.002556738
600	380	0.003172668
600	380	0.002470418
600	380	0.002639504
600	380	0.002445400
600	380	0.002808733
600	380	0.003551577
600	380	0.003420563
600	380	0.003696109
600	380	0.002854613
600	380	0.002385838
600	380	0.002816932
600	380	0.003659529
600	380	0.002960095
600	380	0.003249456
600	380	0.002484760
600	380	0.003498447
600	380	0.003788788
600	380	0.003863044
600	510	0.002992034
600	510	0.002992986
600	510	0.002975529
600	510	0.002983281
600	510	0.003051642
600	510	0.002965018
600	510	0.002991589
600	510	0.002998021
600	510	0.002993711
600	510	0.003001911
600	510	0.003017806
600	510	0.002994358
600	510	0.002969446
600	510	0.002987615
600	510	0.002973987
600	510	0.003012412
600	510	0.002979611
600	510	0.002972989
600	510	0.002983163
600	510	0.002995651
600	510	0.003114513
600	510	0.002971950
600	510	0.002985566
600	510	0.003021294
600	510	0.003096045
600	510	0.002996123
600	510	0.002989565
600	510	0.002984779
600	510	0.002982522
600	510	0.003001018
600	510	0.002974575
600	510	0.003031094
600	510	0.002969095
600	510	0.002983346
600	510	0.003014426
600	510	0.002981632
600	510	0.003174742
600	510	0.003010315
600	510	0.002999090
600	510	0.002996568
600	510	0.002992917
600	510	0.003000343
600	510	0.003013705
600	510	0.002991191
600	510	0.002974044
600	510	0.002980130
600	510	0.002970352
600	510	0.003254349
600	510	0.002995729
600	510	0.003046321
600	510	0.002975048
600	510	0.003274292
600	510	0.002983201
600	510	0.002986013
600	510	0.003028414
600	510	0.002975809
600	510	0.003105930
600	510	0.004046117
600	510	0.004970135
600	510	0.003957781
600	510	0.004528313
600	510	0.003535064
600	510	0.004531756
600	510	0.004945864
600	510	0.004383236
600	510	0.004825514
600	510	0.003457328
600	510	0.003005089
600	510	0.003129226
600	510	0.002994192
600	510	0.003149399
600	510	0.002998685
600	510	0.003157771
600	510	0.003009564
600	510	0.002981355
600	510	0.003004367
600	510	0.003146130
600	510	0.002996527
600	510	0.003054747
600	510	0.002978683
600	510	0.003400675
600	510	0.004119809
600	510	0.003193943
600	510	0.003796097
600	510	0.003088436
600	510	0.003487884
600	510	0.003050998
600	510	0.003018035
600	510	0.003102830
600	510	0.004149853
600	510	0.003576205
600	510	0.004308664
600	510	0.003391048
600	510	0.003970241
600	510	0.003260679
600	510	0.003741614
600	510	0.003071466
600	510	0.003457502
600	510	0.003011063
600	510	0.003335603
600	600	0.003503616
600	600	0.003495353
600	600	0.003504945
600	600	0.003499543
600	600	0.003899484
600	600	0.003991128
600	600	0.003686933
600	600	0.003677527
600	600	0.003563178
600	600	0.004812818
600	600	0.004379487
600	600	0.004367655
600	600	0.003995258
600	600	0.004097554
600	600	0.003635768
600	600	0.003823838
600	600	0.003562389
600	600	0.003609663
600	600	0.003493037
600	600	0.003533115
600	600	0.003497136
600	600	0.003512126
600	600	0.003512810
600	600	0.003508065
600	600	0.003509033
600	600	0.003586304
600	600	0.003496915
600	600	0.003537186
600	600	0.003505309
600	600	0.003553295
600	600	0.003515343
600	600	0.003514420
600	600	0.003517630
600	600	0.004006373
600	600	0.004115380
600	600	0.003878303
600	600	0.003923026
600	600	0.004571262
600	600	0.003568559
600	600	0.004291869
600	600	0.003597344
600	600	0.003988724
600	600	0.003525306
600	600	0.003519393
600	600	0.003508249
600	600	0.003507933
600	600	0.003771134
600	600	0.004564213
600	600	0.003700937
600	600	0.004388536
600	600	0.003683545
600	600	0.005124315
600	600	0.005781779
600	600	0.005366691
600	600	0.005363483
600	600	0.004829046
600	600	0.004798257
600	600	0.003745390
600	600	0.003506328
600	600	0.003601143
600	600	0.003509268
600	600	0.003700839
600	600	0.003515957
600	600	0.003831977
600	600	0.003504657
600	600	0.003747898
600	600	0.003505074
600	600	0.003881900
600	600	0.003510004
600	600	0.003772955
600	600	0.003514891
600	600	0.003728971
600	600	0.003514376
600	600	0.003706920
600	600	0.003517227
600	600	0.003517371
600	600	0.003515764
600	600	0.003503107
600	600	0.003523379
600	600	0.003492438
600	600	0.003542706
600	600	0.004353178
600	600	0.003621518
600	600	0.004170680
600	600	0.003575203
600	600	0.003910078
600	600	0.003540864
600	600	0.003642618
600	600	0.003555565
600	600	0.003586512
600	600	0.003548982
600	600	0.003526685
600	600	0.003549452
600	600	0.003491564
600	600	0.003542981
600	600	0.003515500
600	600	0.003532556
600	600	0.003534254
600	600	0.003523076
600	600	0.003510294
