120	128	0.000022782
120	128	0.000020749
120	128	0.000020873
120	128	0.000020719
120	128	0.000020889
120	128	0.000020823
120	128	0.000020916
120	128	0.000020892
120	128	0.000028461
120	128	0.000020834
120	128	0.000021191
120	128	0.000020992
120	128	0.000020923
120	128	0.000020878
120	128	0.000022844
120	128	0.000020882
120	128	0.000020910
120	128	0.000020903
120	128	0.000020855
120	128	0.000022758
120	128	0.000020847
120	128	0.000020879
120	128	0.000020840
120	128	0.000020807
120	128	0.000020835
120	128	0.000020847
120	128	0.000020861
120	128	0.000020898
120	128	0.000020837
120	128	0.000020875
120	128	0.000020833
120	128	0.000020817
120	128	0.000020877
120	128	0.000020873
120	128	0.000020883
120	128	0.000020850
120	128	0.000020850
120	128	0.000022432
120	128	0.000022465
120	128	0.000022529
120	128	0.000022512
120	128	0.000022450
120	128	0.000020939
120	128	0.000020857
120	128	0.000020950
120	128	0.000020908
120	128	0.000020944
120	128	0.000020868
120	128	0.000020804
120	128	0.000021064
120	128	0.000020874
120	128	0.000026437
120	128	0.000021000
120	128	0.000020948
120	128	0.000020877
120	128	0.000020839
120	128	0.000020845
120	128	0.000020923
120	128	0.000020837
120	128	0.000020878
120	128	0.000020760
120	128	0.000020835
120	128	0.000020891
120	128	0.000020839
120	128	0.000020946
120	128	0.000020914
120	128	0.000020988
120	128	0.000022803
120	128	0.000020911
120	128	0.000021983
120	128	0.000020900
120	128	0.000020876
120	128	0.000020861
120	128	0.000020999
120	128	0.000020912
120	128	0.000020861
120	128	0.000020914
120	128	0.000020901
120	128	0.000037280
120	128	0.000020873
120	128	0.000026308
120	128	0.000020889
120	128	0.000020930
120	128	0.000020844
120	128	0.000026170
120	128	0.000020870
120	128	0.000020683
120	128	0.000020870
120	128	0.000020733
120	128	0.000020847
120	128	0.000020898
120	128	0.000020898
120	128	0.000020976
120	128	0.000020814
120	128	0.000020845
120	128	0.000020857
120	128	0.000020865
120	128	0.000020817
120	128	0.000020924
120	128	0.000020955
120	256	0.000062841
120	256	0.000069782
120	256	0.000069781
120	256	0.000069726
120	256	0.000067241
120	256	0.000069789
120	256	0.000069902
120	256	0.000062247
120	256	0.000069790
120	256	0.000069842
120	256	0.000069793
120	256	0.000069860
120	256	0.000060117
120	256	0.000069767
120	256	0.000059460
120	256	0.000069833
120	256	0.000060156
120	256	0.000069772
120	256	0.000069782
120	256	0.000069798
120	256	0.000069641
120	256	0.000068969
120	256	0.000069773
120	256	0.000069810
120	256	0.000060596
120	256	0.000061442
120	256	0.000060103
120	256	0.000068657
120	256	0.000069872
120	256	0.000062238
120	256	0.000058713
120	256	0.000069763
120	256	0.000066481
120	256	0.000059319
120	256	0.000069782
120	256	0.000058588
120	256	0.000061242
120	256	0.000069680
120	256	0.000069858
120	256	0.000069806
120	256	0.000057895
120	256	0.000058980
120	256	0.000068579
120	256	0.000067705
120	256	0.000069791
120	256	0.000063124
120	256	0.000069754
120	256	0.000062001
120	256	0.000069780
120	256	0.000057719
120	256	0.000055666
120	256	0.000063481
120	256	0.000058623
120	256	0.000060818
120	256	0.000061585
120	256	0.000072247
120	256	0.000067822
120	256	0.000062781
120	256	0.000073736
120	256	0.000068373
120	256	0.000070686
120	256	0.000081436
120	256	0.000081523
120	256	0.000088822
120	256	0.000068850
120	256	0.000074611
120	256	0.000088804
120	256	0.000150822
120	256	0.000086385
120	256	0.000090662
120	256	0.000102890
120	256	0.000102917
120	256	0.000102980
120	256	0.000102923
120	256	0.000099253
120	256	0.000099981
120	256	0.000121877
120	256	0.000108601
120	256	0.000091672
120	256	0.000099824
120	256	0.000114933
120	256	0.000090701
120	256	0.000088528
120	256	0.000102946
120	256	0.000102820
120	256	0.000102812
120	256	0.000122127
120	256	0.000122156
120	256	0.000091151
120	256	0.000097844
120	256	0.000122170
120	256	0.000122133
120	256	0.000122149
120	256	0.000122119
120	256	0.000122085
120	256	0.000122128
120	256	0.000103550
120	256	0.000117449
120	256	0.000122100
120	256	0.000122112
120	380	0.000076380
120	380	0.000076490
120	380	0.000069554
120	380	0.000076471
120	380	0.000076519
120	380	0.000076497
120	380	0.000076461
120	380	0.000076479
120	380	0.000076333
120	380	0.000076472
120	380	0.000081361
120	380	0.000076438
120	380	0.000076511
120	380	0.000076530
120	380	0.000073653
120	380	0.000076515
120	380	0.000076571
120	380	0.000076487
120	380	0.000076531
120	380	0.000076505
120	380	0.000076511
120	380	0.000076344
120	380	0.000072555
120	380	0.000076448
120	380	0.000075585
120	380	0.000073612
120	380	0.000069578
120	380	0.000076520
120	380	0.000076518
120	380	0.000076499
120	380	0.000066991
120	380	0.000076453
120	380	0.000081456
120	380	0.000076503
120	380	0.000128513
120	380	0.000076491
120	380	0.000066773
120	380	0.000071319
120	380	0.000076418
120	380	0.000076481
120	380	0.000076542
120	380	0.000076548
120	380	0.000093147
120	380	0.000089439
120	380	0.000093066
120	380	0.000092989
120	380	0.000102008
120	380	0.000089244
120	380	0.000092808
120	380	0.000102089
120	380	0.000101949
120	380	0.000115503
120	380	0.000101956
120	380	0.000101970
120	380	0.000111109
120	380	0.000135508
120	380	0.000119667
120	380	0.000076464
120	380	0.000076538
120	380	0.000076493
120	380	0.000113453
120	380	0.000076723
120	380	0.000076490
120	380	0.000075597
120	380	0.000076470
120	380	0.000076499
120	380	0.000076499
120	380	0.000076501
120	380	0.000076366
120	380	0.000076501
120	380	0.000076499
120	380	0.000076536
120	380	0.000076475
120	380	0.000076522
120	380	0.000076411
120	380	0.000082074
120	380	0.000076406
120	380	0.000076582
120	380	0.000076481
120	380	0.000076470
120	380	0.000068955
120	380	0.000076478
120	380	0.000076489
120	380	0.000076513
120	380	0.000076605
120	380	0.000076488
120	380	0.000068681
120	380	0.000076510
120	380	0.000076632
120	380	0.000076477
120	380	0.000076506
120	380	0.000076573
120	380	0.000076492
120	380	0.000076494
120	380	0.000076490
120	380	0.000076511
120	380	0.000076608
120	380	0.000076507
120	380	0.000076539
120	380	0.000076457
120	510	0.000091015
120	510	0.000090924
120	510	0.000090972
120	510	0.000091015
120	510	0.000091074
120	510	0.000090988
120	510	0.000090996
120	510	0.000083532
120	510	0.000090998
120	510	0.000091023
120	510	0.000091988
120	510	0.000090983
120	510	0.000091013
120	510	0.000091165
120	510	0.000084109
120	510	0.000090993
120	510	0.000083435
120	510	0.000090977
120	510	0.000091015
120	510	0.000088102
120	510	0.000090984
120	510	0.000095457
120	510	0.000090899
120	510	0.000091048
120	510	0.000090973
120	510	0.000091097
120	510	0.000088988
120	510	0.000081467
120	510	0.000091012
120	510	0.000091050
120	510	0.000086324
120	510	0.000082085
120	510	0.000081442
120	510	0.000090983
120	510	0.000081297
120	510	0.000091306
120	510	0.000090938
120	510	0.000084066
120	510	0.000091149
120	510	0.000115342
120	510	0.000091038
120	510	0.000091015
120	510	0.000086998
120	510	0.000091007
120	510	0.000090996
120	510	0.000091039
120	510	0.000086732
120	510	0.000106150
120	510	0.000106218
120	510	0.000106275
120	510	0.000106174
120	510	0.000110685
120	510	0.000102372
120	510	0.000110807
120	510	0.000110819
120	510	0.000128309
120	510	0.000141584
120	510	0.000141546
120	510	0.000141680
120	510	0.000138410
120	510	0.000149866
120	510	0.000148894
120	510	0.000167053
120	510	0.000159137
120	510	0.000159233
120	510	0.000156426
120	510	0.000159252
120	510	0.000159207
120	510	0.000159277
120	510	0.000159254
120	510	0.000159345
120	510	0.000155731
120	510	0.000169657
120	510	0.000189311
120	510	0.000165848
120	510	0.000159264
120	510	0.000159297
120	510	0.000159255
120	510	0.000159280
120	510	0.000146829
120	510	0.000159319
120	510	0.000159347
120	510	0.000159236
120	510	0.000159416
120	510	0.000159244
120	510	0.000159237
120	510	0.000159279
120	510	0.000159262
120	510	0.000147150
120	510	0.000159239
120	510	0.000159249
120	510	0.000159291
120	510	0.000159259
120	510	0.000159304
120	510	0.000159252
120	510	0.000159192
120	510	0.000138476
120	510	0.000159273
120	510	0.000159254
120	510	0.000159371
120	600	0.000110271
120	600	0.000117798
120	600	0.000117815
120	600	0.000117780
120	600	0.000117840
120	600	0.000124407
120	600	0.000117692
120	600	0.000117821
120	600	0.000117799
120	600	0.000108230
120	600	0.000114928
120	600	0.000117865
120	600	0.000117781
120	600	0.000117789
120	600	0.000117831
120	600	0.000123126
120	600	0.000110854
120	600	0.000117782
120	600	0.000117853
120	600	0.000117993
120	600	0.000121774
120	600	0.000117822
120	600	0.000137502
120	600	0.000137426
120	600	0.000137526
120	600	0.000137481
120	600	0.000167270
120	600	0.000164967
120	600	0.000165061
120	600	0.000164944
120	600	0.000174074
120	600	0.000180760
120	600	0.000183846
120	600	0.000173831
120	600	0.000178146
120	600	0.000194054
120	600	0.000194141
120	600	0.000206169
120	600	0.000206132
120	600	0.000206182
120	600	0.000219918
120	600	0.000206150
120	600	0.000206285
120	600	0.000206162
120	600	0.000206189
120	600	0.000192919
120	600	0.000206332
120	600	0.000220069
120	600	0.000221547
120	600	0.000240089
120	600	0.000213815
120	600	0.000212821
120	600	0.000221923
120	600	0.000206145
120	600	0.000197767
120	600	0.000194044
120	600	0.000206654
120	600	0.000206157
120	600	0.000194004
120	600	0.000206129
120	600	0.000194049
120	600	0.000206168
120	600	0.000189314
120	600	0.000206145
120	600	0.000219023
120	600	0.000202609
120	600	0.000215309
120	600	0.000206211
120	600	0.000199308
120	600	0.000206200
120	600	0.000204574
120	600	0.000182957
120	600	0.000206147
120	600	0.000206154
120	600	0.000206148
120	600	0.000206142
120	600	0.000206248
120	600	0.000206130
120	600	0.000194070
120	600	0.000220143
120	600	0.000212701
120	600	0.000203049
120	600	0.000206203
120	600	0.000236572
120	600	0.000201991
120	600	0.000206261
120	600	0.000194015
120	600	0.000206221
120	600	0.000178117
120	600	0.000206170
120	600	0.000206130
120	600	0.000193099
120	600	0.000206104
120	600	0.000206143
120	600	0.000206114
120	600	0.000194051
120	600	0.000206203
120	600	0.000194069
120	600	0.000194170
120	600	0.000203019
250	128	0.000042563
250	128	0.000046875
250	128	0.000042670
250	128	0.000042612
250	128	0.000048124
250	128	0.000042722
250	128	0.000042680
250	128	0.000046833
250	128	0.000042956
250	128	0.000046870
250	128	0.000042737
250	128	0.000042741
250	128	0.000046840
250	128	0.000042706
250	128	0.000042403
250	128	0.000042786
250	128	0.000042699
250	128	0.000042789
250	128	0.000042618
250	128	0.000042536
250	128	0.000042616
250	128	0.000042798
250	128	0.000042620
250	128	0.000042879
250	128	0.000046638
250	128	0.000042749
250	128	0.000042668
250	128	0.000042538
250	128	0.000046946
250	128	0.000042572
250	128	0.000042618
250	128	0.000042635
250	128	0.000042654
250	128	0.000042855
250	128	0.000042669
250	128	0.000046855
250	128	0.000042729
250	128	0.000042665
250	128	0.000042930
250	128	0.000042769
250	128	0.000042609
250	128	0.000042595
250	128	0.000042680
250	128	0.000043007
250	128	0.000042734
250	128	0.000042806
250	128	0.000042669
250	128	0.000042634
250	128	0.000042880
250	128	0.000042851
250	128	0.000045960
250	128	0.000045916
250	128	0.000045914
250	128	0.000046184
250	128	0.000046189
250	128	0.000045954
250	128	0.000043013
250	128	0.000042621
250	128	0.000042847
250	128	0.000042698
250	128	0.000042551
250	128	0.000042903
250	128	0.000042689
250	128	0.000042654
250	128	0.000043303
250	128	0.000042746
250	128	0.000042695
250	128	0.000042681
250	128	0.000042738
250	128	0.000042684
250	128	0.000042760
250	128	0.000042659
250	128	0.000042653
250	128	0.000042599
250	128	0.000042644
250	128	0.000042772
250	128	0.000042678
250	128	0.000042753
250	128	0.000042942
250	128	0.000042812
250	128	0.000042699
250	128	0.000042642
250	128	0.000042570
250	128	0.000042612
250	128	0.000042546
250	128	0.000042762
250	128	0.000042723
250	128	0.000042660
250	128	0.000042586
250	128	0.000042761
250	128	0.000042658
250	128	0.000042949
250	128	0.000042971
250	128	0.000042652
250	128	0.000046938
250	128	0.000042878
250	128	0.000042667
250	128	0.000042718
250	128	0.000042719
250	128	0.000042761
250	256	0.000144833
250	256	0.000130431
250	256	0.000144860
250	256	0.000150804
250	256	0.000144817
250	256	0.000130440
250	256	0.000144885
250	256	0.000144855
250	256	0.000144820
250	256	0.000140146
250	256	0.000144835
250	256	0.000144791
250	256	0.000144797
250	256	0.000124665
250	256	0.000144871
250	256	0.000123853
250	256	0.000144790
250	256	0.000144851
250	256	0.000134791
250	256	0.000144774
250	256	0.000144805
250	256	0.000150112
250	256	0.000144810
250	256	0.000144947
250	256	0.000172294
250	256	0.000144793
250	256	0.000119366
250	256	0.000146403
250	256	0.000124734
250	256	0.000144757
250	256	0.000144811
250	256	0.000144757
250	256	0.000150160
250	256	0.000150166
250	256	0.000150072
250	256	0.000155072
250	256	0.000135268
250	256	0.000176329
250	256	0.000235331
250	256	0.000173192
250	256	0.000176309
250	256	0.000193079
250	256	0.000198374
250	256	0.000193073
250	256	0.000189832
250	256	0.000213392
250	256	0.000182463
250	256	0.000213413
250	256	0.000213403
250	256	0.000213505
250	256	0.000213372
250	256	0.000225325
250	256	0.000202946
250	256	0.000225257
250	256	0.000238551
250	256	0.000238519
250	256	0.000238509
250	256	0.000253370
250	256	0.000253487
250	256	0.000253605
250	256	0.000287413
250	256	0.000216482
250	256	0.000253479
250	256	0.000253416
250	256	0.000253392
250	256	0.000245753
250	256	0.000253421
250	256	0.000253410
250	256	0.000291746
250	256	0.000212640
250	256	0.000253408
250	256	0.000253397
250	256	0.000253477
250	256	0.000263665
250	256	0.000234383
250	256	0.000234881
250	256	0.000253472
250	256	0.000246369
250	256	0.000254945
250	256	0.000253464
250	256	0.000218285
250	256	0.000204395
250	256	0.000218212
250	256	0.000253429
250	256	0.000253489
250	256	0.000262255
250	256	0.000238500
250	256	0.000253472
250	256	0.000216112
250	256	0.000225944
250	256	0.000228248
250	256	0.000253397
250	256	0.000253388
250	256	0.000194772
250	256	0.000253505
250	256	0.000253413
250	256	0.000253430
250	256	0.000253426
250	256	0.000256322
250	256	0.000268295
250	380	0.000158952
250	380	0.000144440
250	380	0.000144463
250	380	0.000158830
250	380	0.000158739
250	380	0.000158720
250	380	0.000158792
250	380	0.000158754
250	380	0.000148771
250	380	0.000158763
250	380	0.000158748
250	380	0.000163370
250	380	0.000158838
250	380	0.000158783
250	380	0.000164188
250	380	0.000158851
250	380	0.000158754
250	380	0.000158808
250	380	0.000169556
250	380	0.000158753
250	380	0.000158794
250	380	0.000164072
250	380	0.000158848
250	380	0.000158816
250	380	0.000179270
250	380	0.000138672
250	380	0.000158802
250	380	0.000177723
250	380	0.000210360
250	380	0.000182112
250	380	0.000202174
250	380	0.000233931
250	380	0.000233999
250	380	0.000234097
250	380	0.000246948
250	380	0.000247024
250	380	0.000222598
250	380	0.000277775
250	380	0.000277830
250	380	0.000277850
250	380	0.000270176
250	380	0.000288028
250	380	0.000305015
250	380	0.000277823
250	380	0.000277890
250	380	0.000277883
250	380	0.000277952
250	380	0.000269090
250	380	0.000252722
250	380	0.000290343
250	380	0.000259195
250	380	0.000278263
250	380	0.000286594
250	380	0.000259440
250	380	0.000264990
250	380	0.000277903
250	380	0.000277888
250	380	0.000277892
250	380	0.000269211
250	380	0.000277852
250	380	0.000295110
250	380	0.000290544
250	380	0.000277914
250	380	0.000270195
250	380	0.000273794
250	380	0.000277896
250	380	0.000287607
250	380	0.000261116
250	380	0.000261584
250	380	0.000277806
250	380	0.000277876
250	380	0.000277885
250	380	0.000277938
250	380	0.000281034
250	380	0.000237797
250	380	0.000261545
250	380	0.000275389
250	380	0.000272030
250	380	0.000277884
250	380	0.000296343
250	380	0.000294869
250	380	0.000277882
250	380	0.000277804
250	380	0.000252666
250	380	0.000277886
250	380	0.000277849
250	380	0.000277838
250	380	0.000277605
250	380	0.000263542
250	380	0.000277894
250	380	0.000277875
250	380	0.000277903
250	380	0.000285871
250	380	0.000288831
250	380	0.000267352
250	380	0.000277841
250	380	0.000261516
250	380	0.000271092
250	380	0.000277816
250	380	0.000277780
250	510	0.000188977
250	510	0.000174636
250	510	0.000189060
250	510	0.000192170
250	510	0.000189035
250	510	0.000188983
250	510	0.000189033
250	510	0.000194070
250	510	0.000189032
250	510	0.000189014
250	510	0.000196010
250	510	0.000188963
250	510	0.000189146
250	510	0.000189030
250	510	0.000189061
250	510	0.000189006
250	510	0.000189017
250	510	0.000206932
250	510	0.000189051
250	510	0.000189037
250	510	0.000176860
250	510	0.000188987
250	510	0.000189051
250	510	0.000174651
250	510	0.000189018
250	510	0.000214931
250	510	0.000189016
250	510	0.000189010
250	510	0.000189095
250	510	0.000188894
250	510	0.000189025
250	510	0.000189028
250	510	0.000188892
250	510	0.000194009
250	510	0.000175170
250	510	0.000195983
250	510	0.000196062
250	510	0.000205310
250	510	0.000189989
250	510	0.000196028
250	510	0.000195999
250	510	0.000210253
250	510	0.000211773
250	510	0.000211951
250	510	0.000211558
250	510	0.000211691
250	510	0.000220635
250	510	0.000220566
250	510	0.000219726
250	510	0.000245649
250	510	0.000220620
250	510	0.000240399
250	510	0.000228330
250	510	0.000257387
250	510	0.000278599
250	510	0.000278575
250	510	0.000311374
250	510	0.000311426
250	510	0.000278140
250	510	0.000311354
250	510	0.000278188
250	510	0.000311459
250	510	0.000244487
250	510	0.000264708
250	510	0.000264648
250	510	0.000278564
250	510	0.000278549
250	510	0.000257345
250	510	0.000294111
250	510	0.000271641
250	510	0.000315165
250	510	0.000330782
250	510	0.000342182
250	510	0.000305627
250	510	0.000311308
250	510	0.000330740
250	510	0.000330941
250	510	0.000340818
250	510	0.000339675
250	510	0.000314852
250	510	0.000305636
250	510	0.000305612
250	510	0.000348091
250	510	0.000314658
250	510	0.000338690
250	510	0.000291113
250	510	0.000302960
250	510	0.000330755
250	510	0.000330765
250	510	0.000330794
250	510	0.000339151
250	510	0.000319456
250	510	0.000315359
250	510	0.000330842
250	510	0.000322893
250	510	0.000330777
250	510	0.000339017
250	510	0.000347182
250	510	0.000299521
250	510	0.000329800
250	600	0.000244877
250	600	0.000229182
250	600	0.000244924
250	600	0.000244886
250	600	0.000255968
250	600	0.000244880
250	600	0.000243278
250	600	0.000244864
250	600	0.000244859
250	600	0.000251086
250	600	0.000255117
250	600	0.000244845
250	600	0.000244903
250	600	0.000244869
250	600	0.000235877
250	600	0.000244984
250	600	0.000244884
250	600	0.000244914
250	600	0.000316293
250	600	0.000288015
250	600	0.000304875
250	600	0.000329852
250	600	0.000371330
250	600	0.000419499
250	600	0.000424582
250	600	0.000428494
250	600	0.000457091
250	600	0.000440209
250	600	0.000428562
250	600	0.000457073
250	600	0.000471545
250	600	0.000428527
250	600	0.000428649
250	600	0.000442083
250	600	0.000386921
250	600	0.000403395
250	600	0.000446215
250	600	0.000440776
250	600	0.000409334
250	600	0.000414188
250	600	0.000428473
250	600	0.000436399
250	600	0.000416661
250	600	0.000428488
250	600	0.000428553
250	600	0.000415804
250	600	0.000428515
250	600	0.000403324
250	600	0.000410357
250	600	0.000428511
250	600	0.000428494
250	600	0.000413889
250	600	0.000379672
250	600	0.000428504
250	600	0.000428525
250	600	0.000428484
250	600	0.000428538
250	600	0.000412549
250	600	0.000436110
250	600	0.000428564
250	600	0.000403366
250	600	0.000440051
250	600	0.000428591
250	600	0.000428522
250	600	0.000445243
250	600	0.000411047
250	600	0.000393347
250	600	0.000437865
250	600	0.000436687
250	600	0.000428440
250	600	0.000438321
250	600	0.000411337
250	600	0.000410529
250	600	0.000428664
250	600	0.000422182
250	600	0.000428491
250	600	0.000438837
250	600	0.000436756
250	600	0.000410726
250	600	0.000428455
250	600	0.000436019
250	600	0.000428582
250	600	0.000421246
250	600	0.000428498
250	600	0.000442911
250	600	0.000401089
250	600	0.000428571
250	600	0.000437702
250	600	0.000443316
250	600	0.000394949
250	600	0.000403286
250	600	0.000438862
250	600	0.000422181
250	600	0.000428528
250	600	0.000437494
250	600	0.000414966
250	600	0.000409646
250	600	0.000428485
250	600	0.000436105
250	600	0.000428422
380	128	0.000064630
380	128	0.000070925
380	128	0.000064607
380	128	0.000064653
380	128	0.000077800
380	128	0.000064636
380	128	0.000064573
380	128	0.000064658
380	128	0.000064699
380	128	0.000064551
380	128	0.000064714
380	128	0.000064774
380	128	0.000064511
380	128	0.000064718
380	128	0.000070928
380	128	0.000064656
380	128	0.000064674
380	128	0.000070866
380	128	0.000064617
380	128	0.000064733
380	128	0.000064551
380	128	0.000064572
380	128	0.000064666
380	128	0.000064590
380	128	0.000064646
380	128	0.000064590
380	128	0.000064594
380	128	0.000064772
380	128	0.000064563
380	128	0.000064574
380	128	0.000076816
380	128	0.000070962
380	128	0.000069202
380	128	0.000064520
380	128	0.000087904
380	128	0.000064711
380	128	0.000064586
380	128	0.000064627
380	128	0.000069636
380	128	0.000069952
380	128	0.000069529
380	128	0.000069751
380	128	0.000069588
380	128	0.000074099
380	128	0.000086137
380	128	0.000086071
380	128	0.000064555
380	128	0.000064569
380	128	0.000111427
380	128	0.000064673
380	128	0.000064923
380	128	0.000064590
380	128	0.000064562
380	128	0.000070875
380	128	0.000064685
380	128	0.000064941
380	128	0.000064656
380	128	0.000064907
380	128	0.000064654
380	128	0.000064920
380	128	0.000064629
380	128	0.000064466
380	128	0.000064640
380	128	0.000064561
380	128	0.000070365
380	128	0.000064599
380	128	0.000064695
380	128	0.000064580
380	128	0.000073283
380	128	0.000064556
380	128	0.000064868
380	128	0.000064534
380	128	0.000064637
380	128	0.000064646
380	128	0.000064613
380	128	0.000064615
380	128	0.000064614
380	128	0.000064641
380	128	0.000071118
380	128	0.000064566
380	128	0.000070925
380	128	0.000064890
380	128	0.000064655
380	128	0.000071052
380	128	0.000070878
380	128	0.000070860
380	128	0.000064639
380	128	0.000064612
380	128	0.000064626
380	128	0.000064581
380	128	0.000064643
380	128	0.000071394
380	128	0.000064559
380	128	0.000064665
380	128	0.000064757
380	128	0.000064550
380	128	0.000064833
380	128	0.000064673
380	128	0.000073321
380	128	0.000064654
380	256	0.000219852
380	256	0.000220066
380	256	0.000196064
380	256	0.000220107
380	256	0.000213009
380	256	0.000220014
380	256	0.000220077
380	256	0.000220011
380	256	0.000192866
380	256	0.000219983
380	256	0.000219871
380	256	0.000218531
380	256	0.000219990
380	256	0.000165643
380	256	0.000211408
380	256	0.000220045
380	256	0.000193469
380	256	0.000219859
380	256	0.000187161
380	256	0.000219859
380	256	0.000219878
380	256	0.000224539
380	256	0.000189308
380	256	0.000219882
380	256	0.000187785
380	256	0.000186978
380	256	0.000186598
380	256	0.000187756
380	256	0.000198334
380	256	0.000165838
380	256	0.000219886
380	256	0.000223463
380	256	0.000200460
380	256	0.000244092
380	256	0.000228098
380	256	0.000188511
380	256	0.000223844
380	256	0.000212650
380	256	0.000197368
380	256	0.000219930
380	256	0.000186773
380	256	0.000220004
380	256	0.000219870
380	256	0.000186782
380	256	0.000185980
380	256	0.000219859
380	256	0.000162116
380	256	0.000209322
380	256	0.000192403
380	256	0.000205520
380	256	0.000219858
380	256	0.000175350
380	256	0.000219875
380	256	0.000220012
380	256	0.000279745
380	256	0.000244908
380	256	0.000245855
380	256	0.000252856
380	256	0.000275067
380	256	0.000201188
380	256	0.000222065
380	256	0.000292901
380	256	0.000293430
380	256	0.000293044
380	256	0.000267794
380	256	0.000267638
380	256	0.000220585
380	256	0.000332925
380	256	0.000324283
380	256	0.000324212
380	256	0.000342242
380	256	0.000342343
380	256	0.000345348
380	256	0.000303501
380	256	0.000355135
380	256	0.000391499
380	256	0.000371290
380	256	0.000385114
380	256	0.000373062
380	256	0.000324712
380	256	0.000370269
380	256	0.000385031
380	256	0.000385174
380	256	0.000385119
380	256	0.000396696
380	256	0.000362093
380	256	0.000384779
380	256	0.000231755
380	256	0.000376380
380	256	0.000318892
380	256	0.000385046
380	256	0.000385033
380	256	0.000329982
380	256	0.000357193
380	256	0.000340735
380	256	0.000375965
380	256	0.000345384
380	256	0.000391060
380	256	0.000379799
380	256	0.000410392
380	380	0.000241214
380	380	0.000241217
380	380	0.000241170
380	380	0.000210678
380	380	0.000246644
380	380	0.000241087
380	380	0.000240919
380	380	0.000217267
380	380	0.000245063
380	380	0.000241108
380	380	0.000241087
380	380	0.000241227
380	380	0.000246734
380	380	0.000241197
380	380	0.000241218
380	380	0.000241218
380	380	0.000245303
380	380	0.000241293
380	380	0.000241274
380	380	0.000241199
380	380	0.000246288
380	380	0.000241195
380	380	0.000241038
380	380	0.000241074
380	380	0.000236526
380	380	0.000241261
380	380	0.000241255
380	380	0.000241266
380	380	0.000250094
380	380	0.000240887
380	380	0.000241291
380	380	0.000241268
380	380	0.000246138
380	380	0.000241122
380	380	0.000218580
380	380	0.000285717
380	380	0.000293429
380	380	0.000286865
380	380	0.000305187
380	380	0.000351315
380	380	0.000329352
380	380	0.000335335
380	380	0.000332431
380	380	0.000332061
380	380	0.000313443
380	380	0.000290570
380	380	0.000317216
380	380	0.000306364
380	380	0.000404347
380	380	0.000363427
380	380	0.000421868
380	380	0.000427856
380	380	0.000431117
380	380	0.000422089
380	380	0.000422320
380	380	0.000408969
380	380	0.000418290
380	380	0.000421964
380	380	0.000421688
380	380	0.000438008
380	380	0.000421885
380	380	0.000422327
380	380	0.000440156
380	380	0.000403606
380	380	0.000418238
380	380	0.000438265
380	380	0.000436490
380	380	0.000422154
380	380	0.000430410
380	380	0.000382517
380	380	0.000382592
380	380	0.000430634
380	380	0.000429652
380	380	0.000422271
380	380	0.000439447
380	380	0.000405276
380	380	0.000405571
380	380	0.000436285
380	380	0.000391240
380	380	0.000421891
380	380	0.000427071
380	380	0.000408681
380	380	0.000422126
380	380	0.000421859
380	380	0.000430402
380	380	0.000408113
380	380	0.000422077
380	380	0.000411073
380	380	0.000429565
380	380	0.000422053
380	380	0.000438136
380	380	0.000422126
380	380	0.000422089
380	380	0.000412449
380	380	0.000397384
380	380	0.000422129
380	380	0.000406051
380	380	0.000422150
380	380	0.000422103
380	380	0.000433548
380	510	0.000287271
380	510	0.000287046
380	510	0.000297012
380	510	0.000287246
380	510	0.000282391
380	510	0.000287070
380	510	0.000256429
380	510	0.000292100
380	510	0.000287023
380	510	0.000287181
380	510	0.000287082
380	510	0.000287209
380	510	0.000292979
380	510	0.000289930
380	510	0.000264535
380	510	0.000286978
380	510	0.000264558
380	510	0.000287081
380	510	0.000292432
380	510	0.000287048
380	510	0.000287259
380	510	0.000264547
380	510	0.000286965
380	510	0.000292279
380	510	0.000292510
380	510	0.000287060
380	510	0.000294470
380	510	0.000297615
380	510	0.000297688
380	510	0.000283577
380	510	0.000297676
380	510	0.000301420
380	510	0.000297914
380	510	0.000335174
380	510	0.000334912
380	510	0.000335129
380	510	0.000365355
380	510	0.000365316
380	510	0.000365311
380	510	0.000370343
380	510	0.000401935
380	510	0.000431717
380	510	0.000412612
380	510	0.000409053
380	510	0.000455778
380	510	0.000446515
380	510	0.000496002
380	510	0.000503166
380	510	0.000494234
380	510	0.000462886
380	510	0.000481228
380	510	0.000502556
380	510	0.000510340
380	510	0.000510599
380	510	0.000472798
380	510	0.000511886
380	510	0.000502597
380	510	0.000470048
380	510	0.000540868
380	510	0.000472796
380	510	0.000483663
380	510	0.000487278
380	510	0.000502346
380	510	0.000516086
380	510	0.000444494
380	510	0.000472774
380	510	0.000510635
380	510	0.000463544
380	510	0.000502379
380	510	0.000509117
380	510	0.000440462
380	510	0.000472784
380	510	0.000502604
380	510	0.000531609
380	510	0.000496894
380	510	0.000502613
380	510	0.000512456
380	510	0.000482491
380	510	0.000512319
380	510	0.000502746
380	510	0.000511388
380	510	0.000472777
380	510	0.000502526
380	510	0.000512958
380	510	0.000502715
380	510	0.000527307
380	510	0.000516319
380	510	0.000509214
380	510	0.000509348
380	510	0.000502328
380	510	0.000511147
380	510	0.000502537
380	510	0.000502435
380	510	0.000480759
380	510	0.000435610
380	510	0.000502319
380	510	0.000480119
380	510	0.000504339
380	510	0.000502549
380	510	0.000508236
380	600	0.000377252
380	600	0.000377471
380	600	0.000378184
380	600	0.000357065
380	600	0.000371929
380	600	0.000371940
380	600	0.000372063
380	600	0.000372121
380	600	0.000372048
380	600	0.000371917
380	600	0.000354510
380	600	0.000376858
380	600	0.000396059
380	600	0.000376381
380	600	0.000372082
380	600	0.000372037
380	600	0.000372193
380	600	0.000341836
380	600	0.000371955
380	600	0.000375981
380	600	0.000376939
380	600	0.000391642
380	600	0.000377081
380	600	0.000363017
380	600	0.000372041
380	600	0.000371942
380	600	0.000372090
380	600	0.000384161
380	600	0.000368130
380	600	0.000400458
380	600	0.000400535
380	600	0.000496219
380	600	0.000496012
380	600	0.000520347
380	600	0.000520883
380	600	0.000520693
380	600	0.000619497
380	600	0.000620709
380	600	0.000657801
380	600	0.000633282
380	600	0.000690864
380	600	0.000622093
380	600	0.000665493
380	600	0.000650910
380	600	0.000660705
380	600	0.000676923
380	600	0.000624885
380	600	0.000609609
380	600	0.000637699
380	600	0.000597327
380	600	0.000620699
380	600	0.000651128
380	600	0.000648408
380	600	0.000650846
380	600	0.000586935
380	600	0.000612578
380	600	0.000610363
380	600	0.000618902
380	600	0.000621312
380	600	0.000612801
380	600	0.000622208
380	600	0.000651308
380	600	0.000602854
380	600	0.000638146
380	600	0.000663095
380	600	0.000651140
380	600	0.000651261
380	600	0.000661715
380	600	0.000662241
380	600	0.000621840
380	600	0.000642434
380	600	0.000665804
380	600	0.000659127
380	600	0.000636111
380	600	0.000665938
380	600	0.000619241
380	600	0.000651042
380	600	0.000634836
380	600	0.000628242
380	600	0.000618426
380	600	0.000650886
380	600	0.000591530
380	600	0.000531807
380	600	0.000598291
380	600	0.000622281
380	600	0.000637624
380	600	0.000641289
380	600	0.000657555
380	600	0.000651219
380	600	0.000658298
380	600	0.000651132
380	600	0.000602716
380	600	0.000641130
380	600	0.000664283
380	600	0.000638936
380	600	0.000642143
380	600	0.000647892
380	600	0.000667150
380	600	0.000612967
380	600	0.000620809
510	128	0.000086571
510	128	0.000086517
510	128	0.000092347
510	128	0.000086543
510	128	0.000086507
510	128	0.000086531
510	128	0.000086537
510	128	0.000086464
510	128	0.000086322
510	128	0.000086517
510	128	0.000086604
510	128	0.000086514
510	128	0.000086536
510	128	0.000086664
510	128	0.000086591
510	128	0.000086551
510	128	0.000090881
510	128	0.000086680
510	128	0.000086429
510	128	0.000086510
510	128	0.000086475
510	128	0.000086465
510	128	0.000086476
510	128	0.000098026
510	128	0.000086582
510	128	0.000086370
510	128	0.000086448
510	128	0.000086586
510	128	0.000086503
510	128	0.000086580
510	128	0.000086673
510	128	0.000094928
510	128	0.000086492
510	128	0.000086408
510	128	0.000086449
510	128	0.000086582
510	128	0.000086374
510	128	0.000090708
510	128	0.000086687
510	128	0.000086210
510	128	0.000086525
510	128	0.000086553
510	128	0.000086476
510	128	0.000086519
510	128	0.000086528
510	128	0.000086470
510	128	0.000090978
510	128	0.000086485
510	128	0.000086533
510	128	0.000092283
510	128	0.000086518
510	128	0.000086590
510	128	0.000086602
510	128	0.000086623
510	128	0.000086405
510	128	0.000086495
510	128	0.000086485
510	128	0.000101175
510	128	0.000086566
510	128	0.000095436
510	128	0.000086932
510	128	0.000086884
510	128	0.000086428
510	128	0.000086436
510	128	0.000109501
510	128	0.000086653
510	128	0.000086612
510	128	0.000086474
510	128	0.000086453
510	128	0.000086766
510	128	0.000086803
510	128	0.000086640
510	128	0.000086596
510	128	0.000091233
510	128	0.000086897
510	128	0.000086525
510	128	0.000086622
510	128	0.000086462
510	128	0.000086584
510	128	0.000086484
510	128	0.000086625
510	128	0.000086909
510	128	0.000091077
510	128	0.000092203
510	128	0.000091467
510	128	0.000086490
510	128	0.000118369
510	128	0.000086364
510	128	0.000086599
510	128	0.000086478
510	128	0.000086569
510	128	0.000086696
510	128	0.000093766
510	128	0.000086538
510	128	0.000086566
510	128	0.000090443
510	128	0.000095322
510	128	0.000086474
510	128	0.000086507
510	128	0.000086362
510	256	0.000295057
510	256	0.000294888
510	256	0.000295126
510	256	0.000294870
510	256	0.000295014
510	256	0.000299540
510	256	0.000299627
510	256	0.000293410
510	256	0.000295060
510	256	0.000295019
510	256	0.000294847
510	256	0.000298373
510	256	0.000312551
510	256	0.000294810
510	256	0.000263059
510	256	0.000295020
510	256	0.000281609
510	256	0.000299528
510	256	0.000295138
510	256	0.000294856
510	256	0.000295007
510	256	0.000270334
510	256	0.000295087
510	256	0.000295047
510	256	0.000294993
510	256	0.000294880
510	256	0.000290347
510	256	0.000294888
510	256	0.000294890
510	256	0.000294933
510	256	0.000299254
510	256	0.000295086
510	256	0.000294922
510	256	0.000295013
510	256	0.000290015
510	256	0.000299348
510	256	0.000294854
510	256	0.000294847
510	256	0.000330514
510	256	0.000330550
510	256	0.000330430
510	256	0.000330253
510	256	0.000330477
510	256	0.000335600
510	256	0.000305384
510	256	0.000329798
510	256	0.000369410
510	256	0.000379389
510	256	0.000402994
510	256	0.000365690
510	256	0.000328818
510	256	0.000311014
510	256	0.000397493
510	256	0.000382302
510	256	0.000397369
510	256	0.000293423
510	256	0.000370366
510	256	0.000393143
510	256	0.000393473
510	256	0.000386506
510	256	0.000368808
510	256	0.000375549
510	256	0.000341215
510	256	0.000349793
510	256	0.000350880
510	256	0.000371705
510	256	0.000393179
510	256	0.000380349
510	256	0.000400907
510	256	0.000420704
510	256	0.000331634
510	256	0.000361503
510	256	0.000466287
510	256	0.000399458
510	256	0.000493252
510	256	0.000494698
510	256	0.000486080
510	256	0.000524172
510	256	0.000493318
510	256	0.000516025
510	256	0.000516313
510	256	0.000455455
510	256	0.000494652
510	256	0.000523461
510	256	0.000502426
510	256	0.000516167
510	256	0.000532338
510	256	0.000372476
510	256	0.000516443
510	256	0.000525657
510	256	0.000516393
510	256	0.000540310
510	256	0.000478743
510	256	0.000516015
510	256	0.000370327
510	256	0.000524362
510	256	0.000516250
510	256	0.000573650
510	256	0.000516417
510	256	0.000524005
510	380	0.000314951
510	380	0.000329141
510	380	0.000291496
510	380	0.000323350
510	380	0.000323462
510	380	0.000323532
510	380	0.000323628
510	380	0.000328562
510	380	0.000336754
510	380	0.000328972
510	380	0.000323546
510	380	0.000323592
510	380	0.000323277
510	380	0.000323536
510	380	0.000329931
510	380	0.000327953
510	380	0.000338171
510	380	0.000335565
510	380	0.000335316
510	380	0.000335501
510	380	0.000431189
510	380	0.000431130
510	380	0.000431305
510	380	0.000541424
510	380	0.000542705
510	380	0.000603809
510	380	0.000571592
510	380	0.000570754
510	380	0.000533308
510	380	0.000569542
510	380	0.000540259
510	380	0.000566276
510	380	0.000483969
510	380	0.000543011
510	380	0.000566143
510	380	0.000519614
510	380	0.000559556
510	380	0.000540903
510	380	0.000583674
510	380	0.000549970
510	380	0.000572787
510	380	0.000566378
510	380	0.000572348
510	380	0.000566152
510	380	0.000566269
510	380	0.000579934
510	380	0.000540138
510	380	0.000532677
510	380	0.000539270
510	380	0.000532859
510	380	0.000532472
510	380	0.000543808
510	380	0.000532611
510	380	0.000571232
510	380	0.000553009
510	380	0.000574149
510	380	0.000544267
510	380	0.000571288
510	380	0.000501143
510	380	0.000565879
510	380	0.000574510
510	380	0.000559357
510	380	0.000548970
510	380	0.000540755
510	380	0.000556531
510	380	0.000548382
510	380	0.000566205
510	380	0.000574782
510	380	0.000545036
510	380	0.000572765
510	380	0.000597334
510	380	0.000566148
510	380	0.000510380
510	380	0.000552894
510	380	0.000566094
510	380	0.000540911
510	380	0.000565846
510	380	0.000522994
510	380	0.000561472
510	380	0.000578493
510	380	0.000551183
510	380	0.000572082
510	380	0.000577414
510	380	0.000545837
510	380	0.000571522
510	380	0.000532810
510	380	0.000554708
510	380	0.000554563
510	380	0.000573199
510	380	0.000569606
510	380	0.000565947
510	380	0.000528641
510	380	0.000557878
510	380	0.000573913
510	380	0.000565876
510	380	0.000576827
510	380	0.000532643
510	380	0.000589306
510	380	0.000526291
510	380	0.000532927
510	510	0.000385289
510	510	0.000385233
510	510	0.000385207
510	510	0.000385086
510	510	0.000385334
510	510	0.000385061
510	510	0.000385332
510	510	0.000385255
510	510	0.000385062
510	510	0.000385245
510	510	0.000385237
510	510	0.000385018
510	510	0.000449409
510	510	0.000449231
510	510	0.000454630
510	510	0.000539306
510	510	0.000547822
510	510	0.000634181
510	510	0.000707048
510	510	0.000681641
510	510	0.000690012
510	510	0.000683080
510	510	0.000674151
510	510	0.000678554
510	510	0.000681764
510	510	0.000683481
510	510	0.000698492
510	510	0.000669141
510	510	0.000685540
510	510	0.000674321
510	510	0.000686613
510	510	0.000683998
510	510	0.000673828
510	510	0.000688242
510	510	0.000681637
510	510	0.000681950
510	510	0.000682881
510	510	0.000599193
510	510	0.000674166
510	510	0.000640126
510	510	0.000674037
510	510	0.000690422
510	510	0.000677040
510	510	0.000682635
510	510	0.000668111
510	510	0.000634584
510	510	0.000701234
510	510	0.000665170
510	510	0.000682145
510	510	0.000669601
510	510	0.000642061
510	510	0.000674330
510	510	0.000629809
510	510	0.000674796
510	510	0.000650516
510	510	0.000660919
510	510	0.000682706
510	510	0.000689741
510	510	0.000662375
510	510	0.000700023
510	510	0.000660393
510	510	0.000626488
510	510	0.000651727
510	510	0.000625013
510	510	0.000634516
510	510	0.000680838
510	510	0.000682837
510	510	0.000654242
510	510	0.000656889
510	510	0.000680393
510	510	0.000650212
510	510	0.000679772
510	510	0.000645593
510	510	0.000685682
510	510	0.000637171
510	510	0.000626106
510	510	0.000655812
510	510	0.000683677
510	510	0.000674122
510	510	0.000687017
510	510	0.000645611
510	510	0.000674751
510	510	0.000675742
510	510	0.000673864
510	510	0.000649945
510	510	0.000671083
510	510	0.000682141
510	510	0.000588725
510	510	0.000682856
510	510	0.000700369
510	510	0.000650542
510	510	0.000683672
510	510	0.000639797
510	510	0.000645104
510	510	0.000681889
510	510	0.000676508
510	510	0.000680408
510	510	0.000641550
510	510	0.000678513
510	510	0.000653938
510	600	0.000473439
510	600	0.000499159
510	600	0.000503566
510	600	0.000499104
510	600	0.000498980
510	600	0.000498980
510	600	0.000499155
510	600	0.000498985
510	600	0.000516865
510	600	0.000504097
510	600	0.000504197
510	600	0.000502841
510	600	0.000511734
510	600	0.000503140
510	600	0.000506054
510	600	0.000504533
510	600	0.000493065
510	600	0.000526958
510	600	0.000503264
510	600	0.000501557
510	600	0.000504713
510	600	0.000503494
510	600	0.000475000
510	600	0.000523640
510	600	0.000563434
510	600	0.000564590
510	600	0.000523135
510	600	0.000498857
510	600	0.000521271
510	600	0.000554613
510	600	0.000531976
510	600	0.000558831
510	600	0.000607764
510	600	0.000614162
510	600	0.000609193
510	600	0.000642010
510	600	0.000645801
510	600	0.000755759
510	600	0.000743529
510	600	0.000687951
510	600	0.000773315
510	600	0.000834127
510	600	0.000855790
510	600	0.000832981
510	600	0.000881026
510	600	0.000877002
510	600	0.000776512
510	600	0.000879462
510	600	0.000879580
510	600	0.000846337
510	600	0.000886992
510	600	0.000855532
510	600	0.000881885
510	600	0.000851322
510	600	0.000804648
510	600	0.000860762
510	600	0.000784941
510	600	0.000784454
510	600	0.000887025
510	600	0.000806963
510	600	0.000835743
510	600	0.000830911
510	600	0.000870656
510	600	0.000871209
510	600	0.000892218
510	600	0.000830807
510	600	0.000882278
510	600	0.000873332
510	600	0.000868234
510	600	0.000862683
510	600	0.000881561
510	600	0.000871965
510	600	0.000790711
510	600	0.000896961
510	600	0.000884818
510	600	0.000841755
510	600	0.000831511
510	600	0.000873704
510	600	0.000897038
510	600	0.000811257
510	600	0.000844709
510	600	0.000856525
510	600	0.000886868
510	600	0.000802657
510	600	0.000835624
510	600	0.000851457
510	600	0.000867059
510	600	0.000825066
510	600	0.000800217
510	600	0.000764745
510	600	0.000741962
510	600	0.000736058
510	600	0.000741514
510	600	0.000742189
510	600	0.000640395
510	600	0.000625375
510	600	0.000653964
510	600	0.000706516
510	600	0.000673213
510	600	0.000665583
600	128	0.000101492
600	128	0.000111718
600	128	0.000101652
600	128	0.000101558
600	128	0.000101605
600	128	0.000111658
600	128	0.000101606
600	128	0.000119325
600	128	0.000101593
600	128	0.000101635
600	128	0.000101590
600	128	0.000101598
600	128	0.000106156
600	128	0.000101612
600	128	0.000101547
600	128	0.000101614
600	128	0.000101438
600	128	0.000110180
600	128	0.000101614
600	128	0.000101703
600	128	0.000101555
600	128	0.000101694
600	128	0.000101623
600	128	0.000101588
600	128	0.000101674
600	128	0.000101497
600	128	0.000106987
600	128	0.000101429
600	128	0.000111603
600	128	0.000101356
600	128	0.000101638
600	128	0.000111648
600	128	0.000101548
600	128	0.000101583
600	128	0.000102000
600	128	0.000101568
600	128	0.000101630
600	128	0.000101909
600	128	0.000136812
600	128	0.000113851
600	128	0.000113787
600	128	0.000114277
600	128	0.000113926
600	128	0.000135494
600	128	0.000135610
600	128	0.000135364
600	128	0.000135468
600	128	0.000142244
600	128	0.000142956
600	128	0.000142298
600	128	0.000157977
600	128	0.000157945
600	128	0.000157686
600	128	0.000167249
600	128	0.000167104
600	128	0.000167452
600	128	0.000178011
600	128	0.000177632
600	128	0.000178472
600	128	0.000178063
600	128	0.000178038
600	128	0.000195296
600	128	0.000177891
600	128	0.000177836
600	128	0.000177840
600	128	0.000177878
600	128	0.000177873
600	128	0.000177719
600	128	0.000177688
600	128	0.000177761
600	128	0.000177683
600	128	0.000177787
600	128	0.000177827
600	128	0.000177757
600	128	0.000178497
600	128	0.000177801
600	128	0.000167297
600	128	0.000177791
600	128	0.000175496
600	128	0.000167524
600	128	0.000174136
600	128	0.000176451
600	128	0.000177797
600	128	0.000177761
600	128	0.000177519
600	128	0.000177801
600	128	0.000177832
600	128	0.000195962
600	128	0.000177823
600	128	0.000177781
600	128	0.000177835
600	128	0.000177923
600	128	0.000200175
600	128	0.000185527
600	128	0.000189956
600	128	0.000198309
600	128	0.000174594
600	128	0.000189400
600	128	0.000183721
600	128	0.000187429
600	256	0.000347078
600	256	0.000353222
600	256	0.000346849
600	256	0.000347246
600	256	0.000347134
600	256	0.000278079
600	256	0.000350712
600	256	0.000353866
600	256	0.000360006
600	256	0.000346835
600	256	0.000346806
600	256	0.000352224
600	256	0.000352295
600	256	0.000316325
600	256	0.000325619
600	256	0.000350091
600	256	0.000346812
600	256	0.000346826
600	256	0.000347228
600	256	0.000347144
600	256	0.000352385
600	256	0.000328900
600	256	0.000352295
600	256	0.000346806
600	256	0.000346853
600	256	0.000347164
600	256	0.000347177
600	256	0.000347146
600	256	0.000352883
600	256	0.000356411
600	256	0.000318941
600	256	0.000364300
600	256	0.000367418
600	256	0.000448364
600	256	0.000436625
600	256	0.000431349
600	256	0.000430364
600	256	0.000422292
600	256	0.000433092
600	256	0.000441389
600	256	0.000443244
600	256	0.000459127
600	256	0.000396983
600	256	0.000445437
600	256	0.000507667
600	256	0.000539496
600	256	0.000514376
600	256	0.000504795
600	256	0.000498625
600	256	0.000624969
600	256	0.000578883
600	256	0.000463807
600	256	0.000604161
600	256	0.000552083
600	256	0.000663463
600	256	0.000609405
600	256	0.000606934
600	256	0.000517026
600	256	0.000509042
600	256	0.000614774
600	256	0.000546120
600	256	0.000584093
600	256	0.000591450
600	256	0.000588274
600	256	0.000560031
600	256	0.000617175
600	256	0.000593022
600	256	0.000607424
600	256	0.000486105
600	256	0.000616548
600	256	0.000548166
600	256	0.000587150
600	256	0.000615047
600	256	0.000607485
600	256	0.000617361
600	256	0.000607115
600	256	0.000601930
600	256	0.000445762
600	256	0.000571184
600	256	0.000610266
600	256	0.000571835
600	256	0.000604734
600	256	0.000590449
600	256	0.000581178
600	256	0.000577779
600	256	0.000601912
600	256	0.000570684
600	256	0.000607471
600	256	0.000567341
600	256	0.000607411
600	256	0.000579120
600	256	0.000605951
600	256	0.000617059
600	256	0.000606912
600	256	0.000614395
600	256	0.000606882
600	256	0.000569023
600	256	0.000595123
600	256	0.000588784
600	256	0.000539126
600	380	0.000380593
600	380	0.000385834
600	380	0.000380609
600	380	0.000380652
600	380	0.000380594
600	380	0.000380656
600	380	0.000380278
600	380	0.000380635
600	380	0.000386116
600	380	0.000390301
600	380	0.000385141
600	380	0.000385883
600	380	0.000375025
600	380	0.000380649
600	380	0.000380687
600	380	0.000380690
600	380	0.000380306
600	380	0.000380630
600	380	0.000380623
600	380	0.000380307
600	380	0.000351049
600	380	0.000387127
600	380	0.000349830
600	380	0.000401737
600	380	0.000415258
600	380	0.000431365
600	380	0.000426333
600	380	0.000438548
600	380	0.000463412
600	380	0.000474104
600	380	0.000485629
600	380	0.000542011
600	380	0.000465457
600	380	0.000532844
600	380	0.000532406
600	380	0.000541632
600	380	0.000482012
600	380	0.000540706
600	380	0.000560481
600	380	0.000565548
600	380	0.000600673
600	380	0.000591568
600	380	0.000648759
600	380	0.000666144
600	380	0.000634069
600	380	0.000655750
600	380	0.000655438
600	380	0.000707250
600	380	0.000674038
600	380	0.000660704
600	380	0.000635329
600	380	0.000678751
600	380	0.000645787
600	380	0.000672321
600	380	0.000649429
600	380	0.000663049
600	380	0.000657419
600	380	0.000671250
600	380	0.000665969
600	380	0.000679041
600	380	0.000663619
600	380	0.000683965
600	380	0.000635415
600	380	0.000634424
600	380	0.000665516
600	380	0.000674380
600	380	0.000665504
600	380	0.000617193
600	380	0.000662118
600	380	0.000683445
600	380	0.000681006
600	380	0.000639617
600	380	0.000687353
600	380	0.000595024
600	380	0.000672620
600	380	0.000697836
600	380	0.000678528
600	380	0.000653128
600	380	0.000606284
600	380	0.000644602
600	380	0.000692846
600	380	0.000657177
600	380	0.000671876
600	380	0.000658159
600	380	0.000664643
600	380	0.000641454
600	380	0.000676160
600	380	0.000660956
600	380	0.000636143
600	380	0.000652139
600	380	0.000676041
600	380	0.000672432
600	380	0.000602060
600	380	0.000671425
600	380	0.000660551
600	380	0.000649352
600	380	0.000645323
600	380	0.000672695
600	380	0.000634578
600	380	0.000630896
600	510	0.000460043
600	510	0.000459510
600	510	0.000452958
600	510	0.000453247
600	510	0.000452895
600	510	0.000453328
600	510	0.000453242
600	510	0.000453250
600	510	0.000453232
600	510	0.000453264
600	510	0.000452884
600	510	0.000453241
600	510	0.000453312
600	510	0.000453062
600	510	0.000453343
600	510	0.000452845
600	510	0.000415175
600	510	0.000419631
600	510	0.000458347
600	510	0.000415421
600	510	0.000455705
600	510	0.000492604
600	510	0.000488149
600	510	0.000576411
600	510	0.000583385
600	510	0.000580663
600	510	0.000583694
600	510	0.000585571
600	510	0.000671378
600	510	0.000677126
600	510	0.000768829
600	510	0.000746626
600	510	0.000796038
600	510	0.000814712
600	510	0.000776984
600	510	0.000801330
600	510	0.000795108
600	510	0.000753322
600	510	0.000756017
600	510	0.000752187
600	510	0.000754906
600	510	0.000798044
600	510	0.000746520
600	510	0.000792522
600	510	0.000799816
600	510	0.000787096
600	510	0.000781324
600	510	0.000798310
600	510	0.000764865
600	510	0.000779110
600	510	0.000799854
600	510	0.000783565
600	510	0.000803148
600	510	0.000879975
600	510	0.000792526
600	510	0.000762532
600	510	0.000748878
600	510	0.000757038
600	510	0.000774665
600	510	0.000751249
600	510	0.000756354
600	510	0.000764416
600	510	0.000796812
600	510	0.000752387
600	510	0.000767265
600	510	0.000752816
600	510	0.000776735
600	510	0.000801488
600	510	0.000796875
600	510	0.000755379
600	510	0.000768768
600	510	0.000776363
600	510	0.000777031
600	510	0.000783528
600	510	0.000764232
600	510	0.000762405
600	510	0.000799187
600	510	0.000794344
600	510	0.000797522
600	510	0.000803044
600	510	0.000764277
600	510	0.000800041
600	510	0.000760999
600	510	0.000779299
600	510	0.000802798
600	510	0.000730377
600	510	0.000780007
600	510	0.000745989
600	510	0.000764505
600	510	0.000745992
600	510	0.000782626
600	510	0.000797991
600	510	0.000755616
600	510	0.000707230
600	510	0.000808736
600	510	0.000760916
600	510	0.000797355
600	510	0.000768855
600	510	0.000800771
600	510	0.000809020
600	600	0.000591483
600	600	0.000587235
600	600	0.000587309
600	600	0.000586930
600	600	0.000592016
600	600	0.000592129
600	600	0.000592443
600	600	0.000563160
600	600	0.000592810
600	600	0.000586931
600	600	0.000653344
600	600	0.000724837
600	600	0.000721123
600	600	0.000918504
600	600	0.000964007
600	600	0.001048743
600	600	0.000949899
600	600	0.000970021
600	600	0.001062760
600	600	0.001034288
600	600	0.001037015
600	600	0.001032331
600	600	0.001014006
600	600	0.001033170
600	600	0.001032740
600	600	0.001033055
600	600	0.001028125
600	600	0.001019145
600	600	0.001028525
600	600	0.000878585
600	600	0.000851592
600	600	0.001029790
600	600	0.001021922
600	600	0.001016227
600	600	0.000922267
600	600	0.000933695
600	600	0.000963847
600	600	0.000975255
600	600	0.001024946
600	600	0.001003172
600	600	0.000976688
600	600	0.001036389
600	600	0.001036864
600	600	0.001036815
600	600	0.001035306
600	600	0.001033142
600	600	0.001033215
600	600	0.001032560
600	600	0.000931327
600	600	0.001018304
600	600	0.000942839
600	600	0.000907083
600	600	0.000962250
600	600	0.001016046
600	600	0.001023331
600	600	0.001030043
600	600	0.001015666
600	600	0.000940058
600	600	0.000975866
600	600	0.001034712
600	600	0.001021990
600	600	0.001033761
600	600	0.001033574
600	600	0.001033731
600	600	0.001035492
600	600	0.001032890
600	600	0.000973380
600	600	0.001023477
600	600	0.001021797
600	600	0.001019590
600	600	0.001033663
600	600	0.001032483
600	600	0.001016502
600	600	0.001012166
600	600	0.001023398
600	600	0.000974922
600	600	0.001024235
600	600	0.001033141
600	600	0.000913891
600	600	0.000971160
600	600	0.000976518
600	600	0.000980042
600	600	0.001013474
600	600	0.001002039
600	600	0.001026876
600	600	0.001057237
600	600	0.001032081
600	600	0.000978384
600	600	0.000981646
600	600	0.001035467
600	600	0.001031891
600	600	0.001028687
600	600	0.001026856
600	600	0.000887224
600	600	0.001004391
600	600	0.001013454
600	600	0.001063144
600	600	0.001056401
600	600	0.001033245
600	600	0.001041960
