120	128	0.000168338
120	128	0.000167915
120	128	0.000167938
120	128	0.000168390
120	128	0.000167884
120	128	0.000168351
120	128	0.000168322
120	128	0.000168327
120	128	0.000168382
120	128	0.000178582
120	128	0.000168344
120	128	0.000167926
120	128	0.000167869
120	128	0.000168307
120	128	0.000168276
120	128	0.000167944
120	128	0.000168017
120	128	0.000168309
120	128	0.000168318
120	128	0.000173794
120	128	0.000168324
120	128	0.000167944
120	128	0.000168037
120	128	0.000168406
120	128	0.000167941
120	128	0.000168421
120	128	0.000168085
120	128	0.000168271
120	128	0.000169169
120	128	0.000177682
120	128	0.000167916
120	128	0.000167976
120	128	0.000172909
120	128	0.000168275
120	128	0.000168298
120	128	0.000168488
120	128	0.000168264
120	128	0.000188158
120	128	0.000192454
120	128	0.000188074
120	128	0.000188089
120	128	0.000193824
120	128	0.000196360
120	128	0.000196316
120	128	0.000196311
120	128	0.000213862
120	128	0.000220283
120	128	0.000220909
120	128	0.000220859
120	128	0.000277303
120	128	0.000286652
120	128	0.000291658
120	128	0.000277206
120	128	0.000276536
120	128	0.000294587
120	128	0.000293879
120	128	0.000293836
120	128	0.000293965
120	128	0.000304971
120	128	0.000303854
120	128	0.000293938
120	128	0.000289138
120	128	0.000294547
120	128	0.000294473
120	128	0.000285193
120	128	0.000285571
120	128	0.000291059
120	128	0.000276689
120	128	0.000294664
120	128	0.000294459
120	128	0.000294541
120	128	0.000270761
120	128	0.000292888
120	128	0.000287520
120	128	0.000294540
120	128	0.000290837
120	128	0.000292433
120	128	0.000294601
120	128	0.000303254
120	128	0.000276685
120	128	0.000296519
120	128	0.000293844
120	128	0.000285803
120	128	0.000289468
120	128	0.000294527
120	128	0.000294096
120	128	0.000304173
120	128	0.000276707
120	128	0.000293863
120	128	0.000294731
120	128	0.000293955
120	128	0.000294001
120	128	0.000338835
120	128	0.000300317
120	128	0.000277364
120	128	0.000281985
120	128	0.000294251
120	128	0.000294548
120	128	0.000294806
120	128	0.000314831
120	256	0.000310901
120	256	0.000310916
120	256	0.000311543
120	256	0.000311614
120	256	0.000310851
120	256	0.000311512
120	256	0.000310991
120	256	0.000316921
120	256	0.000318185
120	256	0.000311501
120	256	0.000310856
120	256	0.000310948
120	256	0.000310982
120	256	0.000310847
120	256	0.000315348
120	256	0.000316406
120	256	0.000310856
120	256	0.000311229
120	256	0.000311466
120	256	0.000310922
120	256	0.000316939
120	256	0.000315657
120	256	0.000311474
120	256	0.000323181
120	256	0.000322373
120	256	0.000323093
120	256	0.000334779
120	256	0.000353871
120	256	0.000340431
120	256	0.000311534
120	256	0.000312654
120	256	0.000310893
120	256	0.000349748
120	256	0.000316835
120	256	0.000316395
120	256	0.000312016
120	256	0.000310862
120	256	0.000395991
120	256	0.000395670
120	256	0.000395718
120	256	0.000379174
120	256	0.000379336
120	256	0.000378436
120	256	0.000415303
120	256	0.000415465
120	256	0.000414776
120	256	0.000526663
120	256	0.000512089
120	256	0.000535703
120	256	0.000520951
120	256	0.000513030
120	256	0.000519849
120	256	0.000547034
120	256	0.000554545
120	256	0.000544035
120	256	0.000552987
120	256	0.000512063
120	256	0.000513199
120	256	0.000555843
120	256	0.000513130
120	256	0.000513057
120	256	0.000550682
120	256	0.000521286
120	256	0.000544078
120	256	0.000539210
120	256	0.000521872
120	256	0.000554884
120	256	0.000523259
120	256	0.000557796
120	256	0.000530474
120	256	0.000526108
120	256	0.000554272
120	256	0.000544119
120	256	0.000554302
120	256	0.000524946
120	256	0.000553886
120	256	0.000553551
120	256	0.000544082
120	256	0.000520671
120	256	0.000529970
120	256	0.000544174
120	256	0.000553641
120	256	0.000545206
120	256	0.000553281
120	256	0.000519627
120	256	0.000552890
120	256	0.000534876
120	256	0.000527270
120	256	0.000556462
120	256	0.000533187
120	256	0.000544248
120	256	0.000584978
120	256	0.000545164
120	256	0.000551613
120	256	0.000530203
120	256	0.000568477
120	256	0.000520700
120	256	0.000524577
120	256	0.000552980
120	256	0.000542200
120	380	0.000459467
120	380	0.000455117
120	380	0.000449356
120	380	0.000449730
120	380	0.000449347
120	380	0.000449416
120	380	0.000449326
120	380	0.000449361
120	380	0.000449369
120	380	0.000449784
120	380	0.000449779
120	380	0.000449399
120	380	0.000449812
120	380	0.000449741
120	380	0.000572425
120	380	0.000578017
120	380	0.000656762
120	380	0.000699707
120	380	0.000742525
120	380	0.000767690
120	380	0.000793038
120	380	0.000795960
120	380	0.000774249
120	380	0.000788595
120	380	0.000780967
120	380	0.000749201
120	380	0.000662255
120	380	0.000711084
120	380	0.000671344
120	380	0.000669430
120	380	0.000784533
120	380	0.000800489
120	380	0.000780105
120	380	0.000833211
120	380	0.000788904
120	380	0.000781459
120	380	0.000777981
120	380	0.000788767
120	380	0.000771362
120	380	0.000799723
120	380	0.000831178
120	380	0.000773679
120	380	0.000748698
120	380	0.000747411
120	380	0.000762051
120	380	0.000826249
120	380	0.000794158
120	380	0.000792448
120	380	0.000772893
120	380	0.000782826
120	380	0.000814672
120	380	0.000760081
120	380	0.000794904
120	380	0.000793624
120	380	0.000768124
120	380	0.000783443
120	380	0.000814005
120	380	0.000766059
120	380	0.000766276
120	380	0.000794566
120	380	0.000748739
120	380	0.000748642
120	380	0.000746653
120	380	0.000776619
120	380	0.000757280
120	380	0.000814672
120	380	0.000790451
120	380	0.000792827
120	380	0.000786369
120	380	0.000779991
120	380	0.000801065
120	380	0.000778131
120	380	0.000791252
120	380	0.000785376
120	380	0.000762209
120	380	0.000788619
120	380	0.000762950
120	380	0.000765918
120	380	0.000792566
120	380	0.000776162
120	380	0.000746405
120	380	0.000662794
120	380	0.000667673
120	380	0.000636379
120	380	0.000629220
120	380	0.000656200
120	380	0.000664358
120	380	0.000670161
120	380	0.000662814
120	380	0.000737246
120	380	0.000792525
120	380	0.000777593
120	380	0.000794726
120	380	0.000793505
120	380	0.000740130
120	380	0.000796058
120	380	0.000793722
120	380	0.000765407
120	380	0.000814613
120	380	0.000792344
120	510	0.000603684
120	510	0.000594972
120	510	0.000601435
120	510	0.000601643
120	510	0.000600625
120	510	0.000594531
120	510	0.000594999
120	510	0.000620005
120	510	0.000600214
120	510	0.000599521
120	510	0.000599592
120	510	0.000614658
120	510	0.000598650
120	510	0.000594973
120	510	0.000594873
120	510	0.000599541
120	510	0.000691397
120	510	0.000699161
120	510	0.000700258
120	510	0.000729423
120	510	0.000729687
120	510	0.000757243
120	510	0.000766302
120	510	0.000757440
120	510	0.000763427
120	510	0.000627408
120	510	0.000616936
120	510	0.000694126
120	510	0.000803218
120	510	0.000797714
120	510	0.000825277
120	510	0.000799899
120	510	0.000792734
120	510	0.000989557
120	510	0.000991749
120	510	0.001028900
120	510	0.001000035
120	510	0.001039816
120	510	0.000981952
120	510	0.000988340
120	510	0.001025930
120	510	0.000968904
120	510	0.000954321
120	510	0.000882639
120	510	0.000886559
120	510	0.000934674
120	510	0.000956857
120	510	0.000987797
120	510	0.000986694
120	510	0.001025291
120	510	0.001027618
120	510	0.001016346
120	510	0.000989718
120	510	0.001029056
120	510	0.001018948
120	510	0.000987644
120	510	0.000930868
120	510	0.000930739
120	510	0.001036383
120	510	0.001033190
120	510	0.001042379
120	510	0.001022089
120	510	0.001020442
120	510	0.001030246
120	510	0.001018556
120	510	0.000994889
120	510	0.001027553
120	510	0.001045088
120	510	0.001049175
120	510	0.001062314
120	510	0.001046238
120	510	0.000989814
120	510	0.000988017
120	510	0.000992771
120	510	0.000991962
120	510	0.000988005
120	510	0.000985862
120	510	0.001025808
120	510	0.001049816
120	510	0.001032715
120	510	0.001041921
120	510	0.001039062
120	510	0.001005826
120	510	0.000934641
120	510	0.000932150
120	510	0.001052516
120	510	0.001047202
120	510	0.001038946
120	510	0.001045779
120	510	0.001028316
120	510	0.001039777
120	510	0.001021136
120	510	0.000987572
120	510	0.000988681
120	510	0.001044310
120	510	0.001031415
120	510	0.001048078
120	510	0.000985441
120	510	0.000985306
120	510	0.000984064
120	600	0.000704278
120	600	0.000695060
120	600	0.000700332
120	600	0.000701710
120	600	0.000703449
120	600	0.000695679
120	600	0.000708252
120	600	0.000701514
120	600	0.000695026
120	600	0.000700399
120	600	0.000701044
120	600	0.000695752
120	600	0.000700438
120	600	0.000700199
120	600	0.000702199
120	600	0.000695118
120	600	0.000702808
120	600	0.000700608
120	600	0.000700479
120	600	0.000695756
120	600	0.000701325
120	600	0.000748490
120	600	0.000749264
120	600	0.000754817
120	600	0.000755892
120	600	0.000821040
120	600	0.000932877
120	600	0.000933380
120	600	0.000933474
120	600	0.000950801
120	600	0.000937249
120	600	0.000749246
120	600	0.000757877
120	600	0.000736496
120	600	0.000721022
120	600	0.000817188
120	600	0.000933075
120	600	0.000934477
120	600	0.000934643
120	600	0.000926926
120	600	0.000940557
120	600	0.000990402
120	600	0.000980994
120	600	0.000981445
120	600	0.000981574
120	600	0.000979187
120	600	0.001030450
120	600	0.001014159
120	600	0.000936959
120	600	0.000931832
120	600	0.000935293
120	600	0.000916650
120	600	0.000890115
120	600	0.000860286
120	600	0.000851767
120	600	0.000852250
120	600	0.000853992
120	600	0.000826170
120	600	0.000820487
120	600	0.000817749
120	600	0.000811052
120	600	0.000832657
120	600	0.000819739
120	600	0.000817519
120	600	0.000834075
120	600	0.000886457
120	600	0.001100944
120	600	0.001005064
120	600	0.000980801
120	600	0.000931055
120	600	0.000932476
120	600	0.000800279
120	600	0.000782743
120	600	0.000751761
120	600	0.000764439
120	600	0.000898251
120	600	0.000978677
120	600	0.000931623
120	600	0.000934236
120	600	0.001035524
120	600	0.001028247
120	600	0.001039296
120	600	0.001089895
120	600	0.001085220
120	600	0.001030173
120	600	0.000991950
120	600	0.000978995
120	600	0.001193693
120	600	0.001186226
120	600	0.001151760
120	600	0.001231977
120	600	0.001151006
120	600	0.001222915
120	600	0.001223601
120	600	0.001240568
120	600	0.001232239
120	600	0.001227168
120	600	0.001085602
120	600	0.001098026
120	600	0.001148840
250	128	0.000355568
250	128	0.000349547
250	128	0.000349478
250	128	0.000350155
250	128	0.000327026
250	128	0.000356507
250	128	0.000350249
250	128	0.000349497
250	128	0.000349454
250	128	0.000349530
250	128	0.000352247
250	128	0.000349372
250	128	0.000354372
250	128	0.000356808
250	128	0.000357320
250	128	0.000349470
250	128	0.000350242
250	128	0.000349373
250	128	0.000349414
250	128	0.000349504
250	128	0.000356578
250	128	0.000354196
250	128	0.000350121
250	128	0.000350141
250	128	0.000361533
250	128	0.000376345
250	128	0.000377145
250	128	0.000376209
250	128	0.000419353
250	128	0.000489057
250	128	0.000490230
250	128	0.000522547
250	128	0.000584820
250	128	0.000587167
250	128	0.000622833
250	128	0.000589914
250	128	0.000603703
250	128	0.000598532
250	128	0.000621681
250	128	0.000589600
250	128	0.000621271
250	128	0.000583700
250	128	0.000576880
250	128	0.000584956
250	128	0.000575501
250	128	0.000613935
250	128	0.000623874
250	128	0.000619221
250	128	0.000597062
250	128	0.000627413
250	128	0.000611477
250	128	0.000619294
250	128	0.000616298
250	128	0.000619868
250	128	0.000641781
250	128	0.000620774
250	128	0.000611467
250	128	0.000622463
250	128	0.000607783
250	128	0.000615457
250	128	0.000623565
250	128	0.000624746
250	128	0.000611581
250	128	0.000624634
250	128	0.000585687
250	128	0.000650099
250	128	0.000612388
250	128	0.000620197
250	128	0.000608471
250	128	0.000621115
250	128	0.000612804
250	128	0.000622530
250	128	0.000613089
250	128	0.000622913
250	128	0.000621850
250	128	0.000623162
250	128	0.000619736
250	128	0.000603474
250	128	0.000645471
250	128	0.000594486
250	128	0.000627880
250	128	0.000613184
250	128	0.000586325
250	128	0.000587457
250	128	0.000625772
250	128	0.000576870
250	128	0.000612920
250	128	0.000584675
250	128	0.000613068
250	128	0.000582080
250	128	0.000579047
250	128	0.000633003
250	128	0.000605541
250	128	0.000611528
250	128	0.000619085
250	128	0.000611625
250	128	0.000584385
250	128	0.000575624
250	128	0.000588685
250	128	0.000586882
250	256	0.000647177
250	256	0.000654861
250	256	0.000655254
250	256	0.000656291
250	256	0.000647289
250	256	0.000647272
250	256	0.000652475
250	256	0.000662656
250	256	0.000664696
250	256	0.000647333
250	256	0.000647226
250	256	0.000656743
250	256	0.000666050
250	256	0.000647225
250	256	0.000648635
250	256	0.000669189
250	256	0.000675733
250	256	0.000680391
250	256	0.000725306
250	256	0.000730636
250	256	0.000836341
250	256	0.000870133
250	256	0.000834022
250	256	0.000831659
250	256	0.000832738
250	256	0.000834922
250	256	0.000831036
250	256	0.000830679
250	256	0.000828481
250	256	0.000830903
250	256	0.001087059
250	256	0.000984965
250	256	0.000831370
250	256	0.000825836
250	256	0.000831810
250	256	0.000848423
250	256	0.000986573
250	256	0.000887466
250	256	0.000872365
250	256	0.000915601
250	256	0.000915977
250	256	0.000864829
250	256	0.000871700
250	256	0.000869267
250	256	0.000869418
250	256	0.000872226
250	256	0.000864734
250	256	0.000842559
250	256	0.000845031
250	256	0.001075335
250	256	0.001105677
250	256	0.001144498
250	256	0.001142801
250	256	0.001167069
250	256	0.001196254
250	256	0.001116026
250	256	0.001112712
250	256	0.001077472
250	256	0.001111953
250	256	0.001113456
250	256	0.001073980
250	256	0.001126431
250	256	0.001132879
250	256	0.001141802
250	256	0.001074851
250	256	0.001165088
250	256	0.001073245
250	256	0.000867103
250	256	0.000875550
250	256	0.000830500
250	256	0.000837009
250	256	0.000830861
250	256	0.000831481
250	256	0.000913616
250	256	0.000931485
250	256	0.001081687
250	256	0.001101525
250	256	0.001078468
250	256	0.001114610
250	256	0.001118792
250	256	0.001145031
250	256	0.001146030
250	256	0.001081650
250	256	0.001106674
250	256	0.001215710
250	256	0.001127379
250	256	0.001105109
250	256	0.001071996
250	256	0.001117557
250	256	0.001117737
250	256	0.001144404
250	256	0.001085061
250	256	0.001080623
250	256	0.001110673
250	256	0.001144472
250	256	0.001116501
250	256	0.001104548
250	256	0.001118861
250	256	0.001073210
250	256	0.001111694
250	380	0.000941653
250	380	0.000939756
250	380	0.000942170
250	380	0.000941078
250	380	0.000941216
250	380	0.000942119
250	380	0.000936669
250	380	0.000944640
250	380	0.000935806
250	380	0.001014125
250	380	0.001105643
250	380	0.001318304
250	380	0.001606274
250	380	0.001659384
250	380	0.001598532
250	380	0.001602276
250	380	0.001647319
250	380	0.001673614
250	380	0.001662320
250	380	0.001629361
250	380	0.001599661
250	380	0.001667572
250	380	0.001595418
250	380	0.001662627
250	380	0.001614580
250	380	0.001548854
250	380	0.001653983
250	380	0.001619722
250	380	0.001677372
250	380	0.001622870
250	380	0.001547133
250	380	0.001384530
250	380	0.001464281
250	380	0.001361295
250	380	0.001350940
250	380	0.001401452
250	380	0.001466077
250	380	0.001347748
250	380	0.001253952
250	380	0.001254855
250	380	0.001323409
250	380	0.001316623
250	380	0.001097291
250	380	0.001167150
250	380	0.001197171
250	380	0.001194225
250	380	0.001156583
250	380	0.001099818
250	380	0.001012814
250	380	0.001014093
250	380	0.001313768
250	380	0.001255375
250	380	0.001194453
250	380	0.001168802
250	380	0.001159500
250	380	0.001198448
250	380	0.001236171
250	380	0.001254018
250	380	0.001256318
250	380	0.001079459
250	380	0.001053029
250	380	0.001391140
250	380	0.001358693
250	380	0.001315128
250	380	0.001253753
250	380	0.001286927
250	380	0.001316849
250	380	0.001316639
250	380	0.001217281
250	380	0.001141820
250	380	0.001098452
250	380	0.001081482
250	380	0.001068866
250	380	0.000978627
250	380	0.000973152
250	380	0.000979077
250	380	0.000975046
250	380	0.001289646
250	380	0.001314971
250	380	0.001213493
250	380	0.001097901
250	380	0.001099697
250	380	0.001144773
250	380	0.001158917
250	380	0.001145516
250	380	0.001150491
250	380	0.001147913
250	380	0.001153057
250	380	0.001292500
250	380	0.001370624
250	380	0.001321011
250	380	0.001198361
250	380	0.001205869
250	380	0.001281360
250	380	0.001205455
250	380	0.001201990
250	380	0.001650682
250	380	0.001459619
250	380	0.001227858
250	380	0.001196871
250	510	0.001255137
250	510	0.001248560
250	510	0.001247659
250	510	0.001245990
250	510	0.001246535
250	510	0.001243377
250	510	0.001241887
250	510	0.001243158
250	510	0.001245748
250	510	0.001259285
250	510	0.001447666
250	510	0.001620601
250	510	0.001931556
250	510	0.001883738
250	510	0.001936177
250	510	0.001743775
250	510	0.001937566
250	510	0.001581088
250	510	0.001737443
250	510	0.001773334
250	510	0.001806953
250	510	0.002225048
250	510	0.002166565
250	510	0.002153797
250	510	0.002145322
250	510	0.002070477
250	510	0.002060994
250	510	0.002067774
250	510	0.002081767
250	510	0.001906115
250	510	0.001664383
250	510	0.001622531
250	510	0.001667778
250	510	0.001848320
250	510	0.001512745
250	510	0.001653154
250	510	0.001688479
250	510	0.001581312
250	510	0.001520041
250	510	0.001701993
250	510	0.001514327
250	510	0.001457895
250	510	0.001532021
250	510	0.001666487
250	510	0.001663660
250	510	0.001675575
250	510	0.001754800
250	510	0.001837982
250	510	0.001511884
250	510	0.001788536
250	510	0.001671810
250	510	0.001585913
250	510	0.001591589
250	510	0.001737279
250	510	0.001459008
250	510	0.001502121
250	510	0.001580618
250	510	0.001659608
250	510	0.001428145
250	510	0.001450899
250	510	0.001656412
250	510	0.001519068
250	510	0.001714122
250	510	0.001951929
250	510	0.002106449
250	510	0.002066731
250	510	0.002078180
250	510	0.002083088
250	510	0.002152664
250	510	0.001950503
250	510	0.002063118
250	510	0.002069909
250	510	0.002144791
250	510	0.002048031
250	510	0.002051697
250	510	0.002048794
250	510	0.002069538
250	510	0.002148998
250	510	0.002140295
250	510	0.002259934
250	510	0.002136755
250	510	0.002103955
250	510	0.002058581
250	510	0.002058829
250	510	0.002229132
250	510	0.002146030
250	510	0.002146139
250	510	0.002057909
250	510	0.002049564
250	510	0.002095036
250	510	0.002131205
250	510	0.002169346
250	510	0.002061567
250	510	0.002060022
250	510	0.001962469
250	510	0.002049676
250	510	0.002009347
250	510	0.002007711
250	510	0.001993659
250	510	0.001938851
250	600	0.001454728
250	600	0.001456613
250	600	0.001451482
250	600	0.001457066
250	600	0.001453163
250	600	0.001453933
250	600	0.001547181
250	600	0.001668187
250	600	0.002014736
250	600	0.001852259
250	600	0.002039420
250	600	0.001708214
250	600	0.002011640
250	600	0.002419348
250	600	0.002144556
250	600	0.002456489
250	600	0.002495757
250	600	0.002512318
250	600	0.002422600
250	600	0.002455774
250	600	0.002275624
250	600	0.002413357
250	600	0.002148541
250	600	0.002455375
250	600	0.002080398
250	600	0.002346397
250	600	0.002072455
250	600	0.002219369
250	600	0.002073408
250	600	0.002146791
250	600	0.002042854
250	600	0.001627394
250	600	0.001705801
250	600	0.001451869
250	600	0.001574901
250	600	0.001688585
250	600	0.001633312
250	600	0.002145351
250	600	0.001694169
250	600	0.001944246
250	600	0.001867549
250	600	0.001864119
250	600	0.001881483
250	600	0.001783268
250	600	0.001780579
250	600	0.001452257
250	600	0.001594039
250	600	0.001753753
250	600	0.002311404
250	600	0.002409921
250	600	0.002420047
250	600	0.002446379
250	600	0.002170583
250	600	0.001633286
250	600	0.002055219
250	600	0.002381326
250	600	0.002477907
250	600	0.002395787
250	600	0.002458853
250	600	0.002460258
250	600	0.002466654
250	600	0.002486828
250	600	0.002299953
250	600	0.002370813
250	600	0.002499321
250	600	0.002422004
250	600	0.002478795
250	600	0.002398120
250	600	0.002493045
250	600	0.002462915
250	600	0.002483944
250	600	0.002468627
250	600	0.002491752
250	600	0.002399940
250	600	0.002529351
250	600	0.002398128
250	600	0.002483701
250	600	0.002149905
250	600	0.002468040
250	600	0.002080897
250	600	0.001640206
250	600	0.001465209
250	600	0.001458454
250	600	0.001459150
250	600	0.001567416
250	600	0.001502846
250	600	0.001454411
250	600	0.001456590
250	600	0.001455213
250	600	0.001451473
250	600	0.001453565
250	600	0.001455182
250	600	0.001467768
250	600	0.001459420
250	600	0.001459873
250	600	0.001457174
250	600	0.001464115
250	600	0.001451360
250	600	0.001456327
250	600	0.001454294
380	128	0.000532191
380	128	0.000538588
380	128	0.000537136
380	128	0.000538270
380	128	0.000541811
380	128	0.000539524
380	128	0.000532320
380	128	0.000531026
380	128	0.000530949
380	128	0.000530912
380	128	0.000530800
380	128	0.000532487
380	128	0.000537145
380	128	0.000544594
380	128	0.000577362
380	128	0.000583182
380	128	0.000630830
380	128	0.000619284
380	128	0.000624252
380	128	0.000635816
380	128	0.000623262
380	128	0.000646113
380	128	0.000657057
380	128	0.000694356
380	128	0.000675792
380	128	0.000804910
380	128	0.000839312
380	128	0.000794421
380	128	0.000835229
380	128	0.000827615
380	128	0.000837667
380	128	0.000953767
380	128	0.000882324
380	128	0.000929885
380	128	0.000915434
380	128	0.000932935
380	128	0.000934452
380	128	0.000884383
380	128	0.000927088
380	128	0.000938978
380	128	0.000931917
380	128	0.000933576
380	128	0.000882503
380	128	0.000886480
380	128	0.000936365
380	128	0.000962631
380	128	0.000912626
380	128	0.000915770
380	128	0.000900899
380	128	0.000938511
380	128	0.000941730
380	128	0.000922219
380	128	0.000927411
380	128	0.000921969
380	128	0.000944433
380	128	0.000941374
380	128	0.000938086
380	128	0.000931334
380	128	0.000888524
380	128	0.000937129
380	128	0.000988224
380	128	0.000888749
380	128	0.000927503
380	128	0.000937929
380	128	0.000937132
380	128	0.000904257
380	128	0.000881563
380	128	0.000933620
380	128	0.000938165
380	128	0.000934728
380	128	0.000908947
380	128	0.000882849
380	128	0.000938663
380	128	0.000943974
380	128	0.000937028
380	128	0.000945935
380	128	0.000919701
380	128	0.000881730
380	128	0.000952528
380	128	0.000886559
380	128	0.000924003
380	128	0.000911639
380	128	0.000930307
380	128	0.000937226
380	128	0.000951461
380	128	0.000916322
380	128	0.000912882
380	128	0.000929973
380	128	0.000931084
380	128	0.000929258
380	128	0.000883214
380	128	0.000943866
380	128	0.000931667
380	128	0.000900334
380	128	0.000891001
380	128	0.000917190
380	128	0.000882602
380	128	0.000933653
380	128	0.000930360
380	128	0.000918158
380	256	0.000991845
380	256	0.000991151
380	256	0.000989118
380	256	0.000990635
380	256	0.000990494
380	256	0.000992278
380	256	0.000990970
380	256	0.001090805
380	256	0.001221246
380	256	0.001536637
380	256	0.001708507
380	256	0.001674882
380	256	0.001702145
380	256	0.001761583
380	256	0.001699061
380	256	0.001697572
380	256	0.001733674
380	256	0.001676238
380	256	0.001627343
380	256	0.001751414
380	256	0.001735116
380	256	0.001690663
380	256	0.001710283
380	256	0.001680219
380	256	0.001685006
380	256	0.001758376
380	256	0.001634349
380	256	0.001699380
380	256	0.001536650
380	256	0.001413915
380	256	0.001325421
380	256	0.001203267
380	256	0.001396301
380	256	0.001538301
380	256	0.001549166
380	256	0.001157846
380	256	0.001242153
380	256	0.001319899
380	256	0.001345568
380	256	0.001250018
380	256	0.001205648
380	256	0.001204345
380	256	0.001270224
380	256	0.001318071
380	256	0.001267668
380	256	0.001189703
380	256	0.001154535
380	256	0.001537051
380	256	0.001487525
380	256	0.001506243
380	256	0.001553454
380	256	0.001649247
380	256	0.001720208
380	256	0.001689872
380	256	0.001734268
380	256	0.001677160
380	256	0.001627229
380	256	0.001684695
380	256	0.001687965
380	256	0.001676039
380	256	0.001647764
380	256	0.001676205
380	256	0.001725686
380	256	0.001643881
380	256	0.001628351
380	256	0.001707566
380	256	0.001682728
380	256	0.001637506
380	256	0.001629116
380	256	0.001685999
380	256	0.001632583
380	256	0.001635962
380	256	0.001687956
380	256	0.001634254
380	256	0.001633556
380	256	0.001629525
380	256	0.001458293
380	256	0.001586645
380	256	0.001597123
380	256	0.001564009
380	256	0.001639303
380	256	0.001689200
380	256	0.001464923
380	256	0.001271577
380	256	0.001076016
380	256	0.001110153
380	256	0.001110122
380	256	0.001536450
380	256	0.001263506
380	256	0.001401174
380	256	0.001648596
380	256	0.001538475
380	256	0.001686052
380	256	0.001702231
380	256	0.001627809
380	256	0.001683415
380	256	0.001600754
380	256	0.001643071
380	256	0.001598441
380	256	0.001628677
380	380	0.001433797
380	380	0.001429437
380	380	0.001430847
380	380	0.001432882
380	380	0.001491016
380	380	0.001556625
380	380	0.001898364
380	380	0.001740119
380	380	0.001916544
380	380	0.002394715
380	380	0.002048457
380	380	0.001675283
380	380	0.001774502
380	380	0.002187113
380	380	0.002105392
380	380	0.002085913
380	380	0.002026306
380	380	0.002066701
380	380	0.001841542
380	380	0.001543737
380	380	0.001746140
380	380	0.001532619
380	380	0.001428820
380	380	0.001428180
380	380	0.001427649
380	380	0.001440886
380	380	0.001599912
380	380	0.001443441
380	380	0.001458982
380	380	0.001483918
380	380	0.001599356
380	380	0.001942237
380	380	0.002212755
380	380	0.002053735
380	380	0.002283058
380	380	0.002486554
380	380	0.002221865
380	380	0.002426033
380	380	0.002259901
380	380	0.002365903
380	380	0.002364656
380	380	0.002351611
380	380	0.002154588
380	380	0.002242226
380	380	0.001933213
380	380	0.001594609
380	380	0.001628426
380	380	0.001738671
380	380	0.001743065
380	380	0.002369007
380	380	0.001821493
380	380	0.002230550
380	380	0.001672446
380	380	0.002071194
380	380	0.002359085
380	380	0.002403029
380	380	0.002353880
380	380	0.002413010
380	380	0.002495519
380	380	0.002414503
380	380	0.002466373
380	380	0.002380369
380	380	0.002259522
380	380	0.002120790
380	380	0.002005693
380	380	0.002397392
380	380	0.002357697
380	380	0.002353893
380	380	0.002431322
380	380	0.002359954
380	380	0.002461418
380	380	0.002375297
380	380	0.002393001
380	380	0.002115254
380	380	0.001617571
380	380	0.001879143
380	380	0.001834912
380	380	0.001802769
380	380	0.001836022
380	380	0.001820025
380	380	0.001603044
380	380	0.001909259
380	380	0.001742093
380	380	0.001646760
380	380	0.001671372
380	380	0.001761919
380	380	0.001545306
380	380	0.001680017
380	380	0.001700668
380	380	0.001603678
380	380	0.002119236
380	380	0.001735965
380	380	0.001564491
380	380	0.001497878
380	380	0.001826615
380	380	0.001664900
380	380	0.001945199
380	380	0.002180900
380	380	0.001955218
380	380	0.002263275
380	510	0.001898292
380	510	0.001890866
380	510	0.001894877
380	510	0.001890167
380	510	0.001910442
380	510	0.001890190
380	510	0.001893507
380	510	0.001899443
380	510	0.001890096
380	510	0.001912139
380	510	0.001988203
380	510	0.002629017
380	510	0.003202617
380	510	0.003113462
380	510	0.003209399
380	510	0.002938498
380	510	0.003167319
380	510	0.002517286
380	510	0.003112842
380	510	0.002705549
380	510	0.003117987
380	510	0.002438328
380	510	0.001907208
380	510	0.002119692
380	510	0.002683604
380	510	0.002479495
380	510	0.002922001
380	510	0.003169132
380	510	0.002890259
380	510	0.003315919
380	510	0.003179317
380	510	0.002958986
380	510	0.003004654
380	510	0.003027707
380	510	0.003120391
380	510	0.003214449
380	510	0.002992086
380	510	0.002205676
380	510	0.002846403
380	510	0.002330822
380	510	0.002466229
380	510	0.002299329
380	510	0.002327391
380	510	0.002196417
380	510	0.001886989
380	510	0.001903258
380	510	0.001891299
380	510	0.001885971
380	510	0.002419274
380	510	0.001913800
380	510	0.002352916
380	510	0.003055392
380	510	0.002765333
380	510	0.003145274
380	510	0.002697803
380	510	0.002844759
380	510	0.003162335
380	510	0.003113844
380	510	0.003154651
380	510	0.003157509
380	510	0.003204562
380	510	0.003050376
380	510	0.003138207
380	510	0.003218111
380	510	0.002832346
380	510	0.002298170
380	510	0.002357929
380	510	0.002682485
380	510	0.001885815
380	510	0.001984526
380	510	0.002125404
380	510	0.002136137
380	510	0.002447018
380	510	0.002911395
380	510	0.002438164
380	510	0.002996729
380	510	0.002479480
380	510	0.002596396
380	510	0.002214868
380	510	0.001935223
380	510	0.001888151
380	510	0.001913122
380	510	0.002128069
380	510	0.001901567
380	510	0.001890176
380	510	0.001892863
380	510	0.001890792
380	510	0.001906863
380	510	0.001891721
380	510	0.001891033
380	510	0.001893943
380	510	0.001889821
380	510	0.001895198
380	510	0.001902964
380	510	0.001891953
380	510	0.001901017
380	510	0.001884653
380	510	0.002528982
380	510	0.001883404
380	510	0.002230231
380	600	0.002210299
380	600	0.002215894
380	600	0.002210722
380	600	0.002216169
380	600	0.002208703
380	600	0.002213398
380	600	0.002211120
380	600	0.002206822
380	600	0.002208206
380	600	0.002658109
380	600	0.002229874
380	600	0.002565895
380	600	0.003155947
380	600	0.002777180
380	600	0.003166462
380	600	0.002536765
380	600	0.002840581
380	600	0.002580795
380	600	0.002738535
380	600	0.002476557
380	600	0.002666091
380	600	0.003343995
380	600	0.003035796
380	600	0.003365832
380	600	0.002550137
380	600	0.002231380
380	600	0.002290565
380	600	0.002219757
380	600	0.002291053
380	600	0.002964992
380	600	0.002624339
380	600	0.002774595
380	600	0.002383747
380	600	0.002821263
380	600	0.002206472
380	600	0.002767201
380	600	0.002222147
380	600	0.002533558
380	600	0.002239163
380	600	0.002425051
380	600	0.002216418
380	600	0.002447607
380	600	0.002891224
380	600	0.002676281
380	600	0.002863981
380	600	0.002295434
380	600	0.002671517
380	600	0.002319391
380	600	0.002605920
380	600	0.002430004
380	600	0.002511763
380	600	0.002383159
380	600	0.002443513
380	600	0.002318590
380	600	0.002254853
380	600	0.002254571
380	600	0.002253045
380	600	0.002255509
380	600	0.002258222
380	600	0.002256601
380	600	0.002206420
380	600	0.002235175
380	600	0.002283876
380	600	0.002214216
380	600	0.002219392
380	600	0.002223142
380	600	0.002210808
380	600	0.002208485
380	600	0.002210138
380	600	0.002208775
380	600	0.002474744
380	600	0.002395131
380	600	0.002640529
380	600	0.002442289
380	600	0.002585352
380	600	0.002463103
380	600	0.002611469
380	600	0.002340910
380	600	0.002213117
380	600	0.002210140
380	600	0.002207661
380	600	0.002209171
380	600	0.002209249
380	600	0.002227071
380	600	0.002209963
380	600	0.002214479
380	600	0.002206260
380	600	0.002207307
380	600	0.002221507
380	600	0.002268647
380	600	0.002237956
380	600	0.002266908
380	600	0.002239821
380	600	0.002217188
380	600	0.002209250
380	600	0.002208546
380	600	0.002219510
380	600	0.002207225
380	600	0.002223188
380	600	0.002209407
510	128	0.000714248
510	128	0.000720238
510	128	0.000720067
510	128	0.000714089
510	128	0.000721550
510	128	0.000719795
510	128	0.000719815
510	128	0.000712450
510	128	0.000714295
510	128	0.000723728
510	128	0.000714376
510	128	0.000718619
510	128	0.000717808
510	128	0.000719023
510	128	0.000721926
510	128	0.000864165
510	128	0.000876382
510	128	0.000872477
510	128	0.000881754
510	128	0.001071706
510	128	0.000994480
510	128	0.000960007
510	128	0.000957116
510	128	0.000953881
510	128	0.001222021
510	128	0.001164533
510	128	0.001147634
510	128	0.001006590
510	128	0.001006690
510	128	0.001238272
510	128	0.001197270
510	128	0.001184940
510	128	0.001195243
510	128	0.001218548
510	128	0.001192770
510	128	0.001198068
510	128	0.001069794
510	128	0.001058776
510	128	0.001123094
510	128	0.001216564
510	128	0.001223303
510	128	0.001184505
510	128	0.001114141
510	128	0.001140419
510	128	0.001188201
510	128	0.001240700
510	128	0.001147493
510	128	0.001122267
510	128	0.001120314
510	128	0.001221655
510	128	0.001256462
510	128	0.001194286
510	128	0.001080397
510	128	0.001066218
510	128	0.001119632
510	128	0.001167167
510	128	0.001186808
510	128	0.001183822
510	128	0.001214407
510	128	0.001222153
510	128	0.001188498
510	128	0.001197087
510	128	0.001181876
510	128	0.001206954
510	128	0.001243468
510	128	0.001243097
510	128	0.001258158
510	128	0.001255796
510	128	0.001260633
510	128	0.001223065
510	128	0.001226502
510	128	0.001238080
510	128	0.001247023
510	128	0.001243803
510	128	0.001242791
510	128	0.001252425
510	128	0.001252214
510	128	0.001273063
510	128	0.001273529
510	128	0.001244216
510	128	0.001227390
510	128	0.001183112
510	128	0.001181389
510	128	0.001228184
510	128	0.001172951
510	128	0.001283034
510	128	0.001300039
510	128	0.001193092
510	128	0.001194001
510	128	0.001180827
510	128	0.001176339
510	128	0.001161192
510	128	0.001180770
510	128	0.001178277
510	128	0.001250918
510	128	0.001233682
510	128	0.001234735
510	128	0.001217296
510	128	0.001239935
510	128	0.001262979
510	256	0.001332157
510	256	0.001329175
510	256	0.001330530
510	256	0.001337507
510	256	0.001335963
510	256	0.001334680
510	256	0.001389212
510	256	0.001622653
510	256	0.002082783
510	256	0.002294308
510	256	0.002253621
510	256	0.002249805
510	256	0.002245835
510	256	0.002196448
510	256	0.002227371
510	256	0.002081371
510	256	0.002256597
510	256	0.002192041
510	256	0.002255593
510	256	0.002246382
510	256	0.002359227
510	256	0.002279566
510	256	0.002246427
510	256	0.002301039
510	256	0.002264065
510	256	0.002241936
510	256	0.002189773
510	256	0.002300360
510	256	0.002266123
510	256	0.002254305
510	256	0.002277425
510	256	0.002299840
510	256	0.002252370
510	256	0.002328656
510	256	0.002201284
510	256	0.002255868
510	256	0.002065511
510	256	0.002249854
510	256	0.002069485
510	256	0.002349009
510	256	0.002084088
510	256	0.002280721
510	256	0.002193702
510	256	0.002240553
510	256	0.002198720
510	256	0.002073415
510	256	0.001828338
510	256	0.001784541
510	256	0.001786790
510	256	0.001964677
510	256	0.002205304
510	256	0.002074562
510	256	0.002248644
510	256	0.002240072
510	256	0.002147432
510	256	0.001974730
510	256	0.002045973
510	256	0.002010116
510	256	0.002093913
510	256	0.002196781
510	256	0.002301000
510	256	0.002185499
510	256	0.002261295
510	256	0.002187247
510	256	0.002208376
510	256	0.002281687
510	256	0.002184528
510	256	0.002168405
510	256	0.002256893
510	256	0.002303580
510	256	0.002193474
510	256	0.002233669
510	256	0.002313955
510	256	0.002166890
510	256	0.002188745
510	256	0.002188114
510	256	0.002187011
510	256	0.002223839
510	256	0.002233885
510	256	0.002189952
510	256	0.002285085
510	256	0.002272809
510	256	0.002244455
510	256	0.002300056
510	256	0.002284112
510	256	0.002224204
510	256	0.002243763
510	256	0.002305212
510	256	0.002277896
510	256	0.002254435
510	256	0.002190580
510	256	0.002190855
510	256	0.002254272
510	256	0.002256104
510	256	0.002258987
510	256	0.002304952
510	256	0.002245844
510	256	0.002274399
510	256	0.002198201
510	256	0.002002104
510	380	0.001923347
510	380	0.001918629
510	380	0.001920703
510	380	0.001924124
510	380	0.001930822
510	380	0.001916786
510	380	0.001924891
510	380	0.001922067
510	380	0.001923639
510	380	0.001917261
510	380	0.001917654
510	380	0.001927749
510	380	0.001919553
510	380	0.001922580
510	380	0.001915236
510	380	0.001918460
510	380	0.001920712
510	380	0.001926895
510	380	0.001914751
510	380	0.001923746
510	380	0.001916920
510	380	0.001928764
510	380	0.001925586
510	380	0.001919975
510	380	0.001932121
510	380	0.001925900
510	380	0.001915571
510	380	0.001929301
510	380	0.001920604
510	380	0.001918270
510	380	0.001932941
510	380	0.001916451
510	380	0.001917574
510	380	0.001927697
510	380	0.001919119
510	380	0.001931063
510	380	0.001928256
510	380	0.001917888
510	380	0.001928444
510	380	0.001923924
510	380	0.001918204
510	380	0.001915534
510	380	0.001919154
510	380	0.001914450
510	380	0.001932535
510	380	0.001919548
510	380	0.001917109
510	380	0.001930023
510	380	0.001916715
510	380	0.001923779
510	380	0.001921043
510	380	0.001915384
510	380	0.001919506
510	380	0.001922625
510	380	0.001917386
510	380	0.001916415
510	380	0.002068639
510	380	0.002381958
510	380	0.002945052
510	380	0.002333025
510	380	0.002942769
510	380	0.002535490
510	380	0.002702143
510	380	0.002498817
510	380	0.002630530
510	380	0.002298234
510	380	0.002439810
510	380	0.002066365
510	380	0.002227576
510	380	0.002000195
510	380	0.002146323
510	380	0.002661580
510	380	0.002360474
510	380	0.002547421
510	380	0.002365543
510	380	0.002822571
510	380	0.003197305
510	380	0.003225385
510	380	0.003152562
510	380	0.003242504
510	380	0.003160332
510	380	0.003261878
510	380	0.003157539
510	380	0.003183918
510	380	0.003258169
510	380	0.003194250
510	380	0.003256649
510	380	0.003213986
510	380	0.003152880
510	380	0.003180737
510	380	0.003355081
510	380	0.002860471
510	380	0.003214130
510	380	0.003144713
510	380	0.003114080
510	380	0.003227168
510	380	0.002993400
510	380	0.002258357
510	380	0.001917397
510	380	0.002066444
510	510	0.002541087
510	510	0.002532170
510	510	0.002537023
510	510	0.003006257
510	510	0.003983218
510	510	0.003214725
510	510	0.002572199
510	510	0.002742959
510	510	0.002532930
510	510	0.002964514
510	510	0.003146447
510	510	0.002963809
510	510	0.003231995
510	510	0.002673930
510	510	0.002732251
510	510	0.002536929
510	510	0.002633393
510	510	0.002581038
510	510	0.002728545
510	510	0.003235081
510	510	0.002871729
510	510	0.002956184
510	510	0.002548965
510	510	0.002546989
510	510	0.002540302
510	510	0.002865257
510	510	0.004036670
510	510	0.004228758
510	510	0.004182397
510	510	0.004156233
510	510	0.003677033
510	510	0.004204165
510	510	0.004250945
510	510	0.003306272
510	510	0.002727026
510	510	0.002869385
510	510	0.002562380
510	510	0.003119507
510	510	0.002566234
510	510	0.002771548
510	510	0.002850125
510	510	0.002547825
510	510	0.002534752
510	510	0.002535394
510	510	0.002536814
510	510	0.002538193
510	510	0.002538843
510	510	0.002559730
510	510	0.002599219
510	510	0.002992042
510	510	0.002707227
510	510	0.002965751
510	510	0.002548126
510	510	0.002847947
510	510	0.002611287
510	510	0.002739141
510	510	0.002593224
510	510	0.002784742
510	510	0.002536608
510	510	0.002734847
510	510	0.003427308
510	510	0.003045133
510	510	0.003178157
510	510	0.002595603
510	510	0.002734711
510	510	0.002585453
510	510	0.003098105
510	510	0.003911707
510	510	0.003226989
510	510	0.004071148
510	510	0.004238439
510	510	0.003671091
510	510	0.002683899
510	510	0.003209222
510	510	0.002765645
510	510	0.002912548
510	510	0.002551514
510	510	0.003330122
510	510	0.004033931
510	510	0.003060474
510	510	0.003555420
510	510	0.002899131
510	510	0.003467060
510	510	0.002894386
510	510	0.003123041
510	510	0.002540950
510	510	0.002980741
510	510	0.002595142
510	510	0.002798705
510	510	0.002603184
510	510	0.003134983
510	510	0.002560345
510	510	0.002691306
510	510	0.002536016
510	510	0.002847464
510	510	0.003663343
510	510	0.002844953
510	510	0.003297826
510	510	0.002712391
510	510	0.003687797
510	600	0.002962879
510	600	0.002964282
510	600	0.002982997
510	600	0.002966015
510	600	0.002968720
510	600	0.002977311
510	600	0.002962510
510	600	0.002970894
510	600	0.002971959
510	600	0.002971203
510	600	0.002982457
510	600	0.002977618
510	600	0.002965551
510	600	0.002963656
510	600	0.003225201
510	600	0.004081873
510	600	0.003381252
510	600	0.004093674
510	600	0.004623699
510	600	0.003362872
510	600	0.002999026
510	600	0.003155110
510	600	0.002975542
510	600	0.003047801
510	600	0.002966066
510	600	0.003412181
510	600	0.004540892
510	600	0.004792813
510	600	0.004317500
510	600	0.004801057
510	600	0.003916779
510	600	0.004525832
510	600	0.003606312
510	600	0.004649171
510	600	0.004786483
510	600	0.003894451
510	600	0.004572707
510	600	0.003239159
510	600	0.002962554
510	600	0.002985039
510	600	0.002963259
510	600	0.002969370
510	600	0.002964148
510	600	0.003048932
510	600	0.002965671
510	600	0.002973680
510	600	0.002970192
510	600	0.003137186
510	600	0.002970554
510	600	0.002976224
510	600	0.002970926
510	600	0.002971364
510	600	0.002967276
510	600	0.002967580
510	600	0.003455465
510	600	0.002970269
510	600	0.002968000
510	600	0.002987782
510	600	0.002971732
510	600	0.002966752
510	600	0.002989816
510	600	0.002977442
510	600	0.002974470
510	600	0.002965563
510	600	0.002966046
510	600	0.002982982
510	600	0.002986228
510	600	0.002973399
510	600	0.002966293
510	600	0.003049387
510	600	0.002978443
510	600	0.003035785
510	600	0.002966492
510	600	0.003051663
510	600	0.002969093
510	600	0.002988432
510	600	0.002966764
510	600	0.003054237
510	600	0.002978603
510	600	0.003049099
510	600	0.002970158
510	600	0.002979556
510	600	0.002966842
510	600	0.002969291
510	600	0.002965321
510	600	0.003357978
510	600	0.003481404
510	600	0.004648746
510	600	0.004738663
510	600	0.004370259
510	600	0.004873056
510	600	0.003990487
510	600	0.004590236
510	600	0.003729835
510	600	0.004248573
510	600	0.003242115
510	600	0.003843877
510	600	0.003004538
510	600	0.003469427
510	600	0.003061262
600	128	0.000843491
600	128	0.000842617
600	128	0.000841804
600	128	0.000839888
600	128	0.000846802
600	128	0.000840117
600	128	0.000841367
600	128	0.000852590
600	128	0.000845686
600	128	0.000946012
600	128	0.001055091
600	128	0.001122302
600	128	0.001126111
600	128	0.001141755
600	128	0.001502599
600	128	0.001395413
600	128	0.001436716
600	128	0.001476219
600	128	0.001480869
600	128	0.001395348
600	128	0.001448042
600	128	0.001500578
600	128	0.001388344
600	128	0.001481821
600	128	0.001489478
600	128	0.001516043
600	128	0.001376598
600	128	0.001477388
600	128	0.001395223
600	128	0.001456924
600	128	0.001480813
600	128	0.001454015
600	128	0.001445595
600	128	0.001482212
600	128	0.001437559
600	128	0.001459215
600	128	0.001445064
600	128	0.001386818
600	128	0.001475481
600	128	0.001435367
600	128	0.001391000
600	128	0.001439494
600	128	0.001436248
600	128	0.001441518
600	128	0.001440267
600	128	0.001478618
600	128	0.001449129
600	128	0.001454644
600	128	0.001425067
600	128	0.001395757
600	128	0.001389407
600	128	0.001435093
600	128	0.001388570
600	128	0.001482185
600	128	0.001389073
600	128	0.001442612
600	128	0.001396229
600	128	0.001387303
600	128	0.001449503
600	128	0.001460548
600	128	0.001389271
600	128	0.001389527
600	128	0.001450640
600	128	0.001388717
600	128	0.001440069
600	128	0.001409519
600	128	0.001448770
600	128	0.001452058
600	128	0.001459365
600	128	0.001482984
600	128	0.001404332
600	128	0.001455380
600	128	0.001488924
600	128	0.001455644
600	128	0.001388875
600	128	0.001482422
600	128	0.001441552
600	128	0.001385817
600	128	0.001501277
600	128	0.001396445
600	128	0.001389258
600	128	0.001460595
600	128	0.001385314
600	128	0.001477289
600	128	0.001387828
600	128	0.001443904
600	128	0.001315807
600	128	0.001451952
600	128	0.001386998
600	128	0.001532779
600	128	0.001404115
600	128	0.001452207
600	128	0.001451428
600	128	0.001395196
600	128	0.001387236
600	128	0.001452128
600	128	0.001395717
600	128	0.001456602
600	128	0.001439751
600	128	0.001477166
600	256	0.001570678
600	256	0.001557404
600	256	0.001559550
600	256	0.001578971
600	256	0.001571814
600	256	0.001570005
600	256	0.001565705
600	256	0.001569494
600	256	0.001567539
600	256	0.001572298
600	256	0.001562948
600	256	0.001762321
600	256	0.002033894
600	256	0.001998936
600	256	0.001997225
600	256	0.001825597
600	256	0.001638260
600	256	0.001678502
600	256	0.001588582
600	256	0.001638573
600	256	0.001679296
600	256	0.001635658
600	256	0.001560647
600	256	0.001602548
600	256	0.001632151
600	256	0.001628537
600	256	0.001747188
600	256	0.001610877
600	256	0.001575771
600	256	0.001684693
600	256	0.001836518
600	256	0.001821069
600	256	0.001729083
600	256	0.001611627
600	256	0.001560592
600	256	0.001565620
600	256	0.001562927
600	256	0.001561824
600	256	0.001573302
600	256	0.001562257
600	256	0.001559545
600	256	0.001559690
600	256	0.001559519
600	256	0.001569281
600	256	0.001563973
600	256	0.001595706
600	256	0.001558803
600	256	0.001592704
600	256	0.001563461
600	256	0.001571445
600	256	0.001563430
600	256	0.001584935
600	256	0.001684266
600	256	0.001562499
600	256	0.001604214
600	256	0.001612805
600	256	0.001628620
600	256	0.002042429
600	256	0.001743816
600	256	0.001818796
600	256	0.001869858
600	256	0.001916122
600	256	0.002278232
600	256	0.002197315
600	256	0.002342134
600	256	0.002684909
600	256	0.002456319
600	256	0.002541174
600	256	0.002307188
600	256	0.002655059
600	256	0.002359280
600	256	0.002509304
600	256	0.002619718
600	256	0.002453509
600	256	0.001896665
600	256	0.002545609
600	256	0.001821332
600	256	0.002435408
600	256	0.001744318
600	256	0.002232170
600	256	0.002582436
600	256	0.002098705
600	256	0.002623341
600	256	0.002081679
600	256	0.002395784
600	256	0.002119563
600	256	0.002369493
600	256	0.002634989
600	256	0.002607435
600	256	0.002594094
600	256	0.002586440
600	256	0.002566296
600	256	0.002619826
600	256	0.002580900
600	256	0.002582191
600	256	0.002587645
600	256	0.002632727
600	256	0.002469776
600	256	0.002635840
600	256	0.002670397
600	380	0.002266596
600	380	0.002257961
600	380	0.002260588
600	380	0.002261723
600	380	0.002252180
600	380	0.002255662
600	380	0.002260505
600	380	0.002311023
600	380	0.002474996
600	380	0.002864930
600	380	0.002255546
600	380	0.002581744
600	380	0.002283115
600	380	0.002401967
600	380	0.002286877
600	380	0.002428836
600	380	0.002256655
600	380	0.002260039
600	380	0.002259119
600	380	0.002253807
600	380	0.002255582
600	380	0.002281649
600	380	0.002253306
600	380	0.002255355
600	380	0.002263619
600	380	0.002269310
600	380	0.002254071
600	380	0.002253665
600	380	0.002531619
600	380	0.002264211
600	380	0.002255481
600	380	0.002253476
600	380	0.002263828
600	380	0.002261291
600	380	0.002265048
600	380	0.002255940
600	380	0.002264940
600	380	0.002263128
600	380	0.002257134
600	380	0.002260331
600	380	0.002260236
600	380	0.002255845
600	380	0.002261782
600	380	0.002254237
600	380	0.002255683
600	380	0.002255008
600	380	0.002253909
600	380	0.002407623
600	380	0.003167765
600	380	0.003704513
600	380	0.003717135
600	380	0.003686199
600	380	0.003376545
600	380	0.003515942
600	380	0.003220253
600	380	0.003038567
600	380	0.003242116
600	380	0.003725305
600	380	0.003112769
600	380	0.003586128
600	380	0.002892115
600	380	0.003157193
600	380	0.002603710
600	380	0.003133916
600	380	0.002692286
600	380	0.003204670
600	380	0.003688115
600	380	0.003200127
600	380	0.003616866
600	380	0.003181983
600	380	0.003626725
600	380	0.002988616
600	380	0.003434929
600	380	0.002692034
600	380	0.003049618
600	380	0.002712211
600	380	0.003083686
600	380	0.002426249
600	380	0.002859356
600	380	0.002579356
600	380	0.002735118
600	380	0.002300180
600	380	0.002610268
600	380	0.003645420
600	380	0.003721631
600	380	0.003415484
600	380	0.003721024
600	380	0.003263263
600	380	0.003766854
600	380	0.003134828
600	380	0.003511386
600	380	0.002860986
600	380	0.003360008
600	380	0.002455192
600	380	0.002270447
600	380	0.002395209
600	380	0.002283917
600	380	0.002486717
600	380	0.002264084
600	380	0.002515896
600	510	0.002983211
600	510	0.002986240
600	510	0.002990188
600	510	0.002991406
600	510	0.002988096
600	510	0.003005706
600	510	0.002982844
600	510	0.002985582
600	510	0.002985161
600	510	0.002986284
600	510	0.002994868
600	510	0.003226445
600	510	0.003853100
600	510	0.003210676
600	510	0.004301171
600	510	0.004779766
600	510	0.004086724
600	510	0.003985848
600	510	0.003688400
600	510	0.003720566
600	510	0.003401877
600	510	0.003402595
600	510	0.003133133
600	510	0.002980571
600	510	0.003175606
600	510	0.003795564
600	510	0.003081831
600	510	0.003485823
600	510	0.003066522
600	510	0.003448686
600	510	0.002982726
600	510	0.003262991
600	510	0.002993119
600	510	0.003126774
600	510	0.002985318
600	510	0.003515503
600	510	0.004385470
600	510	0.003372346
600	510	0.003983287
600	510	0.003240860
600	510	0.003656288
600	510	0.003080372
600	510	0.003486398
600	510	0.003052487
600	510	0.003182284
600	510	0.002985136
600	510	0.003057065
600	510	0.002995852
600	510	0.003253110
600	510	0.002982440
600	510	0.003516320
600	510	0.004402830
600	510	0.003416178
600	510	0.003989226
600	510	0.003248947
600	510	0.003826784
600	510	0.003097596
600	510	0.003565850
600	510	0.003024406
600	510	0.003270823
600	510	0.002987868
600	510	0.003164236
600	510	0.003010572
600	510	0.003043541
600	510	0.002984146
600	510	0.003283575
600	510	0.002987291
600	510	0.003063971
600	510	0.003017608
600	510	0.003263762
600	510	0.002985449
600	510	0.003064948
600	510	0.002995121
600	510	0.002981646
600	510	0.002994206
600	510	0.002984983
600	510	0.002990527
600	510	0.002993293
600	510	0.002985710
600	510	0.002989426
600	510	0.002992662
600	510	0.002986462
600	510	0.002987266
600	510	0.002989650
600	510	0.002987677
600	510	0.002992639
600	510	0.002998091
600	510	0.002985803
600	510	0.002994848
600	510	0.002983458
600	510	0.002986380
600	510	0.002979938
600	510	0.003266861
600	510	0.002982788
600	510	0.002988965
600	510	0.002978231
600	510	0.003191629
600	510	0.002992190
600	510	0.003157821
600	510	0.003749469
600	600	0.003491331
600	600	0.003511399
600	600	0.003487490
600	600	0.003486934
600	600	0.003492214
600	600	0.003489589
600	600	0.003495716
600	600	0.003501541
600	600	0.003513254
600	600	0.003496174
600	600	0.003667150
600	600	0.005195213
600	600	0.004583409
600	600	0.005180940
600	600	0.004185338
600	600	0.004178771
600	600	0.003487566
600	600	0.004729936
600	600	0.005499340
600	600	0.004327408
600	600	0.005654754
600	600	0.005722815
600	600	0.005703034
600	600	0.005311509
600	600	0.004688191
600	600	0.004560950
600	600	0.004148918
600	600	0.004373038
600	600	0.003482321
600	600	0.003493657
600	600	0.003947520
600	600	0.005135320
600	600	0.004269620
600	600	0.004868589
600	600	0.003911738
600	600	0.004611099
600	600	0.003585202
600	600	0.004138658
600	600	0.003534739
600	600	0.003863327
600	600	0.003527072
600	600	0.003559385
600	600	0.003487302
600	600	0.003485566
600	600	0.003492979
600	600	0.003927970
600	600	0.003489105
600	600	0.003939283
600	600	0.003504174
600	600	0.003801939
600	600	0.003484623
600	600	0.003798887
600	600	0.003486667
600	600	0.003629490
600	600	0.003495728
600	600	0.003496880
600	600	0.003491897
600	600	0.003494628
600	600	0.003502341
600	600	0.003500440
600	600	0.003483800
600	600	0.003497084
600	600	0.003506040
600	600	0.003512838
600	600	0.003628592
600	600	0.003526202
600	600	0.003537364
600	600	0.003498093
600	600	0.003572970
600	600	0.003487775
600	600	0.003655544
600	600	0.003488793
600	600	0.004124772
600	600	0.004371609
600	600	0.003960432
600	600	0.004633427
600	600	0.003515517
600	600	0.003484386
600	600	0.003504026
600	600	0.003493787
600	600	0.003499291
600	600	0.003484590
600	600	0.003499665
600	600	0.003493927
600	600	0.003497323
600	600	0.003487934
600	600	0.003498777
600	600	0.003479010
600	600	0.003630094
600	600	0.004244505
600	600	0.003634856
600	600	0.004065201
600	600	0.003574605
600	600	0.003778106
600	600	0.003529422
600	600	0.003520357
600	600	0.003529119
600	600	0.003721749
600	600	0.003538557
600	600	0.003672122
