120	128	0.000021000
120	128	0.000021059
120	128	0.000023063
120	128	0.000021015
120	128	0.000027395
120	128	0.000020969
120	128	0.000021058
120	128	0.000021037
120	128	0.000021009
120	128	0.000023091
120	128	0.000021053
120	128	0.000021039
120	128	0.000023022
120	128	0.000021040
120	128	0.000021070
120	128	0.000021103
120	128	0.000023216
120	128	0.000021017
120	128	0.000021038
120	128	0.000020979
120	128	0.000021019
120	128	0.000022985
120	128	0.000021006
120	128	0.000020933
120	128	0.000021070
120	128	0.000020990
120	128	0.000023016
120	128	0.000021008
120	128	0.000020978
120	128	0.000021086
120	128	0.000021256
120	128	0.000021065
120	128	0.000021098
120	128	0.000020968
120	128	0.000021141
120	128	0.000021006
120	128	0.000023123
120	128	0.000021057
120	128	0.000023025
120	128	0.000021080
120	128	0.000021050
120	128	0.000020991
120	128	0.000021087
120	128	0.000020896
120	128	0.000020925
120	128	0.000021039
120	128	0.000020955
120	128	0.000020925
120	128	0.000023225
120	128	0.000021045
120	128	0.000021017
120	128	0.000021094
120	128	0.000021809
120	128	0.000021084
120	128	0.000020944
120	128	0.000021048
120	128	0.000021138
120	128	0.000020962
120	128	0.000021052
120	128	0.000021221
120	128	0.000018936
120	128	0.000021121
120	128	0.000020992
120	128	0.000020973
120	128	0.000025873
120	128	0.000023016
120	128	0.000021062
120	128	0.000021050
120	128	0.000020906
120	128	0.000021034
120	128	0.000020924
120	128	0.000021109
120	128	0.000020846
120	128	0.000020925
120	128	0.000020990
120	128	0.000020997
120	128	0.000021034
120	128	0.000021072
120	128	0.000021108
120	128	0.000021106
120	128	0.000021198
120	128	0.000021104
120	128	0.000020975
120	128	0.000021100
120	128	0.000020973
120	128	0.000021166
120	128	0.000021150
120	128	0.000020919
120	128	0.000020983
120	128	0.000021117
120	128	0.000020954
120	128	0.000021021
120	128	0.000021044
120	128	0.000021154
120	128	0.000021072
120	128	0.000021042
120	128	0.000020949
120	128	0.000021022
120	128	0.000020995
120	128	0.000021062
120	256	0.000046525
120	256	0.000042330
120	256	0.000042338
120	256	0.000042331
120	256	0.000042415
120	256	0.000046619
120	256	0.000042295
120	256	0.000042346
120	256	0.000042352
120	256	0.000042378
120	256	0.000042311
120	256	0.000042382
120	256	0.000042312
120	256	0.000049088
120	256	0.000042532
120	256	0.000042340
120	256	0.000042376
120	256	0.000042700
120	256	0.000042483
120	256	0.000042359
120	256	0.000042372
120	256	0.000046759
120	256	0.000042421
120	256	0.000042432
120	256	0.000042308
120	256	0.000042371
120	256	0.000042395
120	256	0.000080874
120	256	0.000042422
120	256	0.000048437
120	256	0.000046559
120	256	0.000046808
120	256	0.000042282
120	256	0.000042164
120	256	0.000042474
120	256	0.000042330
120	256	0.000042305
120	256	0.000042309
120	256	0.000042454
120	256	0.000042518
120	256	0.000042295
120	256	0.000042485
120	256	0.000042466
120	256	0.000042307
120	256	0.000047379
120	256	0.000047468
120	256	0.000047336
120	256	0.000047533
120	256	0.000050092
120	256	0.000047411
120	256	0.000062642
120	256	0.000062465
120	256	0.000062432
120	256	0.000062300
120	256	0.000062383
120	256	0.000062476
120	256	0.000062431
120	256	0.000070647
120	256	0.000062367
120	256	0.000062414
120	256	0.000062568
120	256	0.000074234
120	256	0.000074081
120	256	0.000081565
120	256	0.000074018
120	256	0.000074037
120	256	0.000074162
120	256	0.000074103
120	256	0.000065911
120	256	0.000065855
120	256	0.000065877
120	256	0.000065935
120	256	0.000074067
120	256	0.000073750
120	256	0.000074217
120	256	0.000073121
120	256	0.000069692
120	256	0.000074070
120	256	0.000074102
120	256	0.000074083
120	256	0.000081458
120	256	0.000074051
120	256	0.000074152
120	256	0.000074095
120	256	0.000081491
120	256	0.000074102
120	256	0.000081490
120	256	0.000081465
120	256	0.000074068
120	256	0.000069789
120	256	0.000084501
120	256	0.000074064
120	256	0.000074180
120	256	0.000074109
120	256	0.000074015
120	256	0.000074021
120	256	0.000074078
120	256	0.000074111
120	256	0.000081570
120	256	0.000074132
120	380	0.000061574
120	380	0.000067913
120	380	0.000061590
120	380	0.000061588
120	380	0.000061662
120	380	0.000061609
120	380	0.000067921
120	380	0.000061526
120	380	0.000061601
120	380	0.000048461
120	380	0.000061581
120	380	0.000061603
120	380	0.000066254
120	380	0.000061607
120	380	0.000067929
120	380	0.000061690
120	380	0.000061605
120	380	0.000061607
120	380	0.000061634
120	380	0.000061645
120	380	0.000061630
120	380	0.000061652
120	380	0.000061827
120	380	0.000061652
120	380	0.000061581
120	380	0.000061668
120	380	0.000061624
120	380	0.000061702
120	380	0.000065149
120	380	0.000061647
120	380	0.000061483
120	380	0.000063873
120	380	0.000063931
120	380	0.000064051
120	380	0.000063991
120	380	0.000064002
120	380	0.000071852
120	380	0.000071967
120	380	0.000071942
120	380	0.000072085
120	380	0.000071885
120	380	0.000082052
120	380	0.000091092
120	380	0.000082095
120	380	0.000082463
120	380	0.000090934
120	380	0.000091059
120	380	0.000090856
120	380	0.000090953
120	380	0.000090845
120	380	0.000090905
120	380	0.000090918
120	380	0.000100183
120	380	0.000107736
120	380	0.000118915
120	380	0.000107910
120	380	0.000114180
120	380	0.000163188
120	380	0.000107767
120	380	0.000108008
120	380	0.000109386
120	380	0.000107791
120	380	0.000107990
120	380	0.000119262
120	380	0.000107682
120	380	0.000107825
120	380	0.000107831
120	380	0.000118811
120	380	0.000107792
120	380	0.000118870
120	380	0.000107763
120	380	0.000107744
120	380	0.000107818
120	380	0.000107820
120	380	0.000107836
120	380	0.000107943
120	380	0.000107795
120	380	0.000101497
120	380	0.000107837
120	380	0.000107922
120	380	0.000118843
120	380	0.000107905
120	380	0.000107815
120	380	0.000107824
120	380	0.000108015
120	380	0.000118839
120	380	0.000107722
120	380	0.000107778
120	380	0.000110489
120	380	0.000115127
120	380	0.000118192
120	380	0.000113982
120	380	0.000107919
120	380	0.000118670
120	380	0.000118880
120	380	0.000106984
120	380	0.000103074
120	380	0.000107789
120	380	0.000107800
120	380	0.000110572
120	510	0.000082044
120	510	0.000082026
120	510	0.000082097
120	510	0.000082192
120	510	0.000082122
120	510	0.000089055
120	510	0.000090703
120	510	0.000082151
120	510	0.000082110
120	510	0.000082133
120	510	0.000082016
120	510	0.000082010
120	510	0.000082109
120	510	0.000082172
120	510	0.000082082
120	510	0.000082104
120	510	0.000082160
120	510	0.000082072
120	510	0.000086493
120	510	0.000087597
120	510	0.000086364
120	510	0.000082184
120	510	0.000090723
120	510	0.000082253
120	510	0.000082114
120	510	0.000082112
120	510	0.000082167
120	510	0.000082060
120	510	0.000082149
120	510	0.000082402
120	510	0.000081956
120	510	0.000082013
120	510	0.000082241
120	510	0.000082153
120	510	0.000082211
120	510	0.000082133
120	510	0.000082410
120	510	0.000082261
120	510	0.000082097
120	510	0.000082120
120	510	0.000082094
120	510	0.000088541
120	510	0.000088419
120	510	0.000088375
120	510	0.000088196
120	510	0.000088294
120	510	0.000114908
120	510	0.000115296
120	510	0.000114898
120	510	0.000120392
120	510	0.000109652
120	510	0.000120955
120	510	0.000109413
120	510	0.000121056
120	510	0.000111485
120	510	0.000109643
120	510	0.000164249
120	510	0.000127861
120	510	0.000136630
120	510	0.000140694
120	510	0.000127805
120	510	0.000128028
120	510	0.000127724
120	510	0.000134207
120	510	0.000134555
120	510	0.000127650
120	510	0.000141404
120	510	0.000127728
120	510	0.000149479
120	510	0.000135303
120	510	0.000135093
120	510	0.000135203
120	510	0.000135160
120	510	0.000135298
120	510	0.000143618
120	510	0.000143674
120	510	0.000158652
120	510	0.000143828
120	510	0.000159026
120	510	0.000158670
120	510	0.000135288
120	510	0.000143815
120	510	0.000143654
120	510	0.000158430
120	510	0.000143631
120	510	0.000143746
120	510	0.000143803
120	510	0.000151798
120	510	0.000160763
120	510	0.000169335
120	510	0.000143584
120	510	0.000143617
120	510	0.000143589
120	510	0.000134831
120	510	0.000158796
120	510	0.000143585
120	510	0.000143914
120	510	0.000143635
120	510	0.000143434
120	510	0.000137428
120	600	0.000096795
120	600	0.000106886
120	600	0.000096783
120	600	0.000096854
120	600	0.000106942
120	600	0.000096794
120	600	0.000096870
120	600	0.000107181
120	600	0.000096856
120	600	0.000096740
120	600	0.000096756
120	600	0.000096918
120	600	0.000096841
120	600	0.000096892
120	600	0.000107095
120	600	0.000096862
120	600	0.000106884
120	600	0.000096842
120	600	0.000096799
120	600	0.000096869
120	600	0.000096517
120	600	0.000096720
120	600	0.000102152
120	600	0.000096766
120	600	0.000096891
120	600	0.000096893
120	600	0.000102414
120	600	0.000096825
120	600	0.000096868
120	600	0.000130271
120	600	0.000117589
120	600	0.000117951
120	600	0.000117948
120	600	0.000142570
120	600	0.000142683
120	600	0.000143452
120	600	0.000169515
120	600	0.000169576
120	600	0.000169466
120	600	0.000169698
120	600	0.000169300
120	600	0.000159655
120	600	0.000187193
120	600	0.000169455
120	600	0.000169429
120	600	0.000172179
120	600	0.000182770
120	600	0.000179395
120	600	0.000177267
120	600	0.000169488
120	600	0.000169346
120	600	0.000169467
120	600	0.000169430
120	600	0.000187275
120	600	0.000169585
120	600	0.000187590
120	600	0.000169418
120	600	0.000169531
120	600	0.000169314
120	600	0.000169123
120	600	0.000187030
120	600	0.000169391
120	600	0.000169490
120	600	0.000169433
120	600	0.000169408
120	600	0.000183541
120	600	0.000166689
120	600	0.000178900
120	600	0.000175917
120	600	0.000183698
120	600	0.000182636
120	600	0.000187285
120	600	0.000169425
120	600	0.000169503
120	600	0.000169454
120	600	0.000159494
120	600	0.000169707
120	600	0.000169496
120	600	0.000169262
120	600	0.000169322
120	600	0.000169529
120	600	0.000169332
120	600	0.000172251
120	600	0.000169796
120	600	0.000169917
120	600	0.000169529
120	600	0.000169306
120	600	0.000180662
120	600	0.000187177
120	600	0.000169390
120	600	0.000169698
120	600	0.000169449
120	600	0.000187268
120	600	0.000169458
120	600	0.000159398
120	600	0.000159520
120	600	0.000169378
120	600	0.000169311
120	600	0.000169499
120	600	0.000159495
250	128	0.000035799
250	128	0.000034635
250	128	0.000034784
250	128	0.000041538
250	128	0.000034658
250	128	0.000045987
250	128	0.000035846
250	128	0.000035885
250	128	0.000035952
250	128	0.000043306
250	128	0.000033541
250	128	0.000033525
250	128	0.000034635
250	128	0.000033528
250	128	0.000043529
250	128	0.000037720
250	128	0.000033496
250	128	0.000035862
250	128	0.000034612
250	128	0.000034543
250	128	0.000035861
250	128	0.000033506
250	128	0.000034880
250	128	0.000037650
250	128	0.000033464
250	128	0.000035390
250	128	0.000033488
250	128	0.000033531
250	128	0.000034559
250	128	0.000038411
250	128	0.000034624
250	128	0.000037313
250	128	0.000044734
250	128	0.000037187
250	128	0.000033522
250	128	0.000034782
250	128	0.000033689
250	128	0.000037707
250	128	0.000039104
250	128	0.000039883
250	128	0.000033457
250	128	0.000041623
250	128	0.000035642
250	128	0.000052124
250	128	0.000034525
250	128	0.000033700
250	128	0.000048081
250	128	0.000049932
250	128	0.000040461
250	128	0.000045173
250	128	0.000033532
250	128	0.000037487
250	128	0.000048388
250	128	0.000039584
250	128	0.000034843
250	128	0.000036057
250	128	0.000046621
250	128	0.000034610
250	128	0.000034609
250	128	0.000047138
250	128	0.000035865
250	128	0.000033589
250	128	0.000036955
250	128	0.000045841
250	128	0.000046665
250	128	0.000037566
250	128	0.000035770
250	128	0.000033517
250	128	0.000037685
250	128	0.000033493
250	128	0.000033585
250	128	0.000033588
250	128	0.000037693
250	128	0.000046394
250	128	0.000034574
250	128	0.000034849
250	128	0.000045113
250	128	0.000038229
250	128	0.000047160
250	128	0.000038386
250	128	0.000044627
250	128	0.000034919
250	128	0.000040465
250	128	0.000036171
250	128	0.000042621
250	128	0.000037404
250	128	0.000038497
250	128	0.000036088
250	128	0.000039890
250	128	0.000035883
250	128	0.000034517
250	128	0.000037070
250	128	0.000033548
250	128	0.000037477
250	128	0.000033529
250	128	0.000033548
250	128	0.000044691
250	128	0.000036437
250	128	0.000037165
250	128	0.000043610
250	256	0.000076225
250	256	0.000073114
250	256	0.000071087
250	256	0.000078900
250	256	0.000083237
250	256	0.000086713
250	256	0.000070212
250	256	0.000097446
250	256	0.000079453
250	256	0.000068581
250	256	0.000078933
250	256	0.000078108
250	256	0.000068454
250	256	0.000094612
250	256	0.000071057
250	256	0.000076278
250	256	0.000071212
250	256	0.000086047
250	256	0.000077795
250	256	0.000068573
250	256	0.000080733
250	256	0.000076322
250	256	0.000068464
250	256	0.000068510
250	256	0.000068477
250	256	0.000088048
250	256	0.000068485
250	256	0.000068503
250	256	0.000073169
250	256	0.000077960
250	256	0.000075342
250	256	0.000076034
250	256	0.000071601
250	256	0.000076228
250	256	0.000087520
250	256	0.000078246
250	256	0.000068638
250	256	0.000068472
250	256	0.000092344
250	256	0.000078440
250	256	0.000075566
250	256	0.000071003
250	256	0.000074097
250	256	0.000093575
250	256	0.000112039
250	256	0.000093270
250	256	0.000088597
250	256	0.000088967
250	256	0.000095442
250	256	0.000086408
250	256	0.000100434
250	256	0.000112236
250	256	0.000110604
250	256	0.000102062
250	256	0.000099483
250	256	0.000121148
250	256	0.000087158
250	256	0.000087228
250	256	0.000100867
250	256	0.000102627
250	256	0.000124895
250	256	0.000097571
250	256	0.000113880
250	256	0.000133409
250	256	0.000125015
250	256	0.000151117
250	256	0.000120863
250	256	0.000156034
250	256	0.000124399
250	256	0.000124259
250	256	0.000137168
250	256	0.000136435
250	256	0.000138158
250	256	0.000217813
250	256	0.000120894
250	256	0.000133638
250	256	0.000136677
250	256	0.000123640
250	256	0.000124375
250	256	0.000119887
250	256	0.000129085
250	256	0.000123304
250	256	0.000130118
250	256	0.000133621
250	256	0.000141239
250	256	0.000119869
250	256	0.000124241
250	256	0.000127893
250	256	0.000151103
250	256	0.000157166
250	256	0.000159279
250	256	0.000124330
250	256	0.000123803
250	256	0.000133220
250	256	0.000132322
250	256	0.000123783
250	256	0.000124189
250	256	0.000119941
250	256	0.000127966
250	256	0.000142484
250	380	0.000102783
250	380	0.000133833
250	380	0.000124687
250	380	0.000102291
250	380	0.000116092
250	380	0.000113523
250	380	0.000099108
250	380	0.000139546
250	380	0.000110644
250	380	0.000137082
250	380	0.000144935
250	380	0.000110990
250	380	0.000136450
250	380	0.000119057
250	380	0.000129557
250	380	0.000102812
250	380	0.000113736
250	380	0.000108508
250	380	0.000099051
250	380	0.000137895
250	380	0.000117244
250	380	0.000113677
250	380	0.000114414
250	380	0.000134778
250	380	0.000102375
250	380	0.000107289
250	380	0.000109721
250	380	0.000102850
250	380	0.000110692
250	380	0.000114395
250	380	0.000099330
250	380	0.000135170
250	380	0.000099092
250	380	0.000099081
250	380	0.000117669
250	380	0.000102947
250	380	0.000106145
250	380	0.000124474
250	380	0.000114838
250	380	0.000118734
250	380	0.000118518
250	380	0.000118727
250	380	0.000126477
250	380	0.000116253
250	380	0.000118720
250	380	0.000110531
250	380	0.000099094
250	380	0.000102394
250	380	0.000102850
250	380	0.000106655
250	380	0.000133089
250	380	0.000106199
250	380	0.000118719
250	380	0.000106211
250	380	0.000122107
250	380	0.000135066
250	380	0.000103828
250	380	0.000134391
250	380	0.000099162
250	380	0.000102413
250	380	0.000099078
250	380	0.000113423
250	380	0.000110686
250	380	0.000132016
250	380	0.000128536
250	380	0.000112258
250	380	0.000106620
250	380	0.000113812
250	380	0.000118202
250	380	0.000181994
250	380	0.000115577
250	380	0.000119951
250	380	0.000130097
250	380	0.000154659
250	380	0.000135860
250	380	0.000171950
250	380	0.000244654
250	380	0.000119479
250	380	0.000152033
250	380	0.000124999
250	380	0.000119999
250	380	0.000133543
250	380	0.000168178
250	380	0.000146454
250	380	0.000135784
250	380	0.000169354
250	380	0.000163064
250	380	0.000252375
250	380	0.000164718
250	380	0.000173943
250	380	0.000212803
250	380	0.000170746
250	380	0.000201980
250	380	0.000173456
250	380	0.000207099
250	380	0.000199658
250	380	0.000189775
250	380	0.000173461
250	380	0.000273694
250	380	0.000205552
250	510	0.000143172
250	510	0.000141182
250	510	0.000150977
250	510	0.000136243
250	510	0.000145607
250	510	0.000141295
250	510	0.000153927
250	510	0.000136257
250	510	0.000135230
250	510	0.000136864
250	510	0.000136817
250	510	0.000183482
250	510	0.000148646
250	510	0.000137984
250	510	0.000142681
250	510	0.000141112
250	510	0.000142005
250	510	0.000141586
250	510	0.000151019
250	510	0.000136954
250	510	0.000131785
250	510	0.000131701
250	510	0.000131732
250	510	0.000145567
250	510	0.000131784
250	510	0.000157531
250	510	0.000149239
250	510	0.000152358
250	510	0.000141304
250	510	0.000181330
250	510	0.000141877
250	510	0.000170991
250	510	0.000147165
250	510	0.000156842
250	510	0.000199282
250	510	0.000246292
250	510	0.000177870
250	510	0.000171826
250	510	0.000165882
250	510	0.000172363
250	510	0.000179337
250	510	0.000225266
250	510	0.000211946
250	510	0.000219566
250	510	0.000223668
250	510	0.000276401
250	510	0.000267856
250	510	0.000227955
250	510	0.000258709
250	510	0.000248740
250	510	0.000231832
250	510	0.000247122
250	510	0.000254846
250	510	0.000238413
250	510	0.000239633
250	510	0.000263609
250	510	0.000239511
250	510	0.000301927
250	510	0.000259253
250	510	0.000230960
250	510	0.000233162
250	510	0.000230550
250	510	0.000315973
250	510	0.000233159
250	510	0.000254786
250	510	0.000247092
250	510	0.000250681
250	510	0.000246934
250	510	0.000295235
250	510	0.000246685
250	510	0.000246093
250	510	0.000284641
250	510	0.000300910
250	510	0.000247075
250	510	0.000230512
250	510	0.000241738
250	510	0.000238453
250	510	0.000263741
250	510	0.000270212
250	510	0.000253372
250	510	0.000282132
250	510	0.000246025
250	510	0.000348530
250	510	0.000230562
250	510	0.000284602
250	510	0.000230607
250	510	0.000247448
250	510	0.000230588
250	510	0.000252754
250	510	0.000293514
250	510	0.000250774
250	510	0.000273959
250	510	0.000273105
250	510	0.000239625
250	510	0.000245837
250	510	0.000282077
250	510	0.000281770
250	510	0.000312790
250	510	0.000325531
250	510	0.000281558
250	600	0.000198119
250	600	0.000185003
250	600	0.000207686
250	600	0.000155814
250	600	0.000180937
250	600	0.000201711
250	600	0.000184413
250	600	0.000155819
250	600	0.000213368
250	600	0.000172171
250	600	0.000194082
250	600	0.000161859
250	600	0.000166306
250	600	0.000155794
250	600	0.000161410
250	600	0.000168634
250	600	0.000167780
250	600	0.000229933
250	600	0.000173421
250	600	0.000167886
250	600	0.000214724
250	600	0.000233727
250	600	0.000229952
250	600	0.000327185
250	600	0.000341635
250	600	0.000275568
250	600	0.000302102
250	600	0.000291976
250	600	0.000305323
250	600	0.000301127
250	600	0.000320078
250	600	0.000310165
250	600	0.000346712
250	600	0.000291034
250	600	0.000325549
250	600	0.000295671
250	600	0.000296447
250	600	0.000302075
250	600	0.000321220
250	600	0.000291054
250	600	0.000339052
250	600	0.000300738
250	600	0.000282555
250	600	0.000272610
250	600	0.000301023
250	600	0.000281859
250	600	0.000302479
250	600	0.000282300
250	600	0.000301144
250	600	0.000283184
250	600	0.000272658
250	600	0.000281889
250	600	0.000395870
250	600	0.000332913
250	600	0.000343816
250	600	0.000291946
250	600	0.000355082
250	600	0.000293506
250	600	0.000286996
250	600	0.000353565
250	600	0.000312594
250	600	0.000283363
250	600	0.000326715
250	600	0.000367182
250	600	0.000315760
250	600	0.000282450
250	600	0.000266520
250	600	0.000295099
250	600	0.000316645
250	600	0.000298477
250	600	0.000293685
250	600	0.000336119
250	600	0.000292073
250	600	0.000304884
250	600	0.000296406
250	600	0.000272662
250	600	0.000272673
250	600	0.000291056
250	600	0.000330516
250	600	0.000275843
250	600	0.000312490
250	600	0.000283259
250	600	0.000306733
250	600	0.000329798
250	600	0.000339062
250	600	0.000266475
250	600	0.000349371
250	600	0.000301081
250	600	0.000292097
250	600	0.000437377
250	600	0.000277907
250	600	0.000342572
250	600	0.000305091
250	600	0.000279355
250	600	0.000272791
250	600	0.000304405
250	600	0.000315521
250	600	0.000285991
250	600	0.000345044
250	600	0.000298800
380	128	0.000080907
380	128	0.000080949
380	128	0.000072777
380	128	0.000080971
380	128	0.000080955
380	128	0.000085734
380	128	0.000080951
380	128	0.000080964
380	128	0.000080937
380	128	0.000072856
380	128	0.000073528
380	128	0.000080967
380	128	0.000080961
380	128	0.000080915
380	128	0.000080817
380	128	0.000080956
380	128	0.000080951
380	128	0.000080979
380	128	0.000080954
380	128	0.000080949
380	128	0.000080923
380	128	0.000076032
380	128	0.000080980
380	128	0.000070655
380	128	0.000078058
380	128	0.000081025
380	128	0.000080934
380	128	0.000070549
380	128	0.000080898
380	128	0.000080954
380	128	0.000080949
380	128	0.000080943
380	128	0.000080932
380	128	0.000080941
380	128	0.000080923
380	128	0.000080991
380	128	0.000081033
380	128	0.000080923
380	128	0.000080971
380	128	0.000080813
380	128	0.000078623
380	128	0.000080123
380	128	0.000087148
380	128	0.000087185
380	128	0.000087141
380	128	0.000078473
380	128	0.000076109
380	128	0.000087247
380	128	0.000076031
380	128	0.000087178
380	128	0.000087230
380	128	0.000087135
380	128	0.000103392
380	128	0.000092410
380	128	0.000103004
380	128	0.000103063
380	128	0.000112946
380	128	0.000107976
380	128	0.000108053
380	128	0.000107879
380	128	0.000107938
380	128	0.000107904
380	128	0.000107902
380	128	0.000105781
380	128	0.000107901
380	128	0.000107995
380	128	0.000108040
380	128	0.000097992
380	128	0.000134623
380	128	0.000147336
380	128	0.000126357
380	128	0.000119319
380	128	0.000119254
380	128	0.000119313
380	128	0.000119352
380	128	0.000133322
380	128	0.000133305
380	128	0.000133307
380	128	0.000141724
380	128	0.000141659
380	128	0.000141803
380	128	0.000141630
380	128	0.000141634
380	128	0.000141703
380	128	0.000128712
380	128	0.000141832
380	128	0.000141616
380	128	0.000141542
380	128	0.000141694
380	128	0.000123881
380	128	0.000128662
380	128	0.000141670
380	128	0.000141660
380	128	0.000141675
380	128	0.000128669
380	128	0.000141650
380	128	0.000140465
380	128	0.000123563
380	128	0.000141585
380	128	0.000141241
380	256	0.000170317
380	256	0.000164782
380	256	0.000164714
380	256	0.000143439
380	256	0.000148737
380	256	0.000163777
380	256	0.000148717
380	256	0.000150034
380	256	0.000164748
380	256	0.000164771
380	256	0.000164777
380	256	0.000165052
380	256	0.000172460
380	256	0.000164806
380	256	0.000164835
380	256	0.000156250
380	256	0.000163550
380	256	0.000164786
380	256	0.000164772
380	256	0.000164883
380	256	0.000164832
380	256	0.000144136
380	256	0.000164784
380	256	0.000164812
380	256	0.000171096
380	256	0.000177311
380	256	0.000177513
380	256	0.000177527
380	256	0.000184543
380	256	0.000184521
380	256	0.000184488
380	256	0.000192526
380	256	0.000190017
380	256	0.000209800
380	256	0.000209691
380	256	0.000203044
380	256	0.000218963
380	256	0.000230694
380	256	0.000234466
380	256	0.000238494
380	256	0.000242818
380	256	0.000242825
380	256	0.000246354
380	256	0.000271422
380	256	0.000271348
380	256	0.000324044
380	256	0.000274428
380	256	0.000288335
380	256	0.000271421
380	256	0.000271385
380	256	0.000271396
380	256	0.000247106
380	256	0.000271372
380	256	0.000271388
380	256	0.000271368
380	256	0.000271400
380	256	0.000265106
380	256	0.000256154
380	256	0.000256370
380	256	0.000256285
380	256	0.000288376
380	256	0.000298003
380	256	0.000301690
380	256	0.000288370
380	256	0.000288439
380	256	0.000288467
380	256	0.000288408
380	256	0.000284589
380	256	0.000271458
380	256	0.000271355
380	256	0.000271326
380	256	0.000297991
380	256	0.000244936
380	256	0.000288454
380	256	0.000288324
380	256	0.000288380
380	256	0.000288389
380	256	0.000288388
380	256	0.000288324
380	256	0.000305151
380	256	0.000271431
380	256	0.000280263
380	256	0.000288489
380	256	0.000288399
380	256	0.000262495
380	256	0.000288392
380	256	0.000299150
380	256	0.000288481
380	256	0.000260195
380	256	0.000288428
380	256	0.000271358
380	256	0.000300283
380	256	0.000277516
380	256	0.000305626
380	256	0.000267800
380	256	0.000288333
380	256	0.000276635
380	256	0.000288916
380	256	0.000252471
380	256	0.000288405
380	380	0.000241216
380	380	0.000241037
380	380	0.000241180
380	380	0.000246625
380	380	0.000241231
380	380	0.000241130
380	380	0.000241180
380	380	0.000245900
380	380	0.000241085
380	380	0.000241067
380	380	0.000241198
380	380	0.000245727
380	380	0.000218534
380	380	0.000241078
380	380	0.000239604
380	380	0.000245924
380	380	0.000241277
380	380	0.000241107
380	380	0.000240974
380	380	0.000224896
380	380	0.000241220
380	380	0.000241252
380	380	0.000218179
380	380	0.000248205
380	380	0.000241205
380	380	0.000241115
380	380	0.000245874
380	380	0.000241084
380	380	0.000241087
380	380	0.000281533
380	380	0.000281437
380	380	0.000255221
380	380	0.000262194
380	380	0.000270267
380	380	0.000270019
380	380	0.000270070
380	380	0.000337739
380	380	0.000306034
380	380	0.000337746
380	380	0.000375004
380	380	0.000337992
380	380	0.000375083
380	380	0.000383104
380	380	0.000416538
380	380	0.000397463
380	380	0.000360160
380	380	0.000416360
380	380	0.000430417
380	380	0.000412296
380	380	0.000421872
380	380	0.000432215
380	380	0.000397468
380	380	0.000422185
380	380	0.000422123
380	380	0.000392670
380	380	0.000422251
380	380	0.000422087
380	380	0.000408093
380	380	0.000432434
380	380	0.000409304
380	380	0.000422163
380	380	0.000368234
380	380	0.000414098
380	380	0.000421892
380	380	0.000380292
380	380	0.000368337
380	380	0.000405732
380	380	0.000412859
380	380	0.000421887
380	380	0.000421902
380	380	0.000409716
380	380	0.000393239
380	380	0.000407182
380	380	0.000422160
380	380	0.000431642
380	380	0.000396725
380	380	0.000421885
380	380	0.000427991
380	380	0.000396204
380	380	0.000380264
380	380	0.000422281
380	380	0.000396981
380	380	0.000434360
380	380	0.000413749
380	380	0.000421915
380	380	0.000429972
380	380	0.000382179
380	380	0.000422144
380	380	0.000414188
380	380	0.000422113
380	380	0.000422154
380	380	0.000404117
380	380	0.000422137
380	380	0.000422145
380	380	0.000431473
380	380	0.000373400
380	380	0.000407455
380	380	0.000422149
380	380	0.000428972
380	380	0.000431872
380	510	0.000322287
380	510	0.000322231
380	510	0.000321938
380	510	0.000305056
380	510	0.000290102
380	510	0.000322188
380	510	0.000322175
380	510	0.000321927
380	510	0.000342270
380	510	0.000309827
380	510	0.000321954
380	510	0.000319864
380	510	0.000322244
380	510	0.000321915
380	510	0.000327124
380	510	0.000315130
380	510	0.000326658
380	510	0.000322185
380	510	0.000321936
380	510	0.000334054
380	510	0.000334104
380	510	0.000334121
380	510	0.000346732
380	510	0.000351771
380	510	0.000346904
380	510	0.000360993
380	510	0.000367187
380	510	0.000389903
380	510	0.000393947
380	510	0.000397261
380	510	0.000401494
380	510	0.000384674
380	510	0.000357218
380	510	0.000360871
380	510	0.000348017
380	510	0.000334070
380	510	0.000333911
380	510	0.000334047
380	510	0.000429424
380	510	0.000429495
380	510	0.000420571
380	510	0.000410284
380	510	0.000418291
380	510	0.000379710
380	510	0.000375809
380	510	0.000375620
380	510	0.000346744
380	510	0.000333705
380	510	0.000333821
380	510	0.000305691
380	510	0.000398598
380	510	0.000399049
380	510	0.000396125
380	510	0.000388299
380	510	0.000375901
380	510	0.000375582
380	510	0.000370151
380	510	0.000346706
380	510	0.000346541
380	510	0.000347060
380	510	0.000392058
380	510	0.000392153
380	510	0.000392153
380	510	0.000429230
380	510	0.000435375
380	510	0.000445671
380	510	0.000456404
380	510	0.000457251
380	510	0.000429240
380	510	0.000429519
380	510	0.000429641
380	510	0.000474843
380	510	0.000488435
380	510	0.000537619
380	510	0.000462884
380	510	0.000558381
380	510	0.000515927
380	510	0.000563476
380	510	0.000574624
380	510	0.000658547
380	510	0.000563664
380	510	0.000575632
380	510	0.000563860
380	510	0.000562289
380	510	0.000472432
380	510	0.000571660
380	510	0.000505247
380	510	0.000563754
380	510	0.000551479
380	510	0.000563415
380	510	0.000539239
380	510	0.000558241
380	510	0.000553861
380	510	0.000566403
380	510	0.000561862
380	510	0.000563502
380	510	0.000538384
380	510	0.000499857
380	510	0.000500996
380	510	0.000530389
380	600	0.000380323
380	600	0.000379973
380	600	0.000380329
380	600	0.000379978
380	600	0.000380272
380	600	0.000380411
380	600	0.000380322
380	600	0.000380272
380	600	0.000380314
380	600	0.000380331
380	600	0.000385921
380	600	0.000348262
380	600	0.000387074
380	600	0.000385148
380	600	0.000386969
380	600	0.000417028
380	600	0.000389453
380	600	0.000380315
380	600	0.000380013
380	600	0.000380029
380	600	0.000385425
380	600	0.000380287
380	600	0.000380329
380	600	0.000379984
380	600	0.000388963
380	600	0.000353196
380	600	0.000371734
380	600	0.000374387
380	600	0.000385831
380	600	0.000380278
380	600	0.000379961
380	600	0.000380339
380	600	0.000380349
380	600	0.000426021
380	600	0.000425917
380	600	0.000433777
380	600	0.000448815
380	600	0.000449715
380	600	0.000435343
380	600	0.000431199
380	600	0.000425609
380	600	0.000435993
380	600	0.000462688
380	600	0.000470809
380	600	0.000480076
380	600	0.000476402
380	600	0.000493889
380	600	0.000515437
380	600	0.000507063
380	600	0.000544416
380	600	0.000535877
380	600	0.000560809
380	600	0.000504712
380	600	0.000545995
380	600	0.000598186
380	600	0.000591070
380	600	0.000643328
380	600	0.000692639
380	600	0.000633856
380	600	0.000563554
380	600	0.000663308
380	600	0.000665722
380	600	0.000598989
380	600	0.000678011
380	600	0.000611826
380	600	0.000679206
380	600	0.000626373
380	600	0.000638416
380	600	0.000646222
380	600	0.000676688
380	600	0.000660493
380	600	0.000621173
380	600	0.000664972
380	600	0.000638680
380	600	0.000664970
380	600	0.000675419
380	600	0.000662799
380	600	0.000626895
380	600	0.000599182
380	600	0.000639076
380	600	0.000665545
380	600	0.000661089
380	600	0.000665000
380	600	0.000622858
380	600	0.000660846
380	600	0.000657842
380	600	0.000665644
380	600	0.000649447
380	600	0.000665573
380	600	0.000662712
380	600	0.000670928
380	600	0.000679878
380	600	0.000660558
380	600	0.000665033
380	600	0.000644378
380	600	0.000665524
380	600	0.000666162
380	600	0.000678598
380	600	0.000592321
380	600	0.000633670
510	128	0.000098565
510	128	0.000096671
510	128	0.000096696
510	128	0.000089269
510	128	0.000096698
510	128	0.000096675
510	128	0.000096675
510	128	0.000096700
510	128	0.000089609
510	128	0.000096723
510	128	0.000096688
510	128	0.000096691
510	128	0.000096714
510	128	0.000096711
510	128	0.000096880
510	128	0.000101654
510	128	0.000096709
510	128	0.000086385
510	128	0.000096550
510	128	0.000086392
510	128	0.000096710
510	128	0.000096715
510	128	0.000093360
510	128	0.000093623
510	128	0.000096667
510	128	0.000096524
510	128	0.000096684
510	128	0.000088966
510	128	0.000096704
510	128	0.000100665
510	128	0.000088657
510	128	0.000097049
510	128	0.000093469
510	128	0.000096607
510	128	0.000106824
510	128	0.000097066
510	128	0.000086318
510	128	0.000104101
510	128	0.000096309
510	128	0.000101023
510	128	0.000104675
510	128	0.000110070
510	128	0.000100135
510	128	0.000104236
510	128	0.000093185
510	128	0.000104084
510	128	0.000104103
510	128	0.000104070
510	128	0.000103183
510	128	0.000096188
510	128	0.000104134
510	128	0.000108932
510	128	0.000104096
510	128	0.000104832
510	128	0.000108168
510	128	0.000096718
510	128	0.000105908
510	128	0.000109840
510	128	0.000117812
510	128	0.000117125
510	128	0.000108693
510	128	0.000118262
510	128	0.000128887
510	128	0.000129206
510	128	0.000128968
510	128	0.000128905
510	128	0.000129015
510	128	0.000128957
510	128	0.000135195
510	128	0.000117714
510	128	0.000117847
510	128	0.000117686
510	128	0.000126873
510	128	0.000150191
510	128	0.000150532
510	128	0.000150475
510	128	0.000150402
510	128	0.000177610
510	128	0.000185725
510	128	0.000169241
510	128	0.000159285
510	128	0.000159184
510	128	0.000159122
510	128	0.000169179
510	128	0.000169353
510	128	0.000169201
510	128	0.000169187
510	128	0.000169182
510	128	0.000164390
510	128	0.000161564
510	128	0.000155206
510	128	0.000169209
510	128	0.000169203
510	128	0.000159318
510	128	0.000169181
510	128	0.000169190
510	128	0.000169240
510	128	0.000169318
510	128	0.000169168
510	128	0.000169013
510	256	0.000197422
510	256	0.000197434
510	256	0.000197499
510	256	0.000204808
510	256	0.000197553
510	256	0.000197531
510	256	0.000197405
510	256	0.000197414
510	256	0.000197507
510	256	0.000197459
510	256	0.000197461
510	256	0.000205371
510	256	0.000197431
510	256	0.000197446
510	256	0.000198262
510	256	0.000197447
510	256	0.000197289
510	256	0.000203895
510	256	0.000197388
510	256	0.000197440
510	256	0.000201676
510	256	0.000182686
510	256	0.000181388
510	256	0.000197442
510	256	0.000203244
510	256	0.000186252
510	256	0.000197448
510	256	0.000188879
510	256	0.000197428
510	256	0.000197476
510	256	0.000197486
510	256	0.000202232
510	256	0.000197425
510	256	0.000197456
510	256	0.000197385
510	256	0.000231095
510	256	0.000221155
510	256	0.000221190
510	256	0.000221125
510	256	0.000276497
510	256	0.000276355
510	256	0.000276398
510	256	0.000324994
510	256	0.000325172
510	256	0.000313121
510	256	0.000345609
510	256	0.000330231
510	256	0.000345631
510	256	0.000345490
510	256	0.000345528
510	256	0.000353317
510	256	0.000330144
510	256	0.000345620
510	256	0.000345511
510	256	0.000355494
510	256	0.000333861
510	256	0.000368474
510	256	0.000357803
510	256	0.000354734
510	256	0.000345485
510	256	0.000345515
510	256	0.000345521
510	256	0.000356880
510	256	0.000345106
510	256	0.000345532
510	256	0.000345499
510	256	0.000345580
510	256	0.000335185
510	256	0.000355357
510	256	0.000345564
510	256	0.000325178
510	256	0.000354819
510	256	0.000345557
510	256	0.000345569
510	256	0.000345768
510	256	0.000332573
510	256	0.000376451
510	256	0.000334631
510	256	0.000345538
510	256	0.000345600
510	256	0.000345515
510	256	0.000348857
510	256	0.000328755
510	256	0.000345485
510	256	0.000317473
510	256	0.000355397
510	256	0.000382628
510	256	0.000338089
510	256	0.000345473
510	256	0.000345555
510	256	0.000404227
510	256	0.000345539
510	256	0.000335627
510	256	0.000345413
510	256	0.000345637
510	256	0.000362788
510	256	0.000345505
510	256	0.000345497
510	256	0.000345533
510	256	0.000368564
510	380	0.000288512
510	380	0.000288446
510	380	0.000288395
510	380	0.000293371
510	380	0.000295482
510	380	0.000288547
510	380	0.000266003
510	380	0.000265893
510	380	0.000288444
510	380	0.000293386
510	380	0.000288645
510	380	0.000288446
510	380	0.000309056
510	380	0.000294487
510	380	0.000299634
510	380	0.000288510
510	380	0.000288442
510	380	0.000288568
510	380	0.000293728
510	380	0.000265895
510	380	0.000288564
510	380	0.000288468
510	380	0.000288454
510	380	0.000293284
510	380	0.000265942
510	380	0.000288579
510	380	0.000288489
510	380	0.000296013
510	380	0.000288561
510	380	0.000288490
510	380	0.000310673
510	380	0.000310727
510	380	0.000317263
510	380	0.000315174
510	380	0.000286406
510	380	0.000310827
510	380	0.000310667
510	380	0.000338698
510	380	0.000342851
510	380	0.000344162
510	380	0.000390840
510	380	0.000411112
510	380	0.000390189
510	380	0.000373522
510	380	0.000373878
510	380	0.000365055
510	380	0.000416732
510	380	0.000448931
510	380	0.000448727
510	380	0.000480912
510	380	0.000459233
510	380	0.000404043
510	380	0.000403907
510	380	0.000403954
510	380	0.000425458
510	380	0.000391897
510	380	0.000445521
510	380	0.000483379
510	380	0.000448692
510	380	0.000448830
510	380	0.000449160
510	380	0.000483451
510	380	0.000475129
510	380	0.000487943
510	380	0.000475537
510	380	0.000475149
510	380	0.000511207
510	380	0.000522507
510	380	0.000505020
510	380	0.000490739
510	380	0.000504788
510	380	0.000518497
510	380	0.000505015
510	380	0.000504799
510	380	0.000539038
510	380	0.000483504
510	380	0.000492472
510	380	0.000505102
510	380	0.000512670
510	380	0.000505056
510	380	0.000524262
510	380	0.000492795
510	380	0.000505062
510	380	0.000521088
510	380	0.000475087
510	380	0.000471841
510	380	0.000497832
510	380	0.000505146
510	380	0.000480991
510	380	0.000487143
510	380	0.000504816
510	380	0.000475072
510	380	0.000474131
510	380	0.000504639
510	380	0.000518285
510	380	0.000512499
510	380	0.000511934
510	380	0.000456303
510	380	0.000514612
510	380	0.000453901
510	510	0.000385251
510	510	0.000389751
510	510	0.000385065
510	510	0.000353205
510	510	0.000385070
510	510	0.000385182
510	510	0.000385039
510	510	0.000385061
510	510	0.000385261
510	510	0.000390536
510	510	0.000390999
510	510	0.000396965
510	510	0.000390343
510	510	0.000450276
510	510	0.000459001
510	510	0.000476997
510	510	0.000572410
510	510	0.000567732
510	510	0.000688672
510	510	0.000674209
510	510	0.000687511
510	510	0.000680334
510	510	0.000683842
510	510	0.000735966
510	510	0.000674228
510	510	0.000700804
510	510	0.000728563
510	510	0.000687815
510	510	0.000686948
510	510	0.000672739
510	510	0.000668844
510	510	0.000667107
510	510	0.000683526
510	510	0.000686492
510	510	0.000664039
510	510	0.000667026
510	510	0.000674203
510	510	0.000684858
510	510	0.000682392
510	510	0.000674242
510	510	0.000682142
510	510	0.000679906
510	510	0.000682008
510	510	0.000673436
510	510	0.000634546
510	510	0.000681576
510	510	0.000646553
510	510	0.000652331
510	510	0.000674256
510	510	0.000674528
510	510	0.000611452
510	510	0.000644920
510	510	0.000672916
510	510	0.000667097
510	510	0.000674292
510	510	0.000640155
510	510	0.000634212
510	510	0.000614779
510	510	0.000634523
510	510	0.000658451
510	510	0.000673897
510	510	0.000641754
510	510	0.000663146
510	510	0.000642727
510	510	0.000644370
510	510	0.000630014
510	510	0.000689039
510	510	0.000683770
510	510	0.000659300
510	510	0.000619690
510	510	0.000649726
510	510	0.000674274
510	510	0.000662072
510	510	0.000674162
510	510	0.000703256
510	510	0.000675542
510	510	0.000648674
510	510	0.000684106
510	510	0.000591902
510	510	0.000701183
510	510	0.000658022
510	510	0.000674194
510	510	0.000618591
510	510	0.000673837
510	510	0.000664350
510	510	0.000683525
510	510	0.000666203
510	510	0.000646488
510	510	0.000605588
510	510	0.000665943
510	510	0.000674156
510	510	0.000592589
510	510	0.000680766
510	510	0.000682898
510	510	0.000681058
510	510	0.000634548
510	510	0.000680905
510	510	0.000674157
510	510	0.000685442
510	510	0.000673164
510	600	0.000428745
510	600	0.000461116
510	600	0.000461283
510	600	0.000460528
510	600	0.000455194
510	600	0.000454698
510	600	0.000454818
510	600	0.000460577
510	600	0.000466128
510	600	0.000458639
510	600	0.000470465
510	600	0.000421886
510	600	0.000447206
510	600	0.000459147
510	600	0.000455023
510	600	0.000455009
510	600	0.000455018
510	600	0.000413578
510	600	0.000460285
510	600	0.000455000
510	600	0.000454692
510	600	0.000455013
510	600	0.000455079
510	600	0.000454944
510	600	0.000455026
510	600	0.000443292
510	600	0.000454668
510	600	0.000454675
510	600	0.000454691
510	600	0.000515368
510	600	0.000514459
510	600	0.000537490
510	600	0.000536669
510	600	0.000542956
510	600	0.000495623
510	600	0.000489668
510	600	0.000489712
510	600	0.000579113
510	600	0.000585591
510	600	0.000648456
510	600	0.000636969
510	600	0.000689749
510	600	0.000637027
510	600	0.000752184
510	600	0.000804199
510	600	0.000755974
510	600	0.000839606
510	600	0.000801909
510	600	0.000756692
510	600	0.000790921
510	600	0.000789904
510	600	0.000802861
510	600	0.000786770
510	600	0.000787294
510	600	0.000791080
510	600	0.000783362
510	600	0.000669294
510	600	0.000821286
510	600	0.000761239
510	600	0.000691436
510	600	0.000748874
510	600	0.000761039
510	600	0.000773434
510	600	0.000773688
510	600	0.000786098
510	600	0.000801954
510	600	0.000760397
510	600	0.000710531
510	600	0.000811118
510	600	0.000806649
510	600	0.000788466
510	600	0.000754339
510	600	0.000713298
510	600	0.000804161
510	600	0.000776415
510	600	0.000756715
510	600	0.000798642
510	600	0.000784515
510	600	0.000790136
510	600	0.000802979
510	600	0.000779831
510	600	0.000785223
510	600	0.000802168
510	600	0.000761683
510	600	0.000757079
510	600	0.000799245
510	600	0.000760364
510	600	0.000803894
510	600	0.000790200
510	600	0.000771571
510	600	0.000779863
510	600	0.000795641
510	600	0.000710460
510	600	0.000787755
510	600	0.000749463
510	600	0.000793365
510	600	0.000804271
510	600	0.000788710
510	600	0.000792819
510	600	0.000771200
600	128	0.000124722
600	128	0.000124731
600	128	0.000131754
600	128	0.000124757
600	128	0.000124784
600	128	0.000130764
600	128	0.000124725
600	128	0.000124766
600	128	0.000125215
600	128	0.000124704
600	128	0.000124847
600	128	0.000124759
600	128	0.000124937
600	128	0.000124777
600	128	0.000124775
600	128	0.000129069
600	128	0.000124787
600	128	0.000124729
600	128	0.000124892
600	128	0.000116772
600	128	0.000124742
600	128	0.000114387
600	128	0.000124785
600	128	0.000124749
600	128	0.000124746
600	128	0.000124810
600	128	0.000124781
600	128	0.000124711
600	128	0.000129657
600	128	0.000124770
600	128	0.000125017
600	128	0.000139721
600	128	0.000139703
600	128	0.000139746
600	128	0.000146058
600	128	0.000139830
600	128	0.000158757
600	128	0.000167107
600	128	0.000159550
600	128	0.000158759
600	128	0.000157184
600	128	0.000166878
600	128	0.000173123
600	128	0.000178098
600	128	0.000194562
600	128	0.000194065
600	128	0.000194016
600	128	0.000205386
600	128	0.000218433
600	128	0.000218309
600	128	0.000218300
600	128	0.000218256
600	128	0.000229248
600	128	0.000229708
600	128	0.000205359
600	128	0.000218355
600	128	0.000218423
600	128	0.000204345
600	128	0.000218352
600	128	0.000204039
600	128	0.000218275
600	128	0.000218277
600	128	0.000218256
600	128	0.000218343
600	128	0.000236889
600	128	0.000226925
600	128	0.000230954
600	128	0.000218288
600	128	0.000205359
600	128	0.000218794
600	128	0.000218361
600	128	0.000218362
600	128	0.000218371
600	128	0.000200984
600	128	0.000218344
600	128	0.000232881
600	128	0.000226946
600	128	0.000193256
600	128	0.000226468
600	128	0.000225975
600	128	0.000217112
600	128	0.000208506
600	128	0.000242692
600	128	0.000225893
600	128	0.000218353
600	128	0.000218842
600	128	0.000218289
600	128	0.000218324
600	128	0.000218324
600	128	0.000218274
600	128	0.000218392
600	128	0.000218389
600	128	0.000218253
600	128	0.000218470
600	128	0.000218320
600	128	0.000218299
600	128	0.000266210
600	128	0.000225371
600	128	0.000238971
600	128	0.000218385
600	256	0.000254481
600	256	0.000254462
600	256	0.000254465
600	256	0.000254457
600	256	0.000254466
600	256	0.000246973
600	256	0.000254991
600	256	0.000254412
600	256	0.000254387
600	256	0.000270578
600	256	0.000254438
600	256	0.000254419
600	256	0.000254421
600	256	0.000258690
600	256	0.000254387
600	256	0.000254477
600	256	0.000254499
600	256	0.000258923
600	256	0.000254550
600	256	0.000254955
600	256	0.000255248
600	256	0.000286942
600	256	0.000258909
600	256	0.000254446
600	256	0.000254392
600	256	0.000254421
600	256	0.000262933
600	256	0.000254441
600	256	0.000254424
600	256	0.000254393
600	256	0.000254450
600	256	0.000254472
600	256	0.000254440
600	256	0.000314331
600	256	0.000309850
600	256	0.000314893
600	256	0.000389717
600	256	0.000356291
600	256	0.000356248
600	256	0.000356176
600	256	0.000356264
600	256	0.000356260
600	256	0.000319714
600	256	0.000339220
600	256	0.000331189
600	256	0.000426573
600	256	0.000400950
600	256	0.000445436
600	256	0.000419061
600	256	0.000462823
600	256	0.000440681
600	256	0.000470541
600	256	0.000453546
600	256	0.000445377
600	256	0.000426198
600	256	0.000453578
600	256	0.000428425
600	256	0.000445474
600	256	0.000456726
600	256	0.000445214
600	256	0.000445306
600	256	0.000454041
600	256	0.000445203
600	256	0.000474927
600	256	0.000433966
600	256	0.000428634
600	256	0.000445425
600	256	0.000455226
600	256	0.000445280
600	256	0.000474981
600	256	0.000434906
600	256	0.000432996
600	256	0.000445213
600	256	0.000428006
600	256	0.000435314
600	256	0.000439796
600	256	0.000450356
600	256	0.000455229
600	256	0.000419153
600	256	0.000445290
600	256	0.000459554
600	256	0.000445292
600	256	0.000453382
600	256	0.000426547
600	256	0.000419185
600	256	0.000445241
600	256	0.000417860
600	256	0.000424592
600	256	0.000434034
600	256	0.000445294
600	256	0.000453116
600	256	0.000445233
600	256	0.000426743
600	256	0.000456249
600	256	0.000445231
600	256	0.000419060
600	256	0.000439641
600	256	0.000445229
600	256	0.000445457
600	256	0.000454166
600	380	0.000372247
600	380	0.000372293
600	380	0.000372370
600	380	0.000341717
600	380	0.000372421
600	380	0.000372432
600	380	0.000372381
600	380	0.000388943
600	380	0.000378213
600	380	0.000355447
600	380	0.000377624
600	380	0.000390440
600	380	0.000372388
600	380	0.000372238
600	380	0.000372396
600	380	0.000372401
600	380	0.000372385
600	380	0.000387796
600	380	0.000353943
600	380	0.000377614
600	380	0.000372512
600	380	0.000372450
600	380	0.000372408
600	380	0.000372250
600	380	0.000372269
600	380	0.000372213
600	380	0.000377790
600	380	0.000392228
600	380	0.000407897
600	380	0.000406634
600	380	0.000405968
600	380	0.000429799
600	380	0.000434408
600	380	0.000443684
600	380	0.000555450
600	380	0.000554035
600	380	0.000548843
600	380	0.000548626
600	380	0.000555409
600	380	0.000496703
600	380	0.000496447
600	380	0.000534613
600	380	0.000620597
600	380	0.000617135
600	380	0.000649976
600	380	0.000663237
600	380	0.000625688
600	380	0.000638842
600	380	0.000620390
600	380	0.000641359
600	380	0.000676540
600	380	0.000662701
600	380	0.000648799
600	380	0.000646229
600	380	0.000663351
600	380	0.000627214
600	380	0.000654070
600	380	0.000637872
600	380	0.000651551
600	380	0.000666359
600	380	0.000629040
600	380	0.000651845
600	380	0.000619361
600	380	0.000613340
600	380	0.000637823
600	380	0.000628769
600	380	0.000671953
600	380	0.000651721
600	380	0.000620079
600	380	0.000655694
600	380	0.000651563
600	380	0.000650978
600	380	0.000651702
600	380	0.000699224
600	380	0.000651464
600	380	0.000619055
600	380	0.000684214
600	380	0.000657820
600	380	0.000651500
600	380	0.000673832
600	380	0.000658737
600	380	0.000604317
600	380	0.000658120
600	380	0.000604861
600	380	0.000651829
600	380	0.000621555
600	380	0.000657552
600	380	0.000649559
600	380	0.000651660
600	380	0.000660852
600	380	0.000664734
600	380	0.000639725
600	380	0.000621693
600	380	0.000651468
600	380	0.000659962
600	380	0.000651457
600	380	0.000684277
600	380	0.000658634
600	380	0.000613375
600	380	0.000582671
600	510	0.000497225
600	510	0.000497377
600	510	0.000497200
600	510	0.000497330
600	510	0.000497197
600	510	0.000504363
600	510	0.000503921
600	510	0.000503850
600	510	0.000512263
600	510	0.000509384
600	510	0.000505691
600	510	0.000503790
600	510	0.000497391
600	510	0.000497358
600	510	0.000497338
600	510	0.000497426
600	510	0.000504783
600	510	0.000515828
600	510	0.000515866
600	510	0.000605560
600	510	0.000671408
600	510	0.000663163
600	510	0.000689891
600	510	0.000731201
600	510	0.000780717
600	510	0.000773764
600	510	0.000795310
600	510	0.000806957
600	510	0.000819309
600	510	0.000782984
600	510	0.000803361
600	510	0.000835156
600	510	0.000828913
600	510	0.000884844
600	510	0.000859948
600	510	0.000852342
600	510	0.000782556
600	510	0.000773807
600	510	0.000797285
600	510	0.000773850
600	510	0.000786069
600	510	0.000736683
600	510	0.000879897
600	510	0.000851141
600	510	0.000859914
600	510	0.000821647
600	510	0.000874852
600	510	0.000878965
600	510	0.000903981
600	510	0.000854111
600	510	0.000791788
600	510	0.000887501
600	510	0.000804448
600	510	0.000849435
600	510	0.000854420
600	510	0.000789567
600	510	0.000828294
600	510	0.000873938
600	510	0.000816520
600	510	0.000873552
600	510	0.000875809
600	510	0.000856463
600	510	0.000846472
600	510	0.000888976
600	510	0.000882860
600	510	0.000775754
600	510	0.000872833
600	510	0.000868982
600	510	0.000862091
600	510	0.000880861
600	510	0.000885838
600	510	0.000836391
600	510	0.000879151
600	510	0.000878970
600	510	0.000876737
600	510	0.000863865
600	510	0.000901206
600	510	0.000863052
600	510	0.000819356
600	510	0.000855037
600	510	0.000864824
600	510	0.000870472
600	510	0.000858873
600	510	0.000858067
600	510	0.000868332
600	510	0.000806587
600	510	0.000827711
600	510	0.000877469
600	510	0.000875630
600	510	0.000878222
600	510	0.000863089
600	510	0.000877249
600	510	0.000875956
600	510	0.000813882
600	510	0.000828232
600	510	0.000874040
600	510	0.000873190
600	510	0.000795978
600	510	0.000841760
600	510	0.000862568
600	600	0.000587228
600	600	0.000592848
600	600	0.000593162
600	600	0.000593988
600	600	0.000586947
600	600	0.000592470
600	600	0.000592447
600	600	0.000592543
600	600	0.000602354
600	600	0.000592271
600	600	0.000587074
600	600	0.000587252
600	600	0.000587249
600	600	0.000592987
600	600	0.000614023
600	600	0.000614227
600	600	0.000746892
600	600	0.000755495
600	600	0.000972993
600	600	0.001022539
600	600	0.001030789
600	600	0.001020366
600	600	0.000970096
600	600	0.001019664
600	600	0.000990355
600	600	0.001035880
600	600	0.001035103
600	600	0.001045409
600	600	0.001034582
600	600	0.001036980
600	600	0.001033348
600	600	0.001032592
600	600	0.001032782
600	600	0.001036346
600	600	0.001032519
600	600	0.001031364
600	600	0.000972324
600	600	0.001027021
600	600	0.000974313
600	600	0.001020160
600	600	0.001039274
600	600	0.001053279
600	600	0.000986542
600	600	0.001022667
600	600	0.001033512
600	600	0.001033020
600	600	0.001032801
600	600	0.001024913
600	600	0.001028476
600	600	0.001016072
600	600	0.001013363
600	600	0.000974481
600	600	0.001006839
600	600	0.000983757
600	600	0.000981293
600	600	0.001015471
600	600	0.000986372
600	600	0.000976240
600	600	0.001028315
600	600	0.001057356
600	600	0.000973988
600	600	0.001013858
600	600	0.000902494
600	600	0.000974303
600	600	0.000987627
600	600	0.000872784
600	600	0.000875252
600	600	0.000920540
600	600	0.000900703
600	600	0.000876392
600	600	0.000859833
600	600	0.000843583
600	600	0.000760463
600	600	0.000751359
600	600	0.000727110
600	600	0.000714563
600	600	0.000719946
600	600	0.000678194
600	600	0.000648481
600	600	0.000663004
600	600	0.000586955
600	600	0.000594339
600	600	0.000616817
600	600	0.000641187
600	600	0.000640694
600	600	0.000685366
600	600	0.000686610
600	600	0.000699863
600	600	0.000714907
600	600	0.000753705
600	600	0.000747440
600	600	0.000722370
600	600	0.000677287
600	600	0.000841396
600	600	0.000912989
600	600	0.000976830
600	600	0.000982408
600	600	0.000982589
600	600	0.000976805
600	600	0.001021382
