120	128	0.000170711
120	128	0.000178458
120	128	0.000169891
120	128	0.000169483
120	128	0.000174747
120	128	0.000169870
120	128	0.000169668
120	128	0.000182334
120	128	0.000169539
120	128	0.000169484
120	128	0.000169554
120	128	0.000169888
120	128	0.000169507
120	128	0.000169928
120	128	0.000170628
120	128	0.000169936
120	128	0.000169934
120	128	0.000169641
120	128	0.000169754
120	128	0.000169811
120	128	0.000169474
120	128	0.000169870
120	128	0.000170256
120	128	0.000169528
120	128	0.000169447
120	128	0.000173660
120	128	0.000169997
120	128	0.000169941
120	128	0.000169486
120	128	0.000169631
120	128	0.000169916
120	128	0.000169509
120	128	0.000169502
120	128	0.000188192
120	128	0.000190369
120	128	0.000189908
120	128	0.000189880
120	128	0.000193824
120	128	0.000182649
120	128	0.000182945
120	128	0.000186359
120	128	0.000182884
120	128	0.000206423
120	128	0.000206336
120	128	0.000212348
120	128	0.000243901
120	128	0.000247142
120	128	0.000282091
120	128	0.000280757
120	128	0.000264295
120	128	0.000264402
120	128	0.000250488
120	128	0.000249764
120	128	0.000250377
120	128	0.000297239
120	128	0.000297419
120	128	0.000296606
120	128	0.000297626
120	128	0.000321179
120	128	0.000309613
120	128	0.000305581
120	128	0.000310149
120	128	0.000297174
120	128	0.000297340
120	128	0.000298134
120	128	0.000308114
120	128	0.000334114
120	128	0.000285592
120	128	0.000288479
120	128	0.000297261
120	128	0.000297321
120	128	0.000305458
120	128	0.000318336
120	128	0.000307842
120	128	0.000296670
120	128	0.000297357
120	128	0.000299316
120	128	0.000279146
120	128	0.000298457
120	128	0.000306382
120	128	0.000293214
120	128	0.000329221
120	128	0.000285216
120	128	0.000296075
120	128	0.000297305
120	128	0.000297522
120	128	0.000296863
120	128	0.000328404
120	128	0.000328336
120	128	0.000296744
120	128	0.000297477
120	128	0.000297337
120	128	0.000279255
120	128	0.000310022
120	128	0.000301627
120	128	0.000290046
120	128	0.000279915
120	128	0.000296748
120	128	0.000297495
120	128	0.000327641
120	256	0.000338521
120	256	0.000338447
120	256	0.000337717
120	256	0.000340740
120	256	0.000337678
120	256	0.000338242
120	256	0.000341332
120	256	0.000343779
120	256	0.000338368
120	256	0.000338421
120	256	0.000338465
120	256	0.000338467
120	256	0.000341841
120	256	0.000344994
120	256	0.000352083
120	256	0.000362051
120	256	0.000337702
120	256	0.000337686
120	256	0.000338277
120	256	0.000350823
120	256	0.000392846
120	256	0.000360267
120	256	0.000346081
120	256	0.000337663
120	256	0.000337717
120	256	0.000338467
120	256	0.000350184
120	256	0.000352173
120	256	0.000351008
120	256	0.000355964
120	256	0.000357801
120	256	0.000350252
120	256	0.000350265
120	256	0.000378330
120	256	0.000378240
120	256	0.000379075
120	256	0.000429920
120	256	0.000430717
120	256	0.000439893
120	256	0.000472917
120	256	0.000497438
120	256	0.000480170
120	256	0.000480478
120	256	0.000478546
120	256	0.000497792
120	256	0.000498757
120	256	0.000457259
120	256	0.000459025
120	256	0.000467558
120	256	0.000478175
120	256	0.000472239
120	256	0.000473727
120	256	0.000525398
120	256	0.000540841
120	256	0.000557279
120	256	0.000564281
120	256	0.000526371
120	256	0.000525430
120	256	0.000553021
120	256	0.000533531
120	256	0.000526367
120	256	0.000563882
120	256	0.000609759
120	256	0.000609470
120	256	0.000579808
120	256	0.000599741
120	256	0.000579161
120	256	0.000592112
120	256	0.000602493
120	256	0.000616385
120	256	0.000564835
120	256	0.000588361
120	256	0.000562992
120	256	0.000591071
120	256	0.000622111
120	256	0.000587688
120	256	0.000609492
120	256	0.000556247
120	256	0.000559471
120	256	0.000575339
120	256	0.000591005
120	256	0.000586759
120	256	0.000591062
120	256	0.000598849
120	256	0.000584860
120	256	0.000597226
120	256	0.000605765
120	256	0.000586642
120	256	0.000582785
120	256	0.000508899
120	256	0.000592201
120	256	0.000567831
120	256	0.000591189
120	256	0.000607072
120	256	0.000556074
120	256	0.000600627
120	256	0.000582683
120	256	0.000592232
120	256	0.000596379
120	256	0.000592268
120	380	0.000505132
120	380	0.000500977
120	380	0.000500961
120	380	0.000501140
120	380	0.000500922
120	380	0.000501047
120	380	0.000500967
120	380	0.000508781
120	380	0.000511002
120	380	0.000509107
120	380	0.000499210
120	380	0.000502704
120	380	0.000509048
120	380	0.000505971
120	380	0.000505110
120	380	0.000504259
120	380	0.000500778
120	380	0.000500689
120	380	0.000506731
120	380	0.000543503
120	380	0.000589579
120	380	0.000588771
120	380	0.000637805
120	380	0.000648395
120	380	0.000643183
120	380	0.000648776
120	380	0.000637345
120	380	0.000641799
120	380	0.000644106
120	380	0.000701430
120	380	0.000707919
120	380	0.000824656
120	380	0.000854563
120	380	0.000786265
120	380	0.000779436
120	380	0.000884351
120	380	0.000799918
120	380	0.000750299
120	380	0.000834604
120	380	0.000866188
120	380	0.000879729
120	380	0.000872863
120	380	0.000832483
120	380	0.000876063
120	380	0.000909827
120	380	0.000832251
120	380	0.000882333
120	380	0.000883773
120	380	0.000927353
120	380	0.000742691
120	380	0.000749424
120	380	0.000882650
120	380	0.000851301
120	380	0.000717617
120	380	0.000742954
120	380	0.000744700
120	380	0.000763137
120	380	0.000742583
120	380	0.000754094
120	380	0.000674013
120	380	0.000673945
120	380	0.000785980
120	380	0.000746642
120	380	0.000896507
120	380	0.000849790
120	380	0.000833149
120	380	0.000800200
120	380	0.000784116
120	380	0.000786048
120	380	0.000794615
120	380	0.000751766
120	380	0.000752806
120	380	0.000779589
120	380	0.000788441
120	380	0.000793522
120	380	0.000786140
120	380	0.000785876
120	380	0.000827827
120	380	0.000858185
120	380	0.000903261
120	380	0.000874155
120	380	0.000855847
120	380	0.000834841
120	380	0.000868005
120	380	0.000872490
120	380	0.000865642
120	380	0.000872926
120	380	0.000902886
120	380	0.000881261
120	380	0.000877016
120	380	0.000892108
120	380	0.000834025
120	380	0.000890385
120	380	0.000858070
120	380	0.000858586
120	380	0.000907554
120	380	0.000882365
120	380	0.000861560
120	380	0.000888063
120	380	0.000884067
120	510	0.000671339
120	510	0.000676915
120	510	0.000677477
120	510	0.000671640
120	510	0.000672010
120	510	0.000680591
120	510	0.000682141
120	510	0.000671679
120	510	0.000671659
120	510	0.000678966
120	510	0.000682142
120	510	0.000681699
120	510	0.000671411
120	510	0.000676808
120	510	0.000676910
120	510	0.000679597
120	510	0.000671643
120	510	0.000756986
120	510	0.000756404
120	510	0.000855054
120	510	0.000859318
120	510	0.001048088
120	510	0.001071439
120	510	0.001116740
120	510	0.001170618
120	510	0.001159730
120	510	0.001133950
120	510	0.001112948
120	510	0.001119163
120	510	0.001112461
120	510	0.001160898
120	510	0.001177353
120	510	0.001164854
120	510	0.001182585
120	510	0.001175397
120	510	0.001158237
120	510	0.001169371
120	510	0.001181030
120	510	0.001167332
120	510	0.001184926
120	510	0.001160285
120	510	0.001156814
120	510	0.001115606
120	510	0.001115519
120	510	0.001115984
120	510	0.001156180
120	510	0.001113489
120	510	0.001162031
120	510	0.001137296
120	510	0.001186965
120	510	0.001162973
120	510	0.001155123
120	510	0.000961160
120	510	0.000946418
120	510	0.000948350
120	510	0.000954353
120	510	0.001184667
120	510	0.001183573
120	510	0.001218412
120	510	0.001140139
120	510	0.001178157
120	510	0.001175774
120	510	0.001163831
120	510	0.001163763
120	510	0.001117465
120	510	0.001162598
120	510	0.001158936
120	510	0.001159865
120	510	0.001183762
120	510	0.001055768
120	510	0.001190546
120	510	0.001184575
120	510	0.001191075
120	510	0.001146610
120	510	0.001158703
120	510	0.001147544
120	510	0.001166687
120	510	0.001154600
120	510	0.001114735
120	510	0.001113612
120	510	0.001136057
120	510	0.001185165
120	510	0.001155617
120	510	0.001152226
120	510	0.001155290
120	510	0.001182541
120	510	0.001116267
120	510	0.001138415
120	510	0.001117941
120	510	0.001194611
120	510	0.001124080
120	510	0.001122077
120	510	0.001120141
120	510	0.001114134
120	510	0.001112612
120	510	0.001188271
120	510	0.001185916
120	510	0.001141936
120	510	0.001155234
120	510	0.001117075
120	600	0.000796742
120	600	0.000794381
120	600	0.000794633
120	600	0.000789597
120	600	0.000796260
120	600	0.000795346
120	600	0.000794893
120	600	0.000808835
120	600	0.000795618
120	600	0.000790465
120	600	0.000794243
120	600	0.000796257
120	600	0.000794559
120	600	0.000803150
120	600	0.000794207
120	600	0.000790396
120	600	0.000843128
120	600	0.000822514
120	600	0.000819729
120	600	0.000823091
120	600	0.000825312
120	600	0.000826009
120	600	0.000864989
120	600	0.000855331
120	600	0.000824200
120	600	0.000819684
120	600	0.001006539
120	600	0.001076243
120	600	0.001310303
120	600	0.001221859
120	600	0.001168510
120	600	0.001110358
120	600	0.001126624
120	600	0.001172519
120	600	0.001304267
120	600	0.001287843
120	600	0.000971192
120	600	0.000996956
120	600	0.001011276
120	600	0.000907312
120	600	0.000827885
120	600	0.000825700
120	600	0.000925499
120	600	0.000931557
120	600	0.000966690
120	600	0.000928090
120	600	0.000921992
120	600	0.000936299
120	600	0.000961356
120	600	0.000928261
120	600	0.000890359
120	600	0.000911749
120	600	0.000973116
120	600	0.001009335
120	600	0.001015932
120	600	0.001086476
120	600	0.001169772
120	600	0.001397123
120	600	0.001325500
120	600	0.001388618
120	600	0.001466029
120	600	0.001320947
120	600	0.001362471
120	600	0.001389502
120	600	0.001368064
120	600	0.001306428
120	600	0.001387563
120	600	0.001398238
120	600	0.001398499
120	600	0.001397043
120	600	0.001363013
120	600	0.001406859
120	600	0.001389204
120	600	0.001414138
120	600	0.001313064
120	600	0.001353661
120	600	0.001391934
120	600	0.001314612
120	600	0.001396249
120	600	0.001357403
120	600	0.001364056
120	600	0.001372786
120	600	0.001369587
120	600	0.001360519
120	600	0.001397467
120	600	0.001351112
120	600	0.001366922
120	600	0.001389830
120	600	0.001392279
120	600	0.001355217
120	600	0.001325185
120	600	0.001239009
120	600	0.001379031
120	600	0.001305571
120	600	0.001326914
120	600	0.001340482
120	600	0.001390153
120	600	0.001304638
120	600	0.001373824
120	600	0.001348391
250	128	0.000326252
250	128	0.000325410
250	128	0.000325363
250	128	0.000325386
250	128	0.000325320
250	128	0.000330467
250	128	0.000330777
250	128	0.000326188
250	128	0.000325476
250	128	0.000325358
250	128	0.000326209
250	128	0.000326166
250	128	0.000330469
250	128	0.000333290
250	128	0.000330725
250	128	0.000326173
250	128	0.000326333
250	128	0.000325359
250	128	0.000329715
250	128	0.000332309
250	128	0.000326077
250	128	0.000356884
250	128	0.000338262
250	128	0.000337515
250	128	0.000399359
250	128	0.000414207
250	128	0.000415330
250	128	0.000434804
250	128	0.000434861
250	128	0.000438137
250	128	0.000482047
250	128	0.000463170
250	128	0.000565090
250	128	0.000570794
250	128	0.000576126
250	128	0.000570776
250	128	0.000570853
250	128	0.000579746
250	128	0.000569336
250	128	0.000579286
250	128	0.000543653
250	128	0.000579898
250	128	0.000568299
250	128	0.000543472
250	128	0.000556658
250	128	0.000570761
250	128	0.000543435
250	128	0.000566340
250	128	0.000581318
250	128	0.000536017
250	128	0.000576818
250	128	0.000585352
250	128	0.000570774
250	128	0.000578719
250	128	0.000570727
250	128	0.000545709
250	128	0.000569457
250	128	0.000577276
250	128	0.000569229
250	128	0.000593356
250	128	0.000581994
250	128	0.000579239
250	128	0.000537161
250	128	0.000569531
250	128	0.000584874
250	128	0.000564636
250	128	0.000579911
250	128	0.000550594
250	128	0.000549340
250	128	0.000570790
250	128	0.000581607
250	128	0.000570706
250	128	0.000546119
250	128	0.000578136
250	128	0.000579822
250	128	0.000545005
250	128	0.000570769
250	128	0.000555197
250	128	0.000544792
250	128	0.000580292
250	128	0.000570819
250	128	0.000582522
250	128	0.000572452
250	128	0.000570881
250	128	0.000547456
250	128	0.000561651
250	128	0.000584582
250	128	0.000537209
250	128	0.000537178
250	128	0.000545198
250	128	0.000543049
250	128	0.000560147
250	128	0.000575422
250	128	0.000570928
250	128	0.000580301
250	128	0.000566070
250	128	0.000544350
250	128	0.000563558
250	128	0.000577384
250	128	0.000569169
250	256	0.000656109
250	256	0.000648527
250	256	0.000658625
250	256	0.000655596
250	256	0.000656925
250	256	0.000648342
250	256	0.000649845
250	256	0.000694098
250	256	0.000654573
250	256	0.000654254
250	256	0.000649969
250	256	0.000654249
250	256	0.000656196
250	256	0.000653178
250	256	0.000649762
250	256	0.000649655
250	256	0.000656562
250	256	0.000654695
250	256	0.000654419
250	256	0.000648790
250	256	0.000674010
250	256	0.000678691
250	256	0.000682094
250	256	0.000668891
250	256	0.000649639
250	256	0.000676797
250	256	0.000808222
250	256	0.000760334
250	256	0.000836458
250	256	0.000818385
250	256	0.000796931
250	256	0.000803201
250	256	0.000916507
250	256	0.000953899
250	256	0.001030293
250	256	0.001074775
250	256	0.001096734
250	256	0.001119547
250	256	0.001084625
250	256	0.001142464
250	256	0.001076406
250	256	0.001119437
250	256	0.001132775
250	256	0.001123160
250	256	0.001075948
250	256	0.001121796
250	256	0.001126256
250	256	0.001125852
250	256	0.001135901
250	256	0.001125493
250	256	0.001074272
250	256	0.001120989
250	256	0.001076602
250	256	0.001075081
250	256	0.001087899
250	256	0.001137494
250	256	0.001132278
250	256	0.001156388
250	256	0.001124265
250	256	0.001121613
250	256	0.001074708
250	256	0.001132277
250	256	0.001132764
250	256	0.001119425
250	256	0.001088125
250	256	0.001108091
250	256	0.001162816
250	256	0.001141651
250	256	0.001144775
250	256	0.001076740
250	256	0.001146252
250	256	0.001101552
250	256	0.001110224
250	256	0.001109296
250	256	0.001106508
250	256	0.001113128
250	256	0.001144444
250	256	0.001084038
250	256	0.001082300
250	256	0.001111253
250	256	0.001112258
250	256	0.001142930
250	256	0.001162570
250	256	0.001144804
250	256	0.001161687
250	256	0.001107248
250	256	0.001134537
250	256	0.001145320
250	256	0.001114626
250	256	0.001126682
250	256	0.001149151
250	256	0.001106405
250	256	0.001153816
250	256	0.001077758
250	256	0.001168534
250	256	0.001118064
250	256	0.001082667
250	256	0.001077176
250	256	0.001117824
250	256	0.001106215
250	380	0.000967322
250	380	0.000967021
250	380	0.000967670
250	380	0.000968438
250	380	0.000965059
250	380	0.000973677
250	380	0.000966130
250	380	0.000967891
250	380	0.000966813
250	380	0.000967087
250	380	0.000967852
250	380	0.000964600
250	380	0.000969335
250	380	0.000964786
250	380	0.000965685
250	380	0.001081810
250	380	0.001040067
250	380	0.000966985
250	380	0.001012421
250	380	0.001043252
250	380	0.001021472
250	380	0.001003527
250	380	0.000993954
250	380	0.000965217
250	380	0.001216886
250	380	0.001270421
250	380	0.001179501
250	380	0.001103940
250	380	0.001081564
250	380	0.001104839
250	380	0.001087352
250	380	0.001070520
250	380	0.001034205
250	380	0.001002942
250	380	0.001059871
250	380	0.001182143
250	380	0.001244528
250	380	0.001248050
250	380	0.001363416
250	380	0.001430547
250	380	0.001361789
250	380	0.001315119
250	380	0.001597573
250	380	0.001428630
250	380	0.001311721
250	380	0.001226362
250	380	0.001187814
250	380	0.001225546
250	380	0.001288177
250	380	0.001353586
250	380	0.001322150
250	380	0.001240187
250	380	0.001126517
250	380	0.001193173
250	380	0.001501125
250	380	0.001676714
250	380	0.001546672
250	380	0.001548732
250	380	0.001606116
250	380	0.001593510
250	380	0.001648423
250	380	0.001669701
250	380	0.001629099
250	380	0.001587637
250	380	0.001603606
250	380	0.001588861
250	380	0.001666664
250	380	0.001634065
250	380	0.001671381
250	380	0.001706466
250	380	0.001621635
250	380	0.001787739
250	380	0.001618152
250	380	0.001688591
250	380	0.001606502
250	380	0.001603534
250	380	0.001667334
250	380	0.001674013
250	380	0.001698113
250	380	0.001591572
250	380	0.001657476
250	380	0.001596290
250	380	0.001602848
250	380	0.001522201
250	380	0.001572801
250	380	0.001598889
250	380	0.001592747
250	380	0.001509877
250	380	0.001515092
250	380	0.001443744
250	380	0.001481361
250	380	0.001514394
250	380	0.001080313
250	380	0.001125775
250	380	0.001178575
250	380	0.001001649
250	380	0.000967857
250	380	0.000966549
250	380	0.000962084
250	380	0.000967707
250	510	0.001293075
250	510	0.001293470
250	510	0.001296180
250	510	0.001293192
250	510	0.001298842
250	510	0.001338555
250	510	0.001519001
250	510	0.001917105
250	510	0.002222445
250	510	0.002211062
250	510	0.002312045
250	510	0.002225579
250	510	0.002200777
250	510	0.002216405
250	510	0.002142510
250	510	0.002201284
250	510	0.002071397
250	510	0.002204172
250	510	0.002241139
250	510	0.002210433
250	510	0.002194530
250	510	0.002140524
250	510	0.002228431
250	510	0.002156900
250	510	0.002226808
250	510	0.002094028
250	510	0.001593355
250	510	0.001818841
250	510	0.001452845
250	510	0.001716623
250	510	0.002100390
250	510	0.002216965
250	510	0.002306565
250	510	0.002215553
250	510	0.002171102
250	510	0.002157504
250	510	0.002036843
250	510	0.002190356
250	510	0.001947669
250	510	0.002179907
250	510	0.001930753
250	510	0.002220194
250	510	0.001820711
250	510	0.001546120
250	510	0.001628470
250	510	0.001954910
250	510	0.002133720
250	510	0.002112296
250	510	0.002199107
250	510	0.002237224
250	510	0.002189475
250	510	0.002142337
250	510	0.002205919
250	510	0.002204076
250	510	0.002142079
250	510	0.001581212
250	510	0.001810218
250	510	0.001795622
250	510	0.001919504
250	510	0.002180590
250	510	0.002172219
250	510	0.002177534
250	510	0.002198494
250	510	0.002158901
250	510	0.001932651
250	510	0.002152168
250	510	0.001811877
250	510	0.001674558
250	510	0.001573789
250	510	0.001451259
250	510	0.001575686
250	510	0.001550833
250	510	0.001448344
250	510	0.001910750
250	510	0.002223770
250	510	0.001905344
250	510	0.002143697
250	510	0.002167364
250	510	0.002191788
250	510	0.002195904
250	510	0.002190380
250	510	0.002254410
250	510	0.002178319
250	510	0.002020544
250	510	0.001599966
250	510	0.001891939
250	510	0.001580973
250	510	0.001686905
250	510	0.002058196
250	510	0.002245218
250	510	0.002196541
250	510	0.002134702
250	510	0.002144986
250	510	0.002139198
250	510	0.002249773
250	510	0.002160831
250	510	0.002145870
250	510	0.002180804
250	510	0.002182908
250	510	0.002179840
250	600	0.001525152
250	600	0.001520472
250	600	0.001522563
250	600	0.001534306
250	600	0.001525098
250	600	0.001849076
250	600	0.002255894
250	600	0.002647205
250	600	0.002508800
250	600	0.002456682
250	600	0.001967334
250	600	0.002131799
250	600	0.001866690
250	600	0.002255284
250	600	0.001784260
250	600	0.002190864
250	600	0.001655408
250	600	0.001916927
250	600	0.001891605
250	600	0.001584692
250	600	0.001636225
250	600	0.001566128
250	600	0.001542552
250	600	0.001595071
250	600	0.001643503
250	600	0.001562755
250	600	0.001523557
250	600	0.001525350
250	600	0.001579656
250	600	0.001762258
250	600	0.001843562
250	600	0.001780124
250	600	0.002269410
250	600	0.002449625
250	600	0.002314928
250	600	0.002383140
250	600	0.002545695
250	600	0.002514577
250	600	0.002575266
250	600	0.002381806
250	600	0.002585925
250	600	0.002240045
250	600	0.001909359
250	600	0.001845911
250	600	0.001784021
250	600	0.002030662
250	600	0.002476946
250	600	0.002294457
250	600	0.002420308
250	600	0.002529384
250	600	0.002515228
250	600	0.002576523
250	600	0.002512022
250	600	0.002538762
250	600	0.002563874
250	600	0.002572088
250	600	0.002404490
250	600	0.002574669
250	600	0.002378966
250	600	0.002581028
250	600	0.002357976
250	600	0.002438556
250	600	0.002560134
250	600	0.002580323
250	600	0.002721171
250	600	0.002551522
250	600	0.002508978
250	600	0.002567272
250	600	0.002070375
250	600	0.002527483
250	600	0.002028962
250	600	0.002507986
250	600	0.001938095
250	600	0.001520728
250	600	0.001744642
250	600	0.002038213
250	600	0.002028408
250	600	0.001977703
250	600	0.002031802
250	600	0.002010795
250	600	0.001955261
250	600	0.002249312
250	600	0.002547699
250	600	0.002382779
250	600	0.002483876
250	600	0.002301373
250	600	0.002557873
250	600	0.002046571
250	600	0.002387649
250	600	0.001939605
250	600	0.002534494
250	600	0.001851919
250	600	0.001547898
250	600	0.001524801
250	600	0.001525827
250	600	0.001524294
250	600	0.001531026
250	600	0.001525811
250	600	0.001539121
250	600	0.001520693
380	128	0.000481188
380	128	0.000487652
380	128	0.000491504
380	128	0.000485845
380	128	0.000488940
380	128	0.000489649
380	128	0.000489105
380	128	0.000488302
380	128	0.000486293
380	128	0.000492262
380	128	0.000491851
380	128	0.000486700
380	128	0.000487492
380	128	0.000501573
380	128	0.000481258
380	128	0.000481145
380	128	0.000481193
380	128	0.000526379
380	128	0.000546926
380	128	0.000538253
380	128	0.000552231
380	128	0.000572100
380	128	0.000575729
380	128	0.000641684
380	128	0.000649099
380	128	0.000709254
380	128	0.000717407
380	128	0.000710900
380	128	0.000721301
380	128	0.000850021
380	128	0.000799067
380	128	0.000851639
380	128	0.000846398
380	128	0.000846944
380	128	0.000841220
380	128	0.000850497
380	128	0.000858448
380	128	0.000832806
380	128	0.000818193
380	128	0.000874483
380	128	0.000842518
380	128	0.000811942
380	128	0.000799237
380	128	0.000792531
380	128	0.000804241
380	128	0.000853758
380	128	0.000794628
380	128	0.000802187
380	128	0.000849354
380	128	0.000857005
380	128	0.000834635
380	128	0.000805474
380	128	0.000851319
380	128	0.000852470
380	128	0.000799459
380	128	0.000869007
380	128	0.000854417
380	128	0.000847061
380	128	0.000806626
380	128	0.000851284
380	128	0.000851881
380	128	0.000828612
380	128	0.000846748
380	128	0.000849776
380	128	0.000853183
380	128	0.000829748
380	128	0.000837642
380	128	0.000801442
380	128	0.000831847
380	128	0.000832103
380	128	0.000852133
380	128	0.000854805
380	128	0.000838768
380	128	0.000853531
380	128	0.000855914
380	128	0.000800329
380	128	0.000837536
380	128	0.000852304
380	128	0.000854987
380	128	0.000841234
380	128	0.000831324
380	128	0.000808114
380	128	0.000852303
380	128	0.000792532
380	128	0.000872944
380	128	0.000801511
380	128	0.000872191
380	128	0.000857184
380	128	0.000762389
380	128	0.000750731
380	128	0.000758940
380	128	0.000757153
380	128	0.000757794
380	128	0.000756382
380	128	0.000834130
380	128	0.000801414
380	128	0.000847892
380	128	0.000873832
380	128	0.000841442
380	128	0.000846605
380	256	0.000966275
380	256	0.000966991
380	256	0.000965256
380	256	0.000967940
380	256	0.000963473
380	256	0.000966367
380	256	0.000966807
380	256	0.000963756
380	256	0.000974656
380	256	0.000965235
380	256	0.000966141
380	256	0.000967064
380	256	0.000966252
380	256	0.000968245
380	256	0.000973278
380	256	0.001040966
380	256	0.001020713
380	256	0.000999414
380	256	0.001212401
380	256	0.001307667
380	256	0.001693238
380	256	0.001647461
380	256	0.001595205
380	256	0.001416194
380	256	0.001372763
380	256	0.001418470
380	256	0.001091367
380	256	0.001077501
380	256	0.001131321
380	256	0.001134120
380	256	0.001175473
380	256	0.001308512
380	256	0.001289865
380	256	0.001228211
380	256	0.001176715
380	256	0.001125178
380	256	0.001096471
380	256	0.001083946
380	256	0.001124273
380	256	0.001214550
380	256	0.001286349
380	256	0.001228234
380	256	0.001364654
380	256	0.001416660
380	256	0.001357755
380	256	0.001198324
380	256	0.001182418
380	256	0.001231300
380	256	0.001319790
380	256	0.001334144
380	256	0.001040083
380	256	0.001036662
380	256	0.001001223
380	256	0.001001027
380	256	0.001306322
380	256	0.001245926
380	256	0.001175914
380	256	0.001498902
380	256	0.001342563
380	256	0.001287853
380	256	0.001355383
380	256	0.001127417
380	256	0.001082346
380	256	0.001125174
380	256	0.001129420
380	256	0.001136525
380	256	0.001159535
380	256	0.001180482
380	256	0.001126306
380	256	0.001119780
380	256	0.001083472
380	256	0.001008837
380	256	0.001007267
380	256	0.001336294
380	256	0.001320838
380	256	0.001233956
380	256	0.001131716
380	256	0.001136917
380	256	0.001174360
380	256	0.001074889
380	256	0.001001444
380	256	0.000983978
380	256	0.000999519
380	256	0.000966321
380	256	0.000966402
380	256	0.001030984
380	256	0.001177774
380	256	0.001231279
380	256	0.001199852
380	256	0.001124574
380	256	0.001102008
380	256	0.001082296
380	256	0.001058380
380	256	0.001038288
380	256	0.001336607
380	256	0.001228352
380	256	0.001082503
380	256	0.001094816
380	256	0.001080804
380	256	0.001000690
380	380	0.001431272
380	380	0.001431664
380	380	0.001434427
380	380	0.001434586
380	380	0.001439571
380	380	0.001431093
380	380	0.001425472
380	380	0.001426049
380	380	0.001426341
380	380	0.001425915
380	380	0.001426278
380	380	0.001427601
380	380	0.001426853
380	380	0.001427672
380	380	0.001426893
380	380	0.001427955
380	380	0.001428125
380	380	0.001428266
380	380	0.001429163
380	380	0.001576181
380	380	0.001555264
380	380	0.001439236
380	380	0.001815362
380	380	0.001540114
380	380	0.001526543
380	380	0.001431525
380	380	0.001445169
380	380	0.001429645
380	380	0.001438177
380	380	0.001481161
380	380	0.001451980
380	380	0.001425870
380	380	0.001428106
380	380	0.001426638
380	380	0.001428196
380	380	0.001427275
380	380	0.001433091
380	380	0.001428148
380	380	0.001430791
380	380	0.001477037
380	380	0.001483485
380	380	0.001431272
380	380	0.001431551
380	380	0.001431935
380	380	0.001430776
380	380	0.001448087
380	380	0.001435695
380	380	0.001436721
380	380	0.001744886
380	380	0.001550722
380	380	0.001534891
380	380	0.001601492
380	380	0.001670085
380	380	0.001514700
380	380	0.001445517
380	380	0.001481050
380	380	0.001589239
380	380	0.001548402
380	380	0.001431596
380	380	0.001916489
380	380	0.001580726
380	380	0.001588099
380	380	0.001667066
380	380	0.001671942
380	380	0.001439543
380	380	0.001456469
380	380	0.001554780
380	380	0.001672328
380	380	0.001533681
380	380	0.001427199
380	380	0.001427706
380	380	0.001493345
380	380	0.001536990
380	380	0.001483130
380	380	0.001826433
380	380	0.002044454
380	380	0.001875974
380	380	0.002038046
380	380	0.001760271
380	380	0.001589853
380	380	0.001540084
380	380	0.002112492
380	380	0.002108785
380	380	0.002432346
380	380	0.002001851
380	380	0.002384198
380	380	0.002415257
380	380	0.002425141
380	380	0.002403007
380	380	0.002452869
380	380	0.002355314
380	380	0.002227624
380	380	0.002359518
380	380	0.002106063
380	380	0.002424019
380	380	0.002185156
380	380	0.002325295
380	380	0.002127517
380	380	0.002264547
380	380	0.002486176
380	510	0.001918522
380	510	0.001914464
380	510	0.001914905
380	510	0.001921952
380	510	0.002152170
380	510	0.002703985
380	510	0.003265384
380	510	0.003042343
380	510	0.002350714
380	510	0.001927208
380	510	0.002164649
380	510	0.002012245
380	510	0.001916282
380	510	0.001912278
380	510	0.001920141
380	510	0.001926940
380	510	0.001914758
380	510	0.001911818
380	510	0.001923883
380	510	0.001913892
380	510	0.001933193
380	510	0.001918117
380	510	0.001916404
380	510	0.001927823
380	510	0.001916921
380	510	0.001918312
380	510	0.001913581
380	510	0.001921725
380	510	0.002071882
380	510	0.001911736
380	510	0.002128389
380	510	0.002689929
380	510	0.002566057
380	510	0.002561900
380	510	0.002451892
380	510	0.002008395
380	510	0.002145894
380	510	0.001917491
380	510	0.002248628
380	510	0.001918214
380	510	0.002206681
380	510	0.002911457
380	510	0.002904752
380	510	0.003181900
380	510	0.002730397
380	510	0.003070970
380	510	0.002822529
380	510	0.003095341
380	510	0.002434941
380	510	0.002908805
380	510	0.002647510
380	510	0.002783938
380	510	0.003194296
380	510	0.003059220
380	510	0.003161336
380	510	0.002739661
380	510	0.003246916
380	510	0.002777500
380	510	0.003040439
380	510	0.002730107
380	510	0.003046376
380	510	0.003171235
380	510	0.002740616
380	510	0.002288558
380	510	0.002609121
380	510	0.003118878
380	510	0.002445464
380	510	0.003029624
380	510	0.002697971
380	510	0.002897375
380	510	0.002233499
380	510	0.001946371
380	510	0.002001196
380	510	0.001978026
380	510	0.001945740
380	510	0.001987180
380	510	0.001988800
380	510	0.001918781
380	510	0.002143858
380	510	0.001927468
380	510	0.002191167
380	510	0.002577078
380	510	0.002077205
380	510	0.002650781
380	510	0.001993712
380	510	0.002557898
380	510	0.003085017
380	510	0.002678456
380	510	0.002896367
380	510	0.002243554
380	510	0.002937731
380	510	0.002339711
380	510	0.002629865
380	510	0.002273141
380	510	0.002377752
380	510	0.002281153
380	510	0.002514541
380	510	0.002841921
380	510	0.002515156
380	510	0.003071006
380	600	0.002257757
380	600	0.002252506
380	600	0.002258610
380	600	0.002252233
380	600	0.002258318
380	600	0.002276378
380	600	0.002254750
380	600	0.002253397
380	600	0.002253916
380	600	0.002266778
380	600	0.002251696
380	600	0.002254229
380	600	0.002253233
380	600	0.002253207
380	600	0.002253764
380	600	0.002263926
380	600	0.002252964
380	600	0.002256368
380	600	0.002253268
380	600	0.002253116
380	600	0.002254318
380	600	0.002260902
380	600	0.002254336
380	600	0.002254287
380	600	0.002307927
380	600	0.002400823
380	600	0.002253389
380	600	0.002260125
380	600	0.002254079
380	600	0.002251192
380	600	0.002252243
380	600	0.002252992
380	600	0.002255975
380	600	0.002252810
380	600	0.002250379
380	600	0.002347963
380	600	0.002260765
380	600	0.002255586
380	600	0.002257114
380	600	0.002267590
380	600	0.002255009
380	600	0.002255235
380	600	0.002372917
380	600	0.002905540
380	600	0.002633724
380	600	0.002782519
380	600	0.002418540
380	600	0.002733498
380	600	0.002253987
380	600	0.002528816
380	600	0.003042654
380	600	0.002627888
380	600	0.002772821
380	600	0.002498339
380	600	0.003078488
380	600	0.002331162
380	600	0.002256702
380	600	0.002294266
380	600	0.003150813
380	600	0.003573318
380	600	0.003183222
380	600	0.003377261
380	600	0.003853019
380	600	0.003730019
380	600	0.003708296
380	600	0.003677441
380	600	0.003626243
380	600	0.003798540
380	600	0.003745713
380	600	0.003714714
380	600	0.003738964
380	600	0.003717594
380	600	0.003799053
380	600	0.003571952
380	600	0.003694160
380	600	0.003226956
380	600	0.003537779
380	600	0.002760035
380	600	0.002295628
380	600	0.002551736
380	600	0.002294051
380	600	0.002595160
380	600	0.002255903
380	600	0.002537481
380	600	0.003202245
380	600	0.002741170
380	600	0.002933844
380	600	0.002339999
380	600	0.003131344
380	600	0.002268757
380	600	0.002946184
380	600	0.003670668
380	600	0.003743390
380	600	0.003744204
380	600	0.003641858
380	600	0.003526264
380	600	0.003525513
380	600	0.003218732
380	600	0.003320435
380	600	0.003630652
510	128	0.000642720
510	128	0.000637099
510	128	0.000645386
510	128	0.000643569
510	128	0.000638962
510	128	0.000637203
510	128	0.000644590
510	128	0.000647713
510	128	0.000642489
510	128	0.000636995
510	128	0.000638795
510	128	0.000648050
510	128	0.000646061
510	128	0.000643003
510	128	0.000637100
510	128	0.000637002
510	128	0.000644271
510	128	0.000644763
510	128	0.000643533
510	128	0.000713516
510	128	0.000721693
510	128	0.000818895
510	128	0.000820158
510	128	0.000838436
510	128	0.000819474
510	128	0.000643150
510	128	0.000647276
510	128	0.000637124
510	128	0.000691027
510	128	0.000695586
510	128	0.000714138
510	128	0.000720163
510	128	0.000749226
510	128	0.000743277
510	128	0.000879465
510	128	0.000946144
510	128	0.000949695
510	128	0.000947497
510	128	0.000948444
510	128	0.000989679
510	128	0.001014407
510	128	0.000999547
510	128	0.001004032
510	128	0.001001053
510	128	0.000899684
510	128	0.000897274
510	128	0.000905385
510	128	0.000897372
510	128	0.000947638
510	128	0.000948040
510	128	0.000951738
510	128	0.000967561
510	128	0.000999348
510	128	0.000785459
510	128	0.000775593
510	128	0.000764206
510	128	0.000751690
510	128	0.000745182
510	128	0.000748751
510	128	0.000753838
510	128	0.000686066
510	128	0.000687853
510	128	0.000692978
510	128	0.000697153
510	128	0.000690727
510	128	0.000662434
510	128	0.000667594
510	128	0.000778622
510	128	0.000815787
510	128	0.000781528
510	128	0.000777613
510	128	0.000783887
510	128	0.000784175
510	128	0.000781361
510	128	0.000782807
510	128	0.000793017
510	128	0.000858824
510	128	0.000847506
510	128	0.000818602
510	128	0.000903244
510	128	0.000998814
510	128	0.001059104
510	128	0.001057903
510	128	0.001062300
510	128	0.001092630
510	128	0.001119596
510	128	0.001121866
510	128	0.001081426
510	128	0.001055132
510	128	0.001058042
510	128	0.001059615
510	128	0.001101773
510	128	0.001120872
510	128	0.001119372
510	128	0.001118498
510	128	0.001122849
510	128	0.001054501
510	128	0.001122985
510	128	0.001079175
510	128	0.001101767
510	256	0.001276069
510	256	0.001276592
510	256	0.001275473
510	256	0.001285589
510	256	0.001280906
510	256	0.001375835
510	256	0.001515575
510	256	0.001830947
510	256	0.002104836
510	256	0.002162273
510	256	0.002217792
510	256	0.002220525
510	256	0.002153604
510	256	0.002057964
510	256	0.001829731
510	256	0.001913293
510	256	0.001891593
510	256	0.001785017
510	256	0.001824147
510	256	0.001888222
510	256	0.001709352
510	256	0.001998090
510	256	0.001553810
510	256	0.001681567
510	256	0.001746663
510	256	0.001697228
510	256	0.001635054
510	256	0.001792604
510	256	0.002173627
510	256	0.002190234
510	256	0.002113046
510	256	0.001640274
510	256	0.001909174
510	256	0.001705155
510	256	0.001541566
510	256	0.001492525
510	256	0.001324823
510	256	0.001379465
510	256	0.001434022
510	256	0.001484504
510	256	0.001388486
510	256	0.001330142
510	256	0.001375040
510	256	0.001535120
510	256	0.001626598
510	256	0.001707570
510	256	0.001705079
510	256	0.001495138
510	256	0.001601132
510	256	0.001654433
510	256	0.001570440
510	256	0.001486507
510	256	0.001383822
510	256	0.001277784
510	256	0.001275622
510	256	0.001312701
510	256	0.001327060
510	256	0.001380756
510	256	0.001455029
510	256	0.001552684
510	256	0.001560251
510	256	0.001378773
510	256	0.001536217
510	256	0.001790115
510	256	0.001641757
510	256	0.001886841
510	256	0.001596611
510	256	0.001629024
510	256	0.001683004
510	256	0.001623889
510	256	0.001487285
510	256	0.001630822
510	256	0.001653550
510	256	0.001554368
510	256	0.001488620
510	256	0.001678936
510	256	0.001612104
510	256	0.001498578
510	256	0.001488983
510	256	0.001662456
510	256	0.001879382
510	256	0.001868000
510	256	0.001926720
510	256	0.002218282
510	256	0.002139688
510	256	0.002165726
510	256	0.002135121
510	256	0.002147442
510	256	0.002027221
510	256	0.002064563
510	256	0.002023956
510	256	0.002096993
510	256	0.001990856
510	256	0.002012088
510	256	0.002167208
510	256	0.002024023
510	256	0.001840976
510	256	0.001784574
510	256	0.001805767
510	256	0.001885167
510	380	0.001893534
510	380	0.001892009
510	380	0.001893724
510	380	0.001895890
510	380	0.002177549
510	380	0.001958857
510	380	0.002173269
510	380	0.002891951
510	380	0.002964347
510	380	0.003204411
510	380	0.003025783
510	380	0.003078209
510	380	0.002917180
510	380	0.003115285
510	380	0.002537990
510	380	0.003001143
510	380	0.002411046
510	380	0.002045293
510	380	0.002217779
510	380	0.002671461
510	380	0.002245775
510	380	0.001966247
510	380	0.001921823
510	380	0.001933307
510	380	0.001902353
510	380	0.001888223
510	380	0.001902349
510	380	0.001900515
510	380	0.001892967
510	380	0.001895718
510	380	0.001888794
510	380	0.001894239
510	380	0.001894975
510	380	0.001893159
510	380	0.001890413
510	380	0.001898677
510	380	0.001892071
510	380	0.001893859
510	380	0.001897093
510	380	0.001894011
510	380	0.001892850
510	380	0.001892725
510	380	0.002062451
510	380	0.002371924
510	380	0.002304737
510	380	0.002358045
510	380	0.002241023
510	380	0.002232842
510	380	0.002195132
510	380	0.002232303
510	380	0.002112728
510	380	0.001892807
510	380	0.001890846
510	380	0.001895747
510	380	0.001893377
510	380	0.001892351
510	380	0.001889109
510	380	0.001899605
510	380	0.001902798
510	380	0.001892259
510	380	0.001891386
510	380	0.001907958
510	380	0.001890946
510	380	0.001885126
510	380	0.002077055
510	380	0.002685502
510	380	0.002643720
510	380	0.002187936
510	380	0.002426104
510	380	0.002065435
510	380	0.002599956
510	380	0.001963239
510	380	0.002458715
510	380	0.003168099
510	380	0.003167967
510	380	0.003115282
510	380	0.003171418
510	380	0.003221020
510	380	0.002659505
510	380	0.002041719
510	380	0.002422024
510	380	0.002680964
510	380	0.002713571
510	380	0.002369884
510	380	0.001982200
510	380	0.001916938
510	380	0.001975774
510	380	0.002130055
510	380	0.002746475
510	380	0.002410106
510	380	0.002470825
510	380	0.002394283
510	380	0.002540887
510	380	0.002147536
510	380	0.002324066
510	380	0.002311249
510	380	0.002103766
510	380	0.001970952
510	380	0.001985277
510	380	0.002525720
510	510	0.002538084
510	510	0.002532623
510	510	0.002531291
510	510	0.002661576
510	510	0.003333488
510	510	0.004190203
510	510	0.004305131
510	510	0.004221605
510	510	0.004220852
510	510	0.003403328
510	510	0.002583745
510	510	0.003150040
510	510	0.002595164
510	510	0.002761166
510	510	0.002589433
510	510	0.002733307
510	510	0.002618594
510	510	0.002796685
510	510	0.003396054
510	510	0.002911137
510	510	0.003256908
510	510	0.002580420
510	510	0.003428094
510	510	0.004096313
510	510	0.003368803
510	510	0.004133394
510	510	0.004270584
510	510	0.004137803
510	510	0.004201234
510	510	0.003695146
510	510	0.004082861
510	510	0.003613444
510	510	0.003545154
510	510	0.003477240
510	510	0.003434631
510	510	0.003068872
510	510	0.003279927
510	510	0.003895048
510	510	0.003106676
510	510	0.003532421
510	510	0.002778540
510	510	0.002544506
510	510	0.002544509
510	510	0.002538612
510	510	0.002539357
510	510	0.002540685
510	510	0.002542891
510	510	0.002534590
510	510	0.002621554
510	510	0.002537457
510	510	0.002643319
510	510	0.003260984
510	510	0.002812512
510	510	0.003293705
510	510	0.002586618
510	510	0.002894621
510	510	0.002676948
510	510	0.003106970
510	510	0.003963188
510	510	0.003312379
510	510	0.003894866
510	510	0.003132444
510	510	0.003639968
510	510	0.003146131
510	510	0.003484631
510	510	0.002857106
510	510	0.003726187
510	510	0.004130196
510	510	0.003635316
510	510	0.004185919
510	510	0.003363672
510	510	0.003929363
510	510	0.003225842
510	510	0.003675077
510	510	0.002731560
510	510	0.003340744
510	510	0.002877003
510	510	0.003545492
510	510	0.002767338
510	510	0.003313729
510	510	0.004254002
510	510	0.004270129
510	510	0.004144557
510	510	0.003547619
510	510	0.003997440
510	510	0.003555037
510	510	0.003527808
510	510	0.003362157
510	510	0.003802697
510	510	0.003081908
510	510	0.003503471
510	510	0.002530600
510	510	0.003233139
510	510	0.002781395
510	510	0.003140244
510	510	0.002557161
510	510	0.002985606
510	510	0.002576165
510	510	0.002781836
510	510	0.002611921
510	600	0.002982439
510	600	0.002987992
510	600	0.002996664
510	600	0.002980144
510	600	0.002986127
510	600	0.002993111
510	600	0.003007500
510	600	0.002992349
510	600	0.003007760
510	600	0.003558653
510	600	0.004068845
510	600	0.003479437
510	600	0.003442081
510	600	0.003112847
510	600	0.002983134
510	600	0.002998775
510	600	0.002989432
510	600	0.002987351
510	600	0.002987844
510	600	0.003077172
510	600	0.002979085
510	600	0.002984534
510	600	0.002985995
510	600	0.003316265
510	600	0.003911654
510	600	0.003178264
510	600	0.003484518
510	600	0.003135479
510	600	0.002990407
510	600	0.002993301
510	600	0.002983411
510	600	0.002989363
510	600	0.002981398
510	600	0.002986326
510	600	0.003073956
510	600	0.004015062
510	600	0.004744918
510	600	0.003867571
510	600	0.004888140
510	600	0.004859216
510	600	0.004407367
510	600	0.004829551
510	600	0.003515458
510	600	0.002980768
510	600	0.003491730
510	600	0.002988697
510	600	0.003067754
510	600	0.003019667
510	600	0.003136168
510	600	0.002982004
510	600	0.003064112
510	600	0.002993542
510	600	0.003066438
510	600	0.002996395
510	600	0.003470000
510	600	0.004252339
510	600	0.003300886
510	600	0.004033338
510	600	0.003122717
510	600	0.004197896
510	600	0.004947986
510	600	0.003900579
510	600	0.004896832
510	600	0.004884266
510	600	0.004769859
510	600	0.004840257
510	600	0.004284393
510	600	0.003929756
510	600	0.002982177
510	600	0.002981309
510	600	0.002994204
510	600	0.002989337
510	600	0.003043025
510	600	0.003712814
510	600	0.003059255
510	600	0.003700696
510	600	0.003035223
510	600	0.003370148
510	600	0.003025026
510	600	0.003106484
510	600	0.002986140
510	600	0.003202303
510	600	0.002984871
510	600	0.002982971
510	600	0.002980047
510	600	0.003557208
510	600	0.002984360
510	600	0.003403462
510	600	0.003010546
510	600	0.003398385
510	600	0.004414036
510	600	0.003577128
510	600	0.003843330
510	600	0.003155986
510	600	0.002985513
510	600	0.002983637
510	600	0.002993194
510	600	0.002996418
510	600	0.002988950
510	600	0.002986709
600	128	0.000754372
600	128	0.000744999
600	128	0.000750335
600	128	0.000756882
600	128	0.000746906
600	128	0.000750166
600	128	0.000752090
600	128	0.000745043
600	128	0.000753361
600	128	0.000761731
600	128	0.000747073
600	128	0.000751582
600	128	0.000751647
600	128	0.000759385
600	128	0.000877671
600	128	0.000877151
600	128	0.000888662
600	128	0.000879257
600	128	0.000750251
600	128	0.000752461
600	128	0.000753007
600	128	0.000746820
600	128	0.000861421
600	128	0.000909303
600	128	0.000887430
600	128	0.000903068
600	128	0.000877240
600	128	0.000876355
600	128	0.001123019
600	128	0.001098942
600	128	0.001049130
600	128	0.000992867
600	128	0.000951954
600	128	0.000968772
600	128	0.000956970
600	128	0.000955941
600	128	0.000962734
600	128	0.000957429
600	128	0.000963809
600	128	0.000956445
600	128	0.001035702
600	128	0.001047559
600	128	0.001000149
600	128	0.001117528
600	128	0.001239518
600	128	0.001246222
600	128	0.001298976
600	128	0.001293158
600	128	0.001277500
600	128	0.001313277
600	128	0.001286324
600	128	0.001315052
600	128	0.001276295
600	128	0.001314255
600	128	0.001291348
600	128	0.001286981
600	128	0.001303702
600	128	0.001275981
600	128	0.001276032
600	128	0.001245345
600	128	0.001241729
600	128	0.001257666
600	128	0.001284179
600	128	0.001326959
600	128	0.001174447
600	128	0.001279486
600	128	0.001290084
600	128	0.000958238
600	128	0.000956219
600	128	0.001001179
600	128	0.001002031
600	128	0.001027416
600	128	0.001134145
600	128	0.001195668
600	128	0.001239171
600	128	0.001325046
600	128	0.001234606
600	128	0.001190502
600	128	0.001051936
600	128	0.001099129
600	128	0.001248084
600	128	0.001176716
600	128	0.001220957
600	128	0.001241749
600	128	0.001313624
600	128	0.001234412
600	128	0.001255202
600	128	0.001315158
600	128	0.001312204
600	128	0.001293524
600	128	0.001281698
600	128	0.001285478
600	128	0.001234948
600	128	0.001265082
600	128	0.001280164
600	128	0.001282056
600	128	0.001256805
600	128	0.001237610
600	128	0.001308344
600	128	0.001287135
600	256	0.001493581
600	256	0.001488788
600	256	0.001491713
600	256	0.001493701
600	256	0.001492447
600	256	0.001489797
600	256	0.001503032
600	256	0.001498809
600	256	0.001505088
600	256	0.001495284
600	256	0.001513316
600	256	0.001499547
600	256	0.001497450
600	256	0.001490355
600	256	0.001493497
600	256	0.001493524
600	256	0.001492773
600	256	0.001499598
600	256	0.001493967
600	256	0.001501100
600	256	0.001490792
600	256	0.001490236
600	256	0.001490127
600	256	0.001494278
600	256	0.001586884
600	256	0.001597339
600	256	0.001497727
600	256	0.001501187
600	256	0.001490749
600	256	0.001495732
600	256	0.001492492
600	256	0.001492394
600	256	0.001539268
600	256	0.001754145
600	256	0.002190896
600	256	0.001905302
600	256	0.001500328
600	256	0.001584059
600	256	0.001655404
600	256	0.001611589
600	256	0.001491441
600	256	0.001611773
600	256	0.001637324
600	256	0.001553305
600	256	0.001490156
600	256	0.001615560
600	256	0.001641615
600	256	0.001562245
600	256	0.001991276
600	256	0.001670229
600	256	0.001858827
600	256	0.001774060
600	256	0.001685015
600	256	0.001746186
600	256	0.001898131
600	256	0.001497693
600	256	0.002234927
600	256	0.002521725
600	256	0.002510993
600	256	0.002516026
600	256	0.002525073
600	256	0.002460629
600	256	0.002542077
600	256	0.002582451
600	256	0.002532166
600	256	0.002598461
600	256	0.002473847
600	256	0.002594911
600	256	0.002514018
600	256	0.002494337
600	256	0.002452237
600	256	0.002569461
600	256	0.002520487
600	256	0.002565669
600	256	0.002369911
600	256	0.002471204
600	256	0.002464755
600	256	0.002505124
600	256	0.002561420
600	256	0.002522122
600	256	0.002524527
600	256	0.002524055
600	256	0.002561682
600	256	0.002518861
600	256	0.002540878
600	256	0.002495542
600	256	0.002517738
600	256	0.002584478
600	256	0.002452238
600	256	0.002512673
600	256	0.002458486
600	256	0.002470237
600	256	0.002459473
600	256	0.002542677
600	256	0.002603011
600	256	0.002452526
600	256	0.002538480
600	256	0.002553848
600	256	0.002499458
600	256	0.002521202
600	380	0.002212288
600	380	0.002221709
600	380	0.002211572
600	380	0.002369950
600	380	0.003021793
600	380	0.002313690
600	380	0.002643198
600	380	0.002413706
600	380	0.002481609
600	380	0.002363938
600	380	0.002693124
600	380	0.003372130
600	380	0.002687257
600	380	0.002995037
600	380	0.002741427
600	380	0.003025886
600	380	0.002291102
600	380	0.002825097
600	380	0.002510651
600	380	0.002582350
600	380	0.002475607
600	380	0.002838482
600	380	0.003654313
600	380	0.003440625
600	380	0.003246064
600	380	0.002655332
600	380	0.002845483
600	380	0.002480921
600	380	0.002849696
600	380	0.002214088
600	380	0.002821882
600	380	0.002217878
600	380	0.002653294
600	380	0.003258014
600	380	0.002751903
600	380	0.003273639
600	380	0.002747091
600	380	0.003015599
600	380	0.002456386
600	380	0.003166798
600	380	0.002437795
600	380	0.002739270
600	380	0.002480549
600	380	0.002630669
600	380	0.002408998
600	380	0.002559784
600	380	0.002253376
600	380	0.002696347
600	380	0.003081968
600	380	0.002673808
600	380	0.002222900
600	380	0.002220498
600	380	0.002212768
600	380	0.002215682
600	380	0.002210600
600	380	0.002344845
600	380	0.003125560
600	380	0.003704070
600	380	0.003128728
600	380	0.003649945
600	380	0.002933874
600	380	0.003338040
600	380	0.002785534
600	380	0.003375213
600	380	0.002765898
600	380	0.003047173
600	380	0.002298268
600	380	0.003023081
600	380	0.002372176
600	380	0.002216580
600	380	0.002218530
600	380	0.003006368
600	380	0.003660029
600	380	0.003095044
600	380	0.003602251
600	380	0.002782377
600	380	0.003293715
600	380	0.002743946
600	380	0.003142186
600	380	0.002546750
600	380	0.003072988
600	380	0.003567855
600	380	0.003616862
600	380	0.003325066
600	380	0.003704592
600	380	0.002969718
600	380	0.003394370
600	380	0.002598673
600	380	0.003319536
600	380	0.002546853
600	380	0.002810886
600	380	0.002585254
600	380	0.002844798
600	380	0.002212417
600	380	0.003041864
600	380	0.003733020
600	380	0.003754558
600	380	0.003872824
600	380	0.003740722
600	380	0.003484831
600	510	0.002964679
600	510	0.002961944
600	510	0.002987460
600	510	0.002970312
600	510	0.002964244
600	510	0.002961815
600	510	0.002963310
600	510	0.002985204
600	510	0.002963852
600	510	0.002967856
600	510	0.003183384
600	510	0.003635126
600	510	0.003203434
600	510	0.003443611
600	510	0.003037200
600	510	0.003894634
600	510	0.003901216
600	510	0.003714175
600	510	0.003921648
600	510	0.004501940
600	510	0.003571273
600	510	0.004201919
600	510	0.003065299
600	510	0.003745113
600	510	0.003046359
600	510	0.004133809
600	510	0.004926163
600	510	0.004888353
600	510	0.004567515
600	510	0.004591305
600	510	0.003582777
600	510	0.002982647
600	510	0.003035711
600	510	0.002976818
600	510	0.003252030
600	510	0.002961937
600	510	0.002971894
600	510	0.002967924
600	510	0.003310906
600	510	0.002982889
600	510	0.002969541
600	510	0.002969852
600	510	0.003269296
600	510	0.002964578
600	510	0.002975504
600	510	0.002970752
600	510	0.002977184
600	510	0.002969713
600	510	0.002975947
600	510	0.002968480
600	510	0.002968377
600	510	0.003010726
600	510	0.003137714
600	510	0.002979396
600	510	0.003272863
600	510	0.002970626
600	510	0.003036770
600	510	0.002980908
600	510	0.003194805
600	510	0.002961665
600	510	0.003447670
600	510	0.004773822
600	510	0.004687540
600	510	0.004965680
600	510	0.004291946
600	510	0.003903917
600	510	0.003197219
600	510	0.003597806
600	510	0.003042191
600	510	0.003272961
600	510	0.002997566
600	510	0.003308724
600	510	0.002965101
600	510	0.003752304
600	510	0.004392284
600	510	0.003416349
600	510	0.004045566
600	510	0.003268331
600	510	0.003735126
600	510	0.003080712
600	510	0.003646840
600	510	0.004489439
600	510	0.003429722
600	510	0.004056700
600	510	0.003000546
600	510	0.003706007
600	510	0.003095088
600	510	0.004192048
600	510	0.004772396
600	510	0.003954766
600	510	0.004763865
600	510	0.003659547
600	510	0.004707307
600	510	0.004905268
600	510	0.004700555
600	510	0.004622419
600	510	0.004303731
600	510	0.004143293
600	510	0.003650563
600	510	0.004810393
600	600	0.003485117
600	600	0.003484634
600	600	0.003489649
600	600	0.003728684
600	600	0.005298893
600	600	0.004728108
600	600	0.005437408
600	600	0.004191450
600	600	0.004963235
600	600	0.003700864
600	600	0.004721249
600	600	0.005684753
600	600	0.004857127
600	600	0.005492620
600	600	0.004190838
600	600	0.005003962
600	600	0.003816045
600	600	0.004595583
600	600	0.003680939
600	600	0.004362624
600	600	0.003495582
600	600	0.003965830
600	600	0.003488826
600	600	0.003680780
600	600	0.003552899
600	600	0.003566608
600	600	0.003496075
600	600	0.004246349
600	600	0.005730558
600	600	0.005134157
600	600	0.005504396
600	600	0.004489408
600	600	0.004147802
600	600	0.003563149
600	600	0.003751364
600	600	0.003533067
600	600	0.003670002
600	600	0.003540318
600	600	0.004448569
600	600	0.005424503
600	600	0.004381258
600	600	0.005102206
600	600	0.003744312
600	600	0.004489696
600	600	0.003697065
600	600	0.005113494
600	600	0.005392927
600	600	0.005689906
600	600	0.004873896
600	600	0.005218967
600	600	0.004326287
600	600	0.004821962
600	600	0.005374425
600	600	0.004371668
600	600	0.005075937
600	600	0.003754636
600	600	0.004187422
600	600	0.003485320
600	600	0.003504716
600	600	0.003515652
600	600	0.003490101
600	600	0.003595731
600	600	0.003493531
600	600	0.003520519
600	600	0.004149535
600	600	0.003511055
600	600	0.003491110
600	600	0.003483074
600	600	0.003636787
600	600	0.003835717
600	600	0.004721801
600	600	0.003696789
600	600	0.004410398
600	600	0.003561516
600	600	0.004021180
600	600	0.003480076
600	600	0.003783265
600	600	0.003494657
600	600	0.003607828
600	600	0.003488107
600	600	0.003490434
600	600	0.003485637
600	600	0.003486667
600	600	0.003493147
600	600	0.003486579
600	600	0.003587265
600	600	0.003493616
600	600	0.003585071
600	600	0.003485551
600	600	0.003500571
600	600	0.003491158
600	600	0.003483874
600	600	0.003485939
600	600	0.003495192
600	600	0.003494617
600	600	0.003659608
600	600	0.003487921
600	600	0.003496459
600	600	0.003492224
600	600	0.003493348
