120	128	0.000004941
120	128	0.000004897
120	128	0.000004856
120	128	0.000004927
120	128	0.000004946
120	128	0.000004957
120	128	0.000005243
120	128	0.000004901
120	128	0.000004924
120	128	0.000004941
120	128	0.000009620
120	128	0.000004935
120	128	0.000004906
120	128	0.000004937
120	128	0.000004850
120	128	0.000004893
120	128	0.000005240
120	128	0.000005265
120	128	0.000004902
120	128	0.000004959
120	128	0.000004937
120	128	0.000004862
120	128	0.000004903
120	128	0.000004920
120	128	0.000005225
120	128	0.000004907
120	128	0.000004920
120	128	0.000004910
120	128	0.000005236
120	128	0.000005251
120	128	0.000004907
120	128	0.000004909
120	128	0.000004941
120	128	0.000004935
120	128	0.000005231
120	128	0.000004800
120	128	0.000004851
120	128	0.000004850
120	128	0.000004935
120	128	0.000004927
120	128	0.000004920
120	128	0.000004921
120	128	0.000004897
120	128	0.000005270
120	128	0.000004909
120	128	0.000004908
120	128	0.000004904
120	128	0.000004934
120	128	0.000005321
120	128	0.000005243
120	128	0.000004974
120	128	0.000005237
120	128	0.000004929
120	128	0.000005440
120	128	0.000005471
120	128	0.000005557
120	128	0.000004818
120	128	0.000005227
120	128	0.000004964
120	128	0.000005298
120	128	0.000004911
120	128	0.000004894
120	128	0.000004884
120	128	0.000004919
120	128	0.000005244
120	128	0.000004881
120	128	0.000004899
120	128	0.000005332
120	128	0.000004931
120	128	0.000004994
120	128	0.000004962
120	128	0.000004932
120	128	0.000004912
120	128	0.000004948
120	128	0.000004979
120	128	0.000004944
120	128	0.000004866
120	128	0.000004880
120	128	0.000005275
120	128	0.000005234
120	128	0.000004915
120	128	0.000004917
120	128	0.000004899
120	128	0.000005253
120	128	0.000004908
120	128	0.000004951
120	128	0.000004938
120	128	0.000004921
120	128	0.000005028
120	128	0.000004873
120	128	0.000004900
120	128	0.000004902
120	128	0.000004911
120	128	0.000004928
120	128	0.000004939
120	128	0.000004956
120	128	0.000004941
120	128	0.000005225
120	128	0.000005330
120	128	0.000005230
120	256	0.000015887
120	256	0.000015914
120	256	0.000015906
120	256	0.000015897
120	256	0.000015886
120	256	0.000015873
120	256	0.000015873
120	256	0.000015895
120	256	0.000015860
120	256	0.000015855
120	256	0.000015884
120	256	0.000015900
120	256	0.000013002
120	256	0.000015882
120	256	0.000014155
120	256	0.000015577
120	256	0.000015915
120	256	0.000015849
120	256	0.000015870
120	256	0.000015853
120	256	0.000015883
120	256	0.000015871
120	256	0.000015866
120	256	0.000014944
120	256	0.000015617
120	256	0.000015889
120	256	0.000015155
120	256	0.000014850
120	256	0.000015886
120	256	0.000015850
120	256	0.000015898
120	256	0.000015598
120	256	0.000015864
120	256	0.000013343
120	256	0.000015858
120	256	0.000015898
120	256	0.000019743
120	256	0.000015880
120	256	0.000015879
120	256	0.000014662
120	256	0.000012477
120	256	0.000015567
120	256	0.000015858
120	256	0.000015899
120	256	0.000014596
120	256	0.000015852
120	256	0.000015596
120	256	0.000015855
120	256	0.000015903
120	256	0.000015890
120	256	0.000015569
120	256	0.000015869
120	256	0.000015901
120	256	0.000015896
120	256	0.000015872
120	256	0.000015889
120	256	0.000015883
120	256	0.000015831
120	256	0.000015852
120	256	0.000015873
120	256	0.000015888
120	256	0.000015871
120	256	0.000012286
120	256	0.000015619
120	256	0.000015886
120	256	0.000015911
120	256	0.000015911
120	256	0.000015856
120	256	0.000015878
120	256	0.000015870
120	256	0.000015885
120	256	0.000015856
120	256	0.000013664
120	256	0.000015993
120	256	0.000014941
120	256	0.000015860
120	256	0.000015918
120	256	0.000015862
120	256	0.000015881
120	256	0.000014189
120	256	0.000015600
120	256	0.000015911
120	256	0.000012508
120	256	0.000013266
120	256	0.000015888
120	256	0.000015883
120	256	0.000015587
120	256	0.000015867
120	256	0.000015837
120	256	0.000015872
120	256	0.000015624
120	256	0.000015635
120	256	0.000015861
120	256	0.000015869
120	256	0.000015573
120	256	0.000015884
120	256	0.000015873
120	256	0.000015865
120	256	0.000015572
120	256	0.000015864
120	380	0.000017412
120	380	0.000017422
120	380	0.000017439
120	380	0.000017390
120	380	0.000017471
120	380	0.000017440
120	380	0.000017424
120	380	0.000017447
120	380	0.000017412
120	380	0.000017421
120	380	0.000017411
120	380	0.000017430
120	380	0.000017430
120	380	0.000017439
120	380	0.000017395
120	380	0.000017462
120	380	0.000017411
120	380	0.000017448
120	380	0.000017423
120	380	0.000017423
120	380	0.000017388
120	380	0.000017169
120	380	0.000017445
120	380	0.000017408
120	380	0.000017433
120	380	0.000017383
120	380	0.000017393
120	380	0.000017400
120	380	0.000017483
120	380	0.000017400
120	380	0.000017155
120	380	0.000017159
120	380	0.000017419
120	380	0.000017410
120	380	0.000017418
120	380	0.000017405
120	380	0.000024810
120	380	0.000017411
120	380	0.000017163
120	380	0.000016690
120	380	0.000017150
120	380	0.000017446
120	380	0.000017397
120	380	0.000017455
120	380	0.000017431
120	380	0.000017139
120	380	0.000017466
120	380	0.000016252
120	380	0.000017419
120	380	0.000017385
120	380	0.000017390
120	380	0.000017190
120	380	0.000017452
120	380	0.000017416
120	380	0.000017443
120	380	0.000017435
120	380	0.000017478
120	380	0.000017420
120	380	0.000017416
120	380	0.000017429
120	380	0.000017129
120	380	0.000017444
120	380	0.000017202
120	380	0.000017171
120	380	0.000017430
120	380	0.000017415
120	380	0.000017397
120	380	0.000017423
120	380	0.000017417
120	380	0.000017421
120	380	0.000017217
120	380	0.000017430
120	380	0.000017451
120	380	0.000017436
120	380	0.000017434
120	380	0.000017193
120	380	0.000017167
120	380	0.000017420
120	380	0.000017406
120	380	0.000017435
120	380	0.000017437
120	380	0.000017139
120	380	0.000016696
120	380	0.000017435
120	380	0.000017482
120	380	0.000017423
120	380	0.000017399
120	380	0.000017448
120	380	0.000017443
120	380	0.000017447
120	380	0.000017422
120	380	0.000017428
120	380	0.000017404
120	380	0.000017417
120	380	0.000017466
120	380	0.000017451
120	380	0.000017389
120	380	0.000017414
120	380	0.000017462
120	380	0.000017404
120	510	0.000020802
120	510	0.000020772
120	510	0.000020781
120	510	0.000020753
120	510	0.000020815
120	510	0.000020765
120	510	0.000020787
120	510	0.000020824
120	510	0.000020774
120	510	0.000020485
120	510	0.000020758
120	510	0.000020786
120	510	0.000020809
120	510	0.000020737
120	510	0.000020777
120	510	0.000020742
120	510	0.000020803
120	510	0.000020779
120	510	0.000029496
120	510	0.000019538
120	510	0.000020783
120	510	0.000020755
120	510	0.000020770
120	510	0.000020805
120	510	0.000020742
120	510	0.000020736
120	510	0.000020814
120	510	0.000020785
120	510	0.000020782
120	510	0.000020750
120	510	0.000020771
120	510	0.000020773
120	510	0.000020751
120	510	0.000020803
120	510	0.000020760
120	510	0.000020825
120	510	0.000020047
120	510	0.000020758
120	510	0.000020751
120	510	0.000020759
120	510	0.000020790
120	510	0.000020775
120	510	0.000020810
120	510	0.000020781
120	510	0.000020771
120	510	0.000020768
120	510	0.000020524
120	510	0.000020793
120	510	0.000020793
120	510	0.000020782
120	510	0.000019514
120	510	0.000020532
120	510	0.000020773
120	510	0.000020809
120	510	0.000020773
120	510	0.000020795
120	510	0.000020780
120	510	0.000020762
120	510	0.000020755
120	510	0.000020769
120	510	0.000020797
120	510	0.000020748
120	510	0.000020048
120	510	0.000019080
120	510	0.000020755
120	510	0.000020741
120	510	0.000019164
120	510	0.000019051
120	510	0.000020777
120	510	0.000020798
120	510	0.000020784
120	510	0.000020778
120	510	0.000020759
120	510	0.000020815
120	510	0.000020774
120	510	0.000020802
120	510	0.000020786
120	510	0.000020806
120	510	0.000020740
120	510	0.000020761
120	510	0.000020790
120	510	0.000020768
120	510	0.000020794
120	510	0.000020768
120	510	0.000020750
120	510	0.000020781
120	510	0.000020795
120	510	0.000020780
120	510	0.000019524
120	510	0.000020766
120	510	0.000020800
120	510	0.000020789
120	510	0.000020765
120	510	0.000020748
120	510	0.000020763
120	510	0.000020798
120	510	0.000020756
120	510	0.000020784
120	510	0.000020472
120	510	0.000020765
120	600	0.000026953
120	600	0.000026939
120	600	0.000026951
120	600	0.000026945
120	600	0.000026966
120	600	0.000026959
120	600	0.000026976
120	600	0.000033742
120	600	0.000026961
120	600	0.000026970
120	600	0.000026940
120	600	0.000026972
120	600	0.000026969
120	600	0.000027009
120	600	0.000026930
120	600	0.000026924
120	600	0.000026957
120	600	0.000026958
120	600	0.000026947
120	600	0.000026950
120	600	0.000026952
120	600	0.000026987
120	600	0.000027000
120	600	0.000026972
120	600	0.000026975
120	600	0.000026960
120	600	0.000026946
120	600	0.000026956
120	600	0.000026953
120	600	0.000026999
120	600	0.000027232
120	600	0.000026978
120	600	0.000027955
120	600	0.000027966
120	600	0.000027971
120	600	0.000027944
120	600	0.000027966
120	600	0.000027939
120	600	0.000026911
120	600	0.000026719
120	600	0.000026966
120	600	0.000026972
120	600	0.000026923
120	600	0.000026221
120	600	0.000026947
120	600	0.000026952
120	600	0.000026964
120	600	0.000026942
120	600	0.000026972
120	600	0.000026968
120	600	0.000026740
120	600	0.000026961
120	600	0.000026968
120	600	0.000026977
120	600	0.000026955
120	600	0.000026968
120	600	0.000026961
120	600	0.000026950
120	600	0.000026937
120	600	0.000026951
120	600	0.000026927
120	600	0.000026950
120	600	0.000026940
120	600	0.000026918
120	600	0.000026972
120	600	0.000026993
120	600	0.000026975
120	600	0.000026990
120	600	0.000026961
120	600	0.000026972
120	600	0.000027002
120	600	0.000026969
120	600	0.000026965
120	600	0.000026960
120	600	0.000026946
120	600	0.000026953
120	600	0.000026965
120	600	0.000026944
120	600	0.000026969
120	600	0.000026975
120	600	0.000026957
120	600	0.000026979
120	600	0.000026978
120	600	0.000026715
120	600	0.000026950
120	600	0.000026964
120	600	0.000026947
120	600	0.000026941
120	600	0.000026981
120	600	0.000026949
120	600	0.000026718
120	600	0.000026956
120	600	0.000026948
120	600	0.000026988
120	600	0.000026977
120	600	0.000031384
120	600	0.000026932
120	600	0.000025250
120	600	0.000026974
120	600	0.000047160
250	128	0.000009983
250	128	0.000010000
250	128	0.000010673
250	128	0.000010721
250	128	0.000010692
250	128	0.000009991
250	128	0.000010031
250	128	0.000009935
250	128	0.000010011
250	128	0.000010719
250	128	0.000010685
250	128	0.000010667
250	128	0.000009980
250	128	0.000010022
250	128	0.000010010
250	128	0.000009966
250	128	0.000010012
250	128	0.000010668
250	128	0.000010020
250	128	0.000010044
250	128	0.000010014
250	128	0.000010666
250	128	0.000010038
250	128	0.000009976
250	128	0.000010018
250	128	0.000009977
250	128	0.000010130
250	128	0.000010649
250	128	0.000010031
250	128	0.000009958
250	128	0.000010714
250	128	0.000010035
250	128	0.000010019
250	128	0.000009976
250	128	0.000010016
250	128	0.000010005
250	128	0.000010011
250	128	0.000010016
250	128	0.000010036
250	128	0.000010705
250	128	0.000010695
250	128	0.000010737
250	128	0.000010729
250	128	0.000010795
250	128	0.000010718
250	128	0.000063601
250	128	0.000010788
250	128	0.000012668
250	128	0.000012770
250	128	0.000012804
250	128	0.000012697
250	128	0.000012772
250	128	0.000013397
250	128	0.000014384
250	128	0.000013345
250	128	0.000013296
250	128	0.000013408
250	128	0.000009963
250	128	0.000009965
250	128	0.000009996
250	128	0.000009985
250	128	0.000009970
250	128	0.000010054
250	128	0.000010021
250	128	0.000010737
250	128	0.000009979
250	128	0.000010717
250	128	0.000010703
250	128	0.000010004
250	128	0.000010719
250	128	0.000010002
250	128	0.000010667
250	128	0.000010729
250	128	0.000009988
250	128	0.000010021
250	128	0.000010030
250	128	0.000010019
250	128	0.000009961
250	128	0.000009969
250	128	0.000010055
250	128	0.000010002
250	128	0.000010662
250	128	0.000010011
250	128	0.000010047
250	128	0.000009961
250	128	0.000009956
250	128	0.000010719
250	128	0.000009986
250	128	0.000010676
250	128	0.000010736
250	128	0.000010024
250	128	0.000010037
250	128	0.000010712
250	128	0.000010031
250	128	0.000010051
250	128	0.000010005
250	128	0.000010014
250	128	0.000009975
250	128	0.000010700
250	128	0.000010120
250	256	0.000032975
250	256	0.000032948
250	256	0.000032962
250	256	0.000032961
250	256	0.000031450
250	256	0.000032955
250	256	0.000032958
250	256	0.000032966
250	256	0.000032947
250	256	0.000037723
250	256	0.000032951
250	256	0.000032981
250	256	0.000032969
250	256	0.000032958
250	256	0.000032370
250	256	0.000030914
250	256	0.000032923
250	256	0.000025105
250	256	0.000032964
250	256	0.000032951
250	256	0.000032978
250	256	0.000032974
250	256	0.000032958
250	256	0.000032945
250	256	0.000029486
250	256	0.000032933
250	256	0.000032953
250	256	0.000030953
250	256	0.000032944
250	256	0.000032962
250	256	0.000028017
250	256	0.000031500
250	256	0.000032995
250	256	0.000032976
250	256	0.000032929
250	256	0.000032950
250	256	0.000032978
250	256	0.000032961
250	256	0.000029413
250	256	0.000032969
250	256	0.000034186
250	256	0.000034179
250	256	0.000034180
250	256	0.000034181
250	256	0.000032346
250	256	0.000028399
250	256	0.000031441
250	256	0.000032978
250	256	0.000032985
250	256	0.000026869
250	256	0.000032968
250	256	0.000032977
250	256	0.000032982
250	256	0.000032963
250	256	0.000031427
250	256	0.000032993
250	256	0.000032942
250	256	0.000033003
250	256	0.000029406
250	256	0.000032926
250	256	0.000032964
250	256	0.000032973
250	256	0.000032946
250	256	0.000032950
250	256	0.000037203
250	256	0.000032968
250	256	0.000029393
250	256	0.000032912
250	256	0.000032978
250	256	0.000032965
250	256	0.000032944
250	256	0.000032936
250	256	0.000027363
250	256	0.000032961
250	256	0.000032980
250	256	0.000032962
250	256	0.000032943
250	256	0.000032966
250	256	0.000032942
250	256	0.000028789
250	256	0.000032440
250	256	0.000032936
250	256	0.000032967
250	256	0.000032992
250	256	0.000036615
250	256	0.000032955
250	256	0.000032956
250	256	0.000032337
250	256	0.000032992
250	256	0.000032964
250	256	0.000032972
250	256	0.000032924
250	256	0.000032948
250	256	0.000027910
250	256	0.000032992
250	256	0.000032939
250	256	0.000032958
250	256	0.000032946
250	256	0.000028356
250	256	0.000032955
250	380	0.000036197
250	380	0.000036198
250	380	0.000036173
250	380	0.000036209
250	380	0.000036192
250	380	0.000036176
250	380	0.000036188
250	380	0.000032651
250	380	0.000036182
250	380	0.000036190
250	380	0.000040316
250	380	0.000036178
250	380	0.000036186
250	380	0.000036176
250	380	0.000036183
250	380	0.000036190
250	380	0.000036204
250	380	0.000036177
250	380	0.000036176
250	380	0.000034121
250	380	0.000036203
250	380	0.000035578
250	380	0.000036200
250	380	0.000036170
250	380	0.000041578
250	380	0.000042183
250	380	0.000042223
250	380	0.000042212
250	380	0.000042249
250	380	0.000050637
250	380	0.000050636
250	380	0.000050706
250	380	0.000059579
250	380	0.000057093
250	380	0.000059592
250	380	0.000055264
250	380	0.000060634
250	380	0.000063309
250	380	0.000063340
250	380	0.000063323
250	380	0.000063309
250	380	0.000063294
250	380	0.000063303
250	380	0.000063346
250	380	0.000063338
250	380	0.000063307
250	380	0.000063297
250	380	0.000063342
250	380	0.000062285
250	380	0.000063347
250	380	0.000063333
250	380	0.000063290
250	380	0.000063305
250	380	0.000063291
250	380	0.000063392
250	380	0.000063315
250	380	0.000060643
250	380	0.000065374
250	380	0.000067561
250	380	0.000063262
250	380	0.000067507
250	380	0.000063324
250	380	0.000063353
250	380	0.000062332
250	380	0.000058701
250	380	0.000063305
250	380	0.000079708
250	380	0.000063331
250	380	0.000063332
250	380	0.000063344
250	380	0.000063362
250	380	0.000070681
250	380	0.000075156
250	380	0.000063344
250	380	0.000063277
250	380	0.000063309
250	380	0.000063365
250	380	0.000063361
250	380	0.000063331
250	380	0.000063297
250	380	0.000063331
250	380	0.000063292
250	380	0.000063325
250	380	0.000063317
250	380	0.000063344
250	380	0.000063266
250	380	0.000063292
250	380	0.000063327
250	380	0.000063325
250	380	0.000063294
250	380	0.000060583
250	380	0.000071810
250	380	0.000063300
250	380	0.000064695
250	380	0.000063328
250	380	0.000063336
250	380	0.000063336
250	380	0.000063329
250	380	0.000063359
250	380	0.000063312
250	510	0.000043174
250	510	0.000043140
250	510	0.000043164
250	510	0.000043149
250	510	0.000043158
250	510	0.000043160
250	510	0.000043173
250	510	0.000042545
250	510	0.000043138
250	510	0.000043147
250	510	0.000040542
250	510	0.000043129
250	510	0.000054537
250	510	0.000043184
250	510	0.000043154
250	510	0.000043184
250	510	0.000043176
250	510	0.000043196
250	510	0.000043160
250	510	0.000043184
250	510	0.000043189
250	510	0.000043155
250	510	0.000041642
250	510	0.000039623
250	510	0.000043184
250	510	0.000053582
250	510	0.000043176
250	510	0.000085227
250	510	0.000042596
250	510	0.000043174
250	510	0.000043167
250	510	0.000043182
250	510	0.000043190
250	510	0.000043141
250	510	0.000043122
250	510	0.000043112
250	510	0.000039613
250	510	0.000043178
250	510	0.000043161
250	510	0.000043143
250	510	0.000043163
250	510	0.000040534
250	510	0.000042536
250	510	0.000042554
250	510	0.000049978
250	510	0.000044748
250	510	0.000044747
250	510	0.000044758
250	510	0.000044754
250	510	0.000043163
250	510	0.000043158
250	510	0.000043174
250	510	0.000043156
250	510	0.000043180
250	510	0.000043176
250	510	0.000043182
250	510	0.000043193
250	510	0.000043164
250	510	0.000043160
250	510	0.000043134
250	510	0.000043132
250	510	0.000043131
250	510	0.000043190
250	510	0.000043160
250	510	0.000043167
250	510	0.000042536
250	510	0.000043159
250	510	0.000043156
250	510	0.000043161
250	510	0.000043143
250	510	0.000043160
250	510	0.000043271
250	510	0.000043135
250	510	0.000043171
250	510	0.000040512
250	510	0.000043149
250	510	0.000043168
250	510	0.000043179
250	510	0.000043192
250	510	0.000052076
250	510	0.000043170
250	510	0.000043157
250	510	0.000043144
250	510	0.000043149
250	510	0.000043169
250	510	0.000046184
250	510	0.000043142
250	510	0.000043170
250	510	0.000043182
250	510	0.000043149
250	510	0.000043165
250	510	0.000043164
250	510	0.000043177
250	510	0.000043166
250	510	0.000043166
250	510	0.000043179
250	510	0.000042554
250	510	0.000043192
250	510	0.000043182
250	510	0.000043151
250	600	0.000056053
250	600	0.000056057
250	600	0.000056220
250	600	0.000056033
250	600	0.000054510
250	600	0.000056056
250	600	0.000052508
250	600	0.000056037
250	600	0.000056059
250	600	0.000052477
250	600	0.000056052
250	600	0.000056048
250	600	0.000056040
250	600	0.000056015
250	600	0.000056056
250	600	0.000056047
250	600	0.000054516
250	600	0.000056025
250	600	0.000056062
250	600	0.000056044
250	600	0.000056042
250	600	0.000056039
250	600	0.000056055
250	600	0.000058311
250	600	0.000056062
250	600	0.000056045
250	600	0.000056009
250	600	0.000056056
250	600	0.000056056
250	600	0.000056065
250	600	0.000056054
250	600	0.000056077
250	600	0.000056025
250	600	0.000056031
250	600	0.000056029
250	600	0.000056029
250	600	0.000056029
250	600	0.000056007
250	600	0.000056072
250	600	0.000056008
250	600	0.000058142
250	600	0.000058121
250	600	0.000058103
250	600	0.000058109
250	600	0.000054426
250	600	0.000066296
250	600	0.000065410
250	600	0.000065417
250	600	0.000065387
250	600	0.000065380
250	600	0.000064679
250	600	0.000056033
250	600	0.000056059
250	600	0.000056071
250	600	0.000056033
250	600	0.000056038
250	600	0.000070826
250	600	0.000056053
250	600	0.000056054
250	600	0.000056048
250	600	0.000056082
250	600	0.000056025
250	600	0.000056028
250	600	0.000056098
250	600	0.000056074
250	600	0.000056064
250	600	0.000056077
250	600	0.000054541
250	600	0.000056047
250	600	0.000056060
250	600	0.000056031
250	600	0.000056040
250	600	0.000056035
250	600	0.000056049
250	600	0.000056054
250	600	0.000059918
250	600	0.000056068
250	600	0.000056048
250	600	0.000056085
250	600	0.000056042
250	600	0.000056068
250	600	0.000055470
250	600	0.000056066
250	600	0.000056033
250	600	0.000056053
250	600	0.000056047
250	600	0.000056071
250	600	0.000056031
250	600	0.000056056
250	600	0.000056036
250	600	0.000053423
250	600	0.000056047
250	600	0.000059471
250	600	0.000056059
250	600	0.000056043
250	600	0.000056041
250	600	0.000054521
250	600	0.000056073
250	600	0.000056052
250	600	0.000056068
380	128	0.000016178
380	128	0.000016166
380	128	0.000015078
380	128	0.000016201
380	128	0.000015067
380	128	0.000015077
380	128	0.000016162
380	128	0.000016190
380	128	0.000015124
380	128	0.000015078
380	128	0.000015071
380	128	0.000015109
380	128	0.000016179
380	128	0.000015206
380	128	0.000015119
380	128	0.000016161
380	128	0.000015124
380	128	0.000015114
380	128	0.000015090
380	128	0.000015085
380	128	0.000015098
380	128	0.000015183
380	128	0.000015078
380	128	0.000015221
380	128	0.000016188
380	128	0.000015127
380	128	0.000015096
380	128	0.000016187
380	128	0.000015083
380	128	0.000015129
380	128	0.000015128
380	128	0.000015847
380	128	0.000015103
380	128	0.000015104
380	128	0.000015224
380	128	0.000015169
380	128	0.000015084
380	128	0.000015171
380	128	0.000015198
380	128	0.000015128
380	128	0.000016168
380	128	0.000015045
380	128	0.000015226
380	128	0.000015145
380	128	0.000015214
380	128	0.000015228
380	128	0.000015207
380	128	0.000016188
380	128	0.000026938
380	128	0.000016080
380	128	0.000015107
380	128	0.000015203
380	128	0.000015042
380	128	0.000016185
380	128	0.000016174
380	128	0.000015038
380	128	0.000015132
380	128	0.000016191
380	128	0.000016168
380	128	0.000015117
380	128	0.000015059
380	128	0.000015165
380	128	0.000015144
380	128	0.000015124
380	128	0.000015164
380	128	0.000015072
380	128	0.000015132
380	128	0.000015154
380	128	0.000016175
380	128	0.000015182
380	128	0.000015047
380	128	0.000016172
380	128	0.000015182
380	128	0.000015109
380	128	0.000016226
380	128	0.000019864
380	128	0.000015166
380	128	0.000015150
380	128	0.000015176
380	128	0.000015055
380	128	0.000015131
380	128	0.000023645
380	128	0.000016198
380	128	0.000015249
380	128	0.000015042
380	128	0.000015113
380	128	0.000015103
380	128	0.000015116
380	128	0.000015153
380	128	0.000015089
380	128	0.000016208
380	128	0.000015143
380	128	0.000015112
380	128	0.000015095
380	128	0.000015068
380	128	0.000016133
380	128	0.000016209
380	128	0.000016197
380	128	0.000016168
380	128	0.000015086
380	256	0.000050047
380	256	0.000050042
380	256	0.000047077
380	256	0.000050036
380	256	0.000050049
380	256	0.000050138
380	256	0.000050094
380	256	0.000050072
380	256	0.000050061
380	256	0.000050017
380	256	0.000050033
380	256	0.000050042
380	256	0.000050042
380	256	0.000043390
380	256	0.000050027
380	256	0.000050058
380	256	0.000050034
380	256	0.000050076
380	256	0.000050038
380	256	0.000050060
380	256	0.000050076
380	256	0.000050074
380	256	0.000050045
380	256	0.000050057
380	256	0.000050053
380	256	0.000050046
380	256	0.000047089
380	256	0.000050083
380	256	0.000051954
380	256	0.000044670
380	256	0.000054136
380	256	0.000049270
380	256	0.000050004
380	256	0.000050010
380	256	0.000050075
380	256	0.000050107
380	256	0.000044750
380	256	0.000050089
380	256	0.000055701
380	256	0.000043502
380	256	0.000050053
380	256	0.000047079
380	256	0.000050070
380	256	0.000049133
380	256	0.000050076
380	256	0.000052698
380	256	0.000050007
380	256	0.000054608
380	256	0.000043974
380	256	0.000063683
380	256	0.000050020
380	256	0.000055772
380	256	0.000050048
380	256	0.000050065
380	256	0.000049987
380	256	0.000050041
380	256	0.000047027
380	256	0.000049981
380	256	0.000050008
380	256	0.000050059
380	256	0.000047114
380	256	0.000050101
380	256	0.000050083
380	256	0.000050055
380	256	0.000050102
380	256	0.000044641
380	256	0.000049066
380	256	0.000050063
380	256	0.000050059
380	256	0.000049208
380	256	0.000049215
380	256	0.000050058
380	256	0.000050107
380	256	0.000050096
380	256	0.000050025
380	256	0.000045293
380	256	0.000050083
380	256	0.000044670
380	256	0.000050031
380	256	0.000047044
380	256	0.000049975
380	256	0.000050022
380	256	0.000038963
380	256	0.000050011
380	256	0.000050064
380	256	0.000050063
380	256	0.000050098
380	256	0.000050050
380	256	0.000049107
380	256	0.000050022
380	256	0.000050041
380	256	0.000050043
380	256	0.000050122
380	256	0.000050115
380	256	0.000050092
380	256	0.000050043
380	256	0.000050065
380	256	0.000042065
380	256	0.000050100
380	256	0.000050039
380	380	0.000054990
380	380	0.000051960
380	380	0.000054966
380	380	0.000054998
380	380	0.000051955
380	380	0.000048713
380	380	0.000054908
380	380	0.000054989
380	380	0.000054975
380	380	0.000054991
380	380	0.000054917
380	380	0.000054953
380	380	0.000054946
380	380	0.000054934
380	380	0.000054947
380	380	0.000055014
380	380	0.000054919
380	380	0.000054197
380	380	0.000054926
380	380	0.000054939
380	380	0.000054969
380	380	0.000054911
380	380	0.000054973
380	380	0.000054769
380	380	0.000054993
380	380	0.000054945
380	380	0.000054926
380	380	0.000051997
380	380	0.000054954
380	380	0.000054936
380	380	0.000054911
380	380	0.000054955
380	380	0.000054978
380	380	0.000054935
380	380	0.000054933
380	380	0.000054944
380	380	0.000059132
380	380	0.000053295
380	380	0.000058276
380	380	0.000059116
380	380	0.000059175
380	380	0.000061294
380	380	0.000064072
380	380	0.000064229
380	380	0.000054967
380	380	0.000054979
380	380	0.000054949
380	380	0.000054999
380	380	0.000068508
380	380	0.000073278
380	380	0.000073207
380	380	0.000073241
380	380	0.000054952
380	380	0.000054923
380	380	0.000054938
380	380	0.000082854
380	380	0.000076879
380	380	0.000085542
380	380	0.000085489
380	380	0.000085463
380	380	0.000091513
380	380	0.000085515
380	380	0.000084008
380	380	0.000085426
380	380	0.000096144
380	380	0.000096185
380	380	0.000102611
380	380	0.000094526
380	380	0.000096216
380	380	0.000090567
380	380	0.000096205
380	380	0.000096105
380	380	0.000096123
380	380	0.000096149
380	380	0.000096132
380	380	0.000096158
380	380	0.000096218
380	380	0.000096243
380	380	0.000096226
380	380	0.000096184
380	380	0.000089078
380	380	0.000086720
380	380	0.000098022
380	380	0.000107339
380	380	0.000090529
380	380	0.000096268
380	380	0.000096202
380	380	0.000096249
380	380	0.000090480
380	380	0.000093999
380	380	0.000089080
380	380	0.000096229
380	380	0.000086612
380	380	0.000096176
380	380	0.000096201
380	380	0.000103850
380	380	0.000104759
380	380	0.000096132
380	380	0.000096209
380	380	0.000090987
380	510	0.000065559
380	510	0.000065579
380	510	0.000071004
380	510	0.000065608
380	510	0.000065639
380	510	0.000065558
380	510	0.000065596
380	510	0.000065551
380	510	0.000062575
380	510	0.000065583
380	510	0.000065587
380	510	0.000065626
380	510	0.000065533
380	510	0.000062597
380	510	0.000065508
380	510	0.000065566
380	510	0.000065571
380	510	0.000065570
380	510	0.000065552
380	510	0.000060162
380	510	0.000065519
380	510	0.000065597
380	510	0.000071558
380	510	0.000064600
380	510	0.000064786
380	510	0.000062594
380	510	0.000065612
380	510	0.000064641
380	510	0.000065533
380	510	0.000064789
380	510	0.000065558
380	510	0.000065554
380	510	0.000065518
380	510	0.000065524
380	510	0.000065585
380	510	0.000065528
380	510	0.000065551
380	510	0.000065519
380	510	0.000065545
380	510	0.000065577
380	510	0.000065583
380	510	0.000065586
380	510	0.000065570
380	510	0.000065532
380	510	0.000065535
380	510	0.000065605
380	510	0.000072515
380	510	0.000065528
380	510	0.000065524
380	510	0.000065529
380	510	0.000073214
380	510	0.000065747
380	510	0.000065543
380	510	0.000065532
380	510	0.000062594
380	510	0.000065538
380	510	0.000079893
380	510	0.000065538
380	510	0.000062616
380	510	0.000065588
380	510	0.000065537
380	510	0.000065589
380	510	0.000065585
380	510	0.000065619
380	510	0.000065596
380	510	0.000065612
380	510	0.000065542
380	510	0.000065581
380	510	0.000065592
380	510	0.000065527
380	510	0.000062556
380	510	0.000064748
380	510	0.000105595
380	510	0.000096621
380	510	0.000065554
380	510	0.000065510
380	510	0.000065551
380	510	0.000061680
380	510	0.000064736
380	510	0.000065593
380	510	0.000065523
380	510	0.000064631
380	510	0.000065593
380	510	0.000071167
380	510	0.000065543
380	510	0.000065532
380	510	0.000065519
380	510	0.000065575
380	510	0.000065537
380	510	0.000062607
380	510	0.000065519
380	510	0.000065602
380	510	0.000064732
380	510	0.000065526
380	510	0.000065567
380	510	0.000065535
380	510	0.000065565
380	510	0.000062642
380	510	0.000065567
380	510	0.000065603
380	600	0.000085112
380	600	0.000085144
380	600	0.000085155
380	600	0.000085193
380	600	0.000085144
380	600	0.000085200
380	600	0.000085136
380	600	0.000085201
380	600	0.000089777
380	600	0.000085107
380	600	0.000103512
380	600	0.000085148
380	600	0.000085139
380	600	0.000085150
380	600	0.000085124
380	600	0.000085129
380	600	0.000085119
380	600	0.000085170
380	600	0.000085138
380	600	0.000085156
380	600	0.000085153
380	600	0.000085118
380	600	0.000099361
380	600	0.000099390
380	600	0.000099382
380	600	0.000099399
380	600	0.000118297
380	600	0.000115031
380	600	0.000119167
380	600	0.000125214
380	600	0.000149065
380	600	0.000147380
380	600	0.000149026
380	600	0.000149068
380	600	0.000149043
380	600	0.000149034
380	600	0.000149033
380	600	0.000149061
380	600	0.000149063
380	600	0.000143757
380	600	0.000148942
380	600	0.000159000
380	600	0.000158919
380	600	0.000149084
380	600	0.000161263
380	600	0.000149001
380	600	0.000149066
380	600	0.000161206
380	600	0.000156707
380	600	0.000157832
380	600	0.000159498
380	600	0.000177451
380	600	0.000161181
380	600	0.000161168
380	600	0.000149048
380	600	0.000148932
380	600	0.000148987
380	600	0.000149017
380	600	0.000149058
380	600	0.000149281
380	600	0.000149078
380	600	0.000149169
380	600	0.000145526
380	600	0.000149091
380	600	0.000149023
380	600	0.000149100
380	600	0.000149031
380	600	0.000149039
380	600	0.000148996
380	600	0.000149048
380	600	0.000148984
380	600	0.000149089
380	600	0.000149062
380	600	0.000149050
380	600	0.000159054
380	600	0.000149017
380	600	0.000149029
380	600	0.000180384
380	600	0.000149056
380	600	0.000149010
380	600	0.000160900
380	600	0.000149012
380	600	0.000158016
380	600	0.000149041
380	600	0.000149089
380	600	0.000141947
380	600	0.000149026
380	600	0.000140248
380	600	0.000149014
380	600	0.000149084
380	600	0.000148951
380	600	0.000149070
380	600	0.000149056
380	600	0.000149056
380	600	0.000149025
380	600	0.000141338
380	600	0.000148954
380	600	0.000148985
380	600	0.000149003
380	600	0.000149055
510	128	0.000020176
510	128	0.000021977
510	128	0.000020241
510	128	0.000021617
510	128	0.000020191
510	128	0.000020228
510	128	0.000020144
510	128	0.000020140
510	128	0.000025684
510	128	0.000020240
510	128	0.000021688
510	128	0.000020237
510	128	0.000020156
510	128	0.000020178
510	128	0.000020188
510	128	0.000021643
510	128	0.000020212
510	128	0.000020180
510	128	0.000020228
510	128	0.000020186
510	128	0.000020251
510	128	0.000020204
510	128	0.000020303
510	128	0.000020224
510	128	0.000020306
510	128	0.000020228
510	128	0.000021645
510	128	0.000021646
510	128	0.000020158
510	128	0.000020281
510	128	0.000021630
510	128	0.000020230
510	128	0.000021624
510	128	0.000020146
510	128	0.000020212
510	128	0.000020239
510	128	0.000020201
510	128	0.000020255
510	128	0.000020209
510	128	0.000020286
510	128	0.000020191
510	128	0.000023298
510	128	0.000021734
510	128	0.000023361
510	128	0.000021872
510	128	0.000020246
510	128	0.000021662
510	128	0.000020293
510	128	0.000020281
510	128	0.000020267
510	128	0.000020242
510	128	0.000026276
510	128	0.000020425
510	128	0.000020324
510	128	0.000020413
510	128	0.000020215
510	128	0.000020247
510	128	0.000021653
510	128	0.000020220
510	128	0.000021658
510	128	0.000020312
510	128	0.000020237
510	128	0.000020189
510	128	0.000020164
510	128	0.000020211
510	128	0.000021677
510	128	0.000021534
510	128	0.000020377
510	128	0.000021678
510	128	0.000020189
510	128	0.000020182
510	128	0.000021641
510	128	0.000020177
510	128	0.000021649
510	128	0.000020084
510	128	0.000020218
510	128	0.000020291
510	128	0.000020186
510	128	0.000020169
510	128	0.000021542
510	128	0.000020225
510	128	0.000020228
510	128	0.000019031
510	128	0.000020242
510	128	0.000020198
510	128	0.000020180
510	128	0.000020221
510	128	0.000020230
510	128	0.000020187
510	128	0.000020154
510	128	0.000020220
510	128	0.000020156
510	128	0.000020108
510	128	0.000021648
510	128	0.000020203
510	128	0.000020300
510	128	0.000020225
510	128	0.000020188
510	128	0.000020188
510	128	0.000020196
510	256	0.000067168
510	256	0.000067156
510	256	0.000067371
510	256	0.000067136
510	256	0.000068079
510	256	0.000067188
510	256	0.000067141
510	256	0.000067145
510	256	0.000067161
510	256	0.000067161
510	256	0.000067090
510	256	0.000067066
510	256	0.000067100
510	256	0.000067192
510	256	0.000067121
510	256	0.000065853
510	256	0.000067188
510	256	0.000067109
510	256	0.000067139
510	256	0.000067105
510	256	0.000061630
510	256	0.000067133
510	256	0.000067144
510	256	0.000067171
510	256	0.000065846
510	256	0.000066045
510	256	0.000061720
510	256	0.000067176
510	256	0.000061733
510	256	0.000067162
510	256	0.000067121
510	256	0.000067105
510	256	0.000059885
510	256	0.000067107
510	256	0.000067175
510	256	0.000067207
510	256	0.000067185
510	256	0.000067104
510	256	0.000067130
510	256	0.000059823
510	256	0.000067225
510	256	0.000067096
510	256	0.000067091
510	256	0.000067100
510	256	0.000065858
510	256	0.000067120
510	256	0.000067169
510	256	0.000066015
510	256	0.000061965
510	256	0.000067213
510	256	0.000072560
510	256	0.000067193
510	256	0.000065861
510	256	0.000067185
510	256	0.000065873
510	256	0.000066043
510	256	0.000061263
510	256	0.000067155
510	256	0.000067142
510	256	0.000067130
510	256	0.000067127
510	256	0.000067156
510	256	0.000067195
510	256	0.000067102
510	256	0.000067129
510	256	0.000067201
510	256	0.000062747
510	256	0.000067104
510	256	0.000067158
510	256	0.000067092
510	256	0.000067071
510	256	0.000067122
510	256	0.000062110
510	256	0.000067899
510	256	0.000061673
510	256	0.000067115
510	256	0.000067130
510	256	0.000067100
510	256	0.000061201
510	256	0.000066113
510	256	0.000067131
510	256	0.000071102
510	256	0.000067142
510	256	0.000067536
510	256	0.000067083
510	256	0.000067148
510	256	0.000066062
510	256	0.000067117
510	256	0.000067105
510	256	0.000062518
510	256	0.000067124
510	256	0.000066059
510	256	0.000067105
510	256	0.000066043
510	256	0.000067114
510	256	0.000067172
510	256	0.000067200
510	256	0.000074492
510	256	0.000067142
510	256	0.000067184
510	380	0.000079792
510	380	0.000073746
510	380	0.000073672
510	380	0.000073728
510	380	0.000073707
510	380	0.000073766
510	380	0.000072457
510	380	0.000073735
510	380	0.000073727
510	380	0.000073689
510	380	0.000073737
510	380	0.000073662
510	380	0.000078439
510	380	0.000073724
510	380	0.000077770
510	380	0.000073679
510	380	0.000073762
510	380	0.000073656
510	380	0.000073787
510	380	0.000073666
510	380	0.000073677
510	380	0.000073668
510	380	0.000072388
510	380	0.000073682
510	380	0.000080298
510	380	0.000073666
510	380	0.000073667
510	380	0.000073683
510	380	0.000073711
510	380	0.000073671
510	380	0.000073702
510	380	0.000073728
510	380	0.000073741
510	380	0.000078322
510	380	0.000073669
510	380	0.000072631
510	380	0.000073910
510	380	0.000073752
510	380	0.000073684
510	380	0.000078523
510	380	0.000073703
510	380	0.000072443
510	380	0.000073684
510	380	0.000073725
510	380	0.000073658
510	380	0.000073664
510	380	0.000073744
510	380	0.000073688
510	380	0.000105487
510	380	0.000073677
510	380	0.000073711
510	380	0.000073666
510	380	0.000073668
510	380	0.000073662
510	380	0.000073696
510	380	0.000073709
510	380	0.000073701
510	380	0.000073782
510	380	0.000073711
510	380	0.000073789
510	380	0.000073681
510	380	0.000078401
510	380	0.000073684
510	380	0.000073772
510	380	0.000073632
510	380	0.000073663
510	380	0.000066486
510	380	0.000073705
510	380	0.000073683
510	380	0.000073695
510	380	0.000078232
510	380	0.000073699
510	380	0.000073745
510	380	0.000073711
510	380	0.000068236
510	380	0.000073750
510	380	0.000073672
510	380	0.000073735
510	380	0.000073706
510	380	0.000072421
510	380	0.000073738
510	380	0.000073669
510	380	0.000073723
510	380	0.000073758
510	380	0.000073693
510	380	0.000073754
510	380	0.000073733
510	380	0.000073689
510	380	0.000073663
510	380	0.000073685
510	380	0.000073737
510	380	0.000078295
510	380	0.000073731
510	380	0.000096883
510	380	0.000073732
510	380	0.000072653
510	380	0.000073658
510	380	0.000073651
510	380	0.000073778
510	380	0.000073722
510	510	0.000087974
510	510	0.000093719
510	510	0.000087983
510	510	0.000088006
510	510	0.000080693
510	510	0.000087922
510	510	0.000088005
510	510	0.000087932
510	510	0.000087944
510	510	0.000087997
510	510	0.000080678
510	510	0.000087939
510	510	0.000087988
510	510	0.000080677
510	510	0.000087966
510	510	0.000087933
510	510	0.000087950
510	510	0.000087899
510	510	0.000087889
510	510	0.000088018
510	510	0.000081437
510	510	0.000087917
510	510	0.000087935
510	510	0.000088020
510	510	0.000088726
510	510	0.000092963
510	510	0.000087897
510	510	0.000087912
510	510	0.000098521
510	510	0.000098536
510	510	0.000098458
510	510	0.000098532
510	510	0.000098500
510	510	0.000123069
510	510	0.000128525
510	510	0.000123125
510	510	0.000133140
510	510	0.000144906
510	510	0.000144864
510	510	0.000144813
510	510	0.000155740
510	510	0.000153956
510	510	0.000153861
510	510	0.000156507
510	510	0.000160772
510	510	0.000160948
510	510	0.000148942
510	510	0.000165699
510	510	0.000153895
510	510	0.000153987
510	510	0.000153844
510	510	0.000153890
510	510	0.000153815
510	510	0.000153857
510	510	0.000153839
510	510	0.000153958
510	510	0.000153920
510	510	0.000153961
510	510	0.000153882
510	510	0.000153895
510	510	0.000164118
510	510	0.000153998
510	510	0.000164183
510	510	0.000162595
510	510	0.000163202
510	510	0.000169980
510	510	0.000144849
510	510	0.000153950
510	510	0.000153864
510	510	0.000153972
510	510	0.000153936
510	510	0.000153952
510	510	0.000153899
510	510	0.000144909
510	510	0.000144880
510	510	0.000153986
510	510	0.000153901
510	510	0.000154015
510	510	0.000153846
510	510	0.000153968
510	510	0.000153863
510	510	0.000153920
510	510	0.000153869
510	510	0.000153923
510	510	0.000153965
510	510	0.000144822
510	510	0.000153954
510	510	0.000153928
510	510	0.000164836
510	510	0.000167394
510	510	0.000153876
510	510	0.000144450
510	510	0.000153872
510	510	0.000153912
510	510	0.000155232
510	510	0.000153946
510	510	0.000153879
510	510	0.000153881
510	510	0.000141218
510	510	0.000148475
510	600	0.000114266
510	600	0.000114204
510	600	0.000114243
510	600	0.000114267
510	600	0.000114267
510	600	0.000114217
510	600	0.000114241
510	600	0.000114223
510	600	0.000114222
510	600	0.000114221
510	600	0.000114269
510	600	0.000121248
510	600	0.000106972
510	600	0.000114276
510	600	0.000114261
510	600	0.000114229
510	600	0.000114278
510	600	0.000114187
510	600	0.000114298
510	600	0.000114197
510	600	0.000114178
510	600	0.000127092
510	600	0.000114303
510	600	0.000114227
510	600	0.000114246
510	600	0.000114218
510	600	0.000118679
510	600	0.000114230
510	600	0.000114212
510	600	0.000119207
510	600	0.000114259
510	600	0.000114251
510	600	0.000114186
510	600	0.000114261
510	600	0.000115053
510	600	0.000114215
510	600	0.000114306
510	600	0.000119031
510	600	0.000114260
510	600	0.000114223
510	600	0.000130790
510	600	0.000114249
510	600	0.000114211
510	600	0.000114282
510	600	0.000114200
510	600	0.000138206
510	600	0.000133301
510	600	0.000133266
510	600	0.000139249
510	600	0.000133318
510	600	0.000139144
510	600	0.000137755
510	600	0.000139105
510	600	0.000139089
510	600	0.000139122
510	600	0.000139008
510	600	0.000139044
510	600	0.000144124
510	600	0.000145438
510	600	0.000145421
510	600	0.000145419
510	600	0.000186895
510	600	0.000207676
510	600	0.000177764
510	600	0.000188586
510	600	0.000188153
510	600	0.000188166
510	600	0.000194344
510	600	0.000199974
510	600	0.000199884
510	600	0.000209164
510	600	0.000210495
510	600	0.000199940
510	600	0.000199887
510	600	0.000199878
510	600	0.000199972
510	600	0.000199865
510	600	0.000207675
510	600	0.000206033
510	600	0.000219686
510	600	0.000204116
510	600	0.000201613
510	600	0.000199948
510	600	0.000190400
510	600	0.000189271
510	600	0.000199955
510	600	0.000199977
510	600	0.000199980
510	600	0.000199805
510	600	0.000199883
510	600	0.000199838
510	600	0.000188154
510	600	0.000188221
510	600	0.000182495
510	600	0.000200010
510	600	0.000199962
510	600	0.000199918
510	600	0.000199869
510	600	0.000199870
510	600	0.000199886
600	128	0.000023695
600	128	0.000023746
600	128	0.000025388
600	128	0.000025376
600	128	0.000023701
600	128	0.000023711
600	128	0.000025398
600	128	0.000023735
600	128	0.000025399
600	128	0.000023745
600	128	0.000023629
600	128	0.000025387
600	128	0.000023742
600	128	0.000025372
600	128	0.000023760
600	128	0.000023744
600	128	0.000023733
600	128	0.000025437
600	128	0.000023707
600	128	0.000025393
600	128	0.000025760
600	128	0.000023742
600	128	0.000023755
600	128	0.000030335
600	128	0.000023754
600	128	0.000023718
600	128	0.000023744
600	128	0.000023894
600	128	0.000023699
600	128	0.000025435
600	128	0.000023730
600	128	0.000023706
600	128	0.000023751
600	128	0.000023747
600	128	0.000023713
600	128	0.000023719
600	128	0.000025457
600	128	0.000023686
600	128	0.000023724
600	128	0.000023869
600	128	0.000023732
600	128	0.000023697
600	128	0.000023719
600	128	0.000023656
600	128	0.000027341
600	128	0.000027324
600	128	0.000027380
600	128	0.000025527
600	128	0.000025581
600	128	0.000027405
600	128	0.000027630
600	128	0.000023697
600	128	0.000023777
600	128	0.000023832
600	128	0.000023849
600	128	0.000023677
600	128	0.000025409
600	128	0.000023827
600	128	0.000025413
600	128	0.000025411
600	128	0.000023740
600	128	0.000023711
600	128	0.000023689
600	128	0.000025407
600	128	0.000023688
600	128	0.000036213
600	128	0.000023683
600	128	0.000023804
600	128	0.000023873
600	128	0.000025777
600	128	0.000023724
600	128	0.000023678
600	128	0.000023809
600	128	0.000023825
600	128	0.000025436
600	128	0.000023874
600	128	0.000025428
600	128	0.000023735
600	128	0.000023757
600	128	0.000023723
600	128	0.000023757
600	128	0.000023692
600	128	0.000023686
600	128	0.000023715
600	128	0.000023810
600	128	0.000023787
600	128	0.000024067
600	128	0.000023848
600	128	0.000023884
600	128	0.000023881
600	128	0.000025426
600	128	0.000023715
600	128	0.000023729
600	128	0.000023697
600	128	0.000025411
600	128	0.000025444
600	128	0.000023956
600	128	0.000023724
600	128	0.000023899
600	128	0.000023756
600	256	0.000079021
600	256	0.000084290
600	256	0.000078994
600	256	0.000078910
600	256	0.000081549
600	256	0.000078966
600	256	0.000078955
600	256	0.000078981
600	256	0.000078952
600	256	0.000079025
600	256	0.000072578
600	256	0.000077649
600	256	0.000078947
600	256	0.000083488
600	256	0.000078942
600	256	0.000079028
600	256	0.000070400
600	256	0.000069096
600	256	0.000078939
600	256	0.000078966
600	256	0.000078986
600	256	0.000079037
600	256	0.000078907
600	256	0.000078937
600	256	0.000084022
600	256	0.000078994
600	256	0.000079019
600	256	0.000078923
600	256	0.000078912
600	256	0.000079015
600	256	0.000078925
600	256	0.000078918
600	256	0.000079052
600	256	0.000078915
600	256	0.000079860
600	256	0.000079065
600	256	0.000078912
600	256	0.000079904
600	256	0.000078915
600	256	0.000078939
600	256	0.000078970
600	256	0.000078955
600	256	0.000078954
600	256	0.000092073
600	256	0.000092066
600	256	0.000092085
600	256	0.000092200
600	256	0.000092197
600	256	0.000096178
600	256	0.000096194
600	256	0.000096109
600	256	0.000113776
600	256	0.000116500
600	256	0.000116432
600	256	0.000126420
600	256	0.000114413
600	256	0.000123177
600	256	0.000138120
600	256	0.000138152
600	256	0.000138323
600	256	0.000138091
600	256	0.000138303
600	256	0.000135894
600	256	0.000138337
600	256	0.000138278
600	256	0.000138110
600	256	0.000138141
600	256	0.000138301
600	256	0.000127020
600	256	0.000138222
600	256	0.000138136
600	256	0.000138178
600	256	0.000138254
600	256	0.000138214
600	256	0.000138145
600	256	0.000139833
600	256	0.000141009
600	256	0.000146691
600	256	0.000138571
600	256	0.000135534
600	256	0.000138134
600	256	0.000127095
600	256	0.000136445
600	256	0.000138293
600	256	0.000138275
600	256	0.000138275
600	256	0.000138279
600	256	0.000138227
600	256	0.000138294
600	256	0.000124763
600	256	0.000138168
600	256	0.000135875
600	256	0.000138338
600	256	0.000135881
600	256	0.000138267
600	256	0.000139778
600	256	0.000138152
600	256	0.000138097
600	256	0.000138104
600	256	0.000138154
600	380	0.000086748
600	380	0.000086742
600	380	0.000086747
600	380	0.000086657
600	380	0.000086694
600	380	0.000086732
600	380	0.000085430
600	380	0.000086712
600	380	0.000086639
600	380	0.000086767
600	380	0.000086688
600	380	0.000086697
600	380	0.000086667
600	380	0.000086716
600	380	0.000079915
600	380	0.000086628
600	380	0.000086709
600	380	0.000086646
600	380	0.000086671
600	380	0.000086657
600	380	0.000086744
600	380	0.000086741
600	380	0.000086738
600	380	0.000086647
600	380	0.000085370
600	380	0.000086676
600	380	0.000086689
600	380	0.000086757
600	380	0.000087580
600	380	0.000086802
600	380	0.000104634
600	380	0.000095414
600	380	0.000097087
600	380	0.000100366
600	380	0.000097168
600	380	0.000102239
600	380	0.000101123
600	380	0.000101208
600	380	0.000101177
600	380	0.000115604
600	380	0.000115645
600	380	0.000115579
600	380	0.000122931
600	380	0.000127700
600	380	0.000129212
600	380	0.000129102
600	380	0.000127756
600	380	0.000127790
600	380	0.000125613
600	380	0.000127858
600	380	0.000151744
600	380	0.000158294
600	380	0.000163101
600	380	0.000158285
600	380	0.000151645
600	380	0.000151753
600	380	0.000145742
600	380	0.000151726
600	380	0.000149050
600	380	0.000151837
600	380	0.000151825
600	380	0.000151648
600	380	0.000151793
600	380	0.000165086
600	380	0.000151821
600	380	0.000172148
600	380	0.000153674
600	380	0.000142844
600	380	0.000151705
600	380	0.000151761
600	380	0.000151832
600	380	0.000151657
600	380	0.000151679
600	380	0.000151776
600	380	0.000151898
600	380	0.000151684
600	380	0.000151608
600	380	0.000162103
600	380	0.000161964
600	380	0.000144277
600	380	0.000151658
600	380	0.000151643
600	380	0.000151793
600	380	0.000151657
600	380	0.000151626
600	380	0.000151813
600	380	0.000151820
600	380	0.000153301
600	380	0.000151838
600	380	0.000151676
600	380	0.000151775
600	380	0.000142874
600	380	0.000151807
600	380	0.000151790
600	380	0.000151626
600	380	0.000151853
600	380	0.000142865
600	380	0.000151679
600	380	0.000151676
600	380	0.000151743
600	510	0.000108535
600	510	0.000103414
600	510	0.000103522
600	510	0.000103439
600	510	0.000109343
600	510	0.000104366
600	510	0.000097043
600	510	0.000103446
600	510	0.000103502
600	510	0.000103421
600	510	0.000103460
600	510	0.000103474
600	510	0.000109282
600	510	0.000103501
600	510	0.000103421
600	510	0.000103403
600	510	0.000101935
600	510	0.000103385
600	510	0.000104373
600	510	0.000094828
600	510	0.000103400
600	510	0.000103450
600	510	0.000103488
600	510	0.000103410
600	510	0.000110139
600	510	0.000103449
600	510	0.000103455
600	510	0.000103404
600	510	0.000103425
600	510	0.000103502
600	510	0.000103499
600	510	0.000103422
600	510	0.000103464
600	510	0.000103504
600	510	0.000103509
600	510	0.000103417
600	510	0.000107854
600	510	0.000103519
600	510	0.000105790
600	510	0.000107222
600	510	0.000107237
600	510	0.000111820
600	510	0.000127020
600	510	0.000125995
600	510	0.000125890
600	510	0.000132137
600	510	0.000140935
600	510	0.000144814
600	510	0.000144893
600	510	0.000144795
600	510	0.000162630
600	510	0.000160894
600	510	0.000160877
600	510	0.000144796
600	510	0.000144910
600	510	0.000144947
600	510	0.000144868
600	510	0.000181124
600	510	0.000178432
600	510	0.000181150
600	510	0.000180974
600	510	0.000169828
600	510	0.000180989
600	510	0.000181088
600	510	0.000181150
600	510	0.000181021
600	510	0.000181116
600	510	0.000180975
600	510	0.000180969
600	510	0.000181099
600	510	0.000189068
600	510	0.000182349
600	510	0.000181002
600	510	0.000181084
600	510	0.000180973
600	510	0.000181008
600	510	0.000180988
600	510	0.000181002
600	510	0.000181127
600	510	0.000181001
600	510	0.000182659
600	510	0.000180989
600	510	0.000180953
600	510	0.000180995
600	510	0.000203636
600	510	0.000187882
600	510	0.000189248
600	510	0.000181127
600	510	0.000181096
600	510	0.000174321
600	510	0.000181146
600	510	0.000181197
600	510	0.000181014
600	510	0.000193870
600	510	0.000181010
600	510	0.000181193
600	510	0.000170440
600	510	0.000170366
600	510	0.000180997
600	510	0.000180945
600	600	0.000134443
600	600	0.000134435
600	600	0.000134393
600	600	0.000134403
600	600	0.000135277
600	600	0.000134339
600	600	0.000137753
600	600	0.000134393
600	600	0.000134443
600	600	0.000140391
600	600	0.000134386
600	600	0.000134413
600	600	0.000138932
600	600	0.000134335
600	600	0.000134419
600	600	0.000156612
600	600	0.000134357
600	600	0.000150474
600	600	0.000150461
600	600	0.000150540
600	600	0.000150527
600	600	0.000184092
600	600	0.000179122
600	600	0.000170676
600	600	0.000179230
600	600	0.000221263
600	600	0.000221377
600	600	0.000221425
600	600	0.000235205
600	600	0.000235113
600	600	0.000235119
600	600	0.000235082
600	600	0.000248115
600	600	0.000293870
600	600	0.000235111
600	600	0.000235259
600	600	0.000234891
600	600	0.000235194
600	600	0.000253667
600	600	0.000239089
600	600	0.000235122
600	600	0.000223960
600	600	0.000235238
600	600	0.000250929
600	600	0.000235281
600	600	0.000243227
600	600	0.000235131
600	600	0.000235113
600	600	0.000235117
600	600	0.000235260
600	600	0.000235279
600	600	0.000235270
600	600	0.000246838
600	600	0.000243269
600	600	0.000235209
600	600	0.000235266
600	600	0.000235204
600	600	0.000235290
600	600	0.000235142
600	600	0.000244413
600	600	0.000253926
600	600	0.000235277
600	600	0.000235234
600	600	0.000235226
600	600	0.000235079
600	600	0.000235264
600	600	0.000235118
600	600	0.000246653
600	600	0.000235237
600	600	0.000228563
600	600	0.000234006
600	600	0.000235103
600	600	0.000235204
600	600	0.000235247
600	600	0.000246458
600	600	0.000235090
600	600	0.000236756
600	600	0.000235247
600	600	0.000221434
600	600	0.000246185
600	600	0.000248800
600	600	0.000230652
600	600	0.000230720
600	600	0.000235251
600	600	0.000235221
600	600	0.000221281
600	600	0.000235098
600	600	0.000235128
600	600	0.000243854
600	600	0.000235264
600	600	0.000235251
600	600	0.000223048
600	600	0.000235221
600	600	0.000235112
600	600	0.000221389
600	600	0.000235140
600	600	0.000242964
600	600	0.000242993
600	600	0.000235087
600	600	0.000235092
