120	128	0.000038787
120	128	0.000038788
120	128	0.000044766
120	128	0.000039228
120	128	0.000040296
120	128	0.000040236
120	128	0.000040271
120	128	0.000040245
120	128	0.000040277
120	128	0.000040302
120	128	0.000038788
120	128	0.000039087
120	128	0.000040282
120	128	0.000040242
120	128	0.000039200
120	128	0.000038801
120	128	0.000040267
120	128	0.000040308
120	128	0.000038748
120	128	0.000040272
120	128	0.000040060
120	128	0.000040294
120	128	0.000039219
120	128	0.000038766
120	128	0.000040261
120	128	0.000040221
120	128	0.000039396
120	128	0.000040262
120	128	0.000040269
120	128	0.000039237
120	128	0.000039238
120	128	0.000040288
120	128	0.000048972
120	128	0.000048968
120	128	0.000049015
120	128	0.000047228
120	128	0.000051245
120	128	0.000051241
120	128	0.000051234
120	128	0.000049905
120	128	0.000049374
120	128	0.000056402
120	128	0.000055088
120	128	0.000056366
120	128	0.000054323
120	128	0.000062633
120	128	0.000061216
120	128	0.000060344
120	128	0.000062631
120	128	0.000073328
120	128	0.000064357
120	128	0.000063878
120	128	0.000066258
120	128	0.000070480
120	128	0.000070462
120	128	0.000073548
120	128	0.000070412
120	128	0.000070555
120	128	0.000068576
120	128	0.000067876
120	128	0.000070483
120	128	0.000077307
120	128	0.000068604
120	128	0.000067889
120	128	0.000070467
120	128	0.000070499
120	128	0.000067873
120	128	0.000067904
120	128	0.000070424
120	128	0.000070449
120	128	0.000070554
120	128	0.000079872
120	128	0.000070518
120	128	0.000067918
120	128	0.000070490
120	128	0.000070521
120	128	0.000070440
120	128	0.000070527
120	128	0.000075917
120	128	0.000070453
120	128	0.000070442
120	128	0.000077160
120	128	0.000084819
120	128	0.000082128
120	128	0.000068668
120	128	0.000070479
120	128	0.000066333
120	128	0.000066371
120	128	0.000070449
120	128	0.000070482
120	128	0.000070018
120	128	0.000070469
120	128	0.000068931
120	128	0.000070469
120	128	0.000070449
120	128	0.000070449
120	128	0.000070463
120	128	0.000066327
120	128	0.000066336
120	128	0.000069967
120	256	0.000074519
120	256	0.000074509
120	256	0.000072245
120	256	0.000074033
120	256	0.000074546
120	256	0.000074542
120	256	0.000074576
120	256	0.000071790
120	256	0.000072180
120	256	0.000072191
120	256	0.000074505
120	256	0.000079235
120	256	0.000074559
120	256	0.000091454
120	256	0.000074508
120	256	0.000074503
120	256	0.000074529
120	256	0.000074547
120	256	0.000074497
120	256	0.000074533
120	256	0.000113586
120	256	0.000074524
120	256	0.000072841
120	256	0.000074548
120	256	0.000074460
120	256	0.000072293
120	256	0.000071771
120	256	0.000103995
120	256	0.000074526
120	256	0.000090715
120	256	0.000094348
120	256	0.000090720
120	256	0.000090727
120	256	0.000099367
120	256	0.000095709
120	256	0.000099353
120	256	0.000099407
120	256	0.000109429
120	256	0.000104346
120	256	0.000100507
120	256	0.000104345
120	256	0.000116985
120	256	0.000115132
120	256	0.000115910
120	256	0.000115939
120	256	0.000130385
120	256	0.000130420
120	256	0.000122728
120	256	0.000130403
120	256	0.000125624
120	256	0.000130410
120	256	0.000130382
120	256	0.000130416
120	256	0.000126342
120	256	0.000130489
120	256	0.000130411
120	256	0.000125592
120	256	0.000129524
120	256	0.000130437
120	256	0.000130415
120	256	0.000130459
120	256	0.000130433
120	256	0.000130433
120	256	0.000130386
120	256	0.000125641
120	256	0.000130459
120	256	0.000130461
120	256	0.000130404
120	256	0.000130367
120	256	0.000139120
120	256	0.000130426
120	256	0.000130434
120	256	0.000130368
120	256	0.000130424
120	256	0.000130396
120	256	0.000125608
120	256	0.000125629
120	256	0.000130412
120	256	0.000139140
120	256	0.000125681
120	256	0.000126392
120	256	0.000130385
120	256	0.000125589
120	256	0.000129560
120	256	0.000125589
120	256	0.000130399
120	256	0.000130450
120	256	0.000130425
120	256	0.000125640
120	256	0.000125634
120	256	0.000130362
120	256	0.000130419
120	256	0.000130422
120	256	0.000130379
120	256	0.000130426
120	256	0.000130420
120	256	0.000130372
120	256	0.000130457
120	256	0.000130422
120	256	0.000130382
120	380	0.000103758
120	380	0.000105270
120	380	0.000105226
120	380	0.000105224
120	380	0.000105231
120	380	0.000105232
120	380	0.000103764
120	380	0.000103742
120	380	0.000105213
120	380	0.000103752
120	380	0.000104148
120	380	0.000105213
120	380	0.000105222
120	380	0.000105244
120	380	0.000103718
120	380	0.000104310
120	380	0.000103739
120	380	0.000103748
120	380	0.000103725
120	380	0.000105191
120	380	0.000103718
120	380	0.000105207
120	380	0.000103703
120	380	0.000105217
120	380	0.000105185
120	380	0.000105182
120	380	0.000105189
120	380	0.000105236
120	380	0.000105202
120	380	0.000103764
120	380	0.000103732
120	380	0.000104350
120	380	0.000104957
120	380	0.000117477
120	380	0.000113306
120	380	0.000113354
120	380	0.000113309
120	380	0.000112403
120	380	0.000122724
120	380	0.000121382
120	380	0.000121029
120	380	0.000122803
120	380	0.000145045
120	380	0.000117840
120	380	0.000117860
120	380	0.000116657
120	380	0.000134545
120	380	0.000140318
120	380	0.000140303
120	380	0.000138914
120	380	0.000162060
120	380	0.000155098
120	380	0.000152890
120	380	0.000163692
120	380	0.000162033
120	380	0.000163751
120	380	0.000171596
120	380	0.000182316
120	380	0.000184129
120	380	0.000184074
120	380	0.000184138
120	380	0.000182320
120	380	0.000181530
120	380	0.000184153
120	380	0.000196385
120	380	0.000216004
120	380	0.000189538
120	380	0.000187970
120	380	0.000183041
120	380	0.000208987
120	380	0.000192021
120	380	0.000187395
120	380	0.000182195
120	380	0.000236204
120	380	0.000188890
120	380	0.000194253
120	380	0.000181579
120	380	0.000181478
120	380	0.000181336
120	380	0.000184138
120	380	0.000182540
120	380	0.000183674
120	380	0.000184181
120	380	0.000184100
120	380	0.000184150
120	380	0.000184141
120	380	0.000181529
120	380	0.000184147
120	380	0.000184077
120	380	0.000193496
120	380	0.000170905
120	380	0.000193309
120	380	0.000196478
120	380	0.000193053
120	380	0.000215665
120	380	0.000196017
120	380	0.000190124
120	380	0.000194057
120	380	0.000205828
120	380	0.000188633
120	510	0.000138716
120	510	0.000137701
120	510	0.000138750
120	510	0.000142750
120	510	0.000138736
120	510	0.000137277
120	510	0.000145138
120	510	0.000137661
120	510	0.000138764
120	510	0.000142501
120	510	0.000138737
120	510	0.000138716
120	510	0.000153715
120	510	0.000138731
120	510	0.000137252
120	510	0.000138708
120	510	0.000137824
120	510	0.000138742
120	510	0.000137232
120	510	0.000137671
120	510	0.000137262
120	510	0.000143035
120	510	0.000137879
120	510	0.000138741
120	510	0.000147779
120	510	0.000149351
120	510	0.000154575
120	510	0.000149374
120	510	0.000148430
120	510	0.000192139
120	510	0.000192158
120	510	0.000192130
120	510	0.000228479
120	510	0.000226019
120	510	0.000228405
120	510	0.000240902
120	510	0.000240124
120	510	0.000242760
120	510	0.000250074
120	510	0.000250694
120	510	0.000240891
120	510	0.000242797
120	510	0.000242724
120	510	0.000242738
120	510	0.000240194
120	510	0.000242758
120	510	0.000251427
120	510	0.000252745
120	510	0.000246993
120	510	0.000240930
120	510	0.000242750
120	510	0.000242844
120	510	0.000242826
120	510	0.000242769
120	510	0.000242807
120	510	0.000228481
120	510	0.000242754
120	510	0.000228447
120	510	0.000242722
120	510	0.000242693
120	510	0.000242713
120	510	0.000235865
120	510	0.000254803
120	510	0.000240917
120	510	0.000237321
120	510	0.000226058
120	510	0.000242765
120	510	0.000242828
120	510	0.000242773
120	510	0.000259016
120	510	0.000276556
120	510	0.000231364
120	510	0.000242757
120	510	0.000242799
120	510	0.000242764
120	510	0.000242798
120	510	0.000247955
120	510	0.000228481
120	510	0.000242308
120	510	0.000242779
120	510	0.000240927
120	510	0.000252720
120	510	0.000236338
120	510	0.000242701
120	510	0.000242798
120	510	0.000242766
120	510	0.000242784
120	510	0.000242748
120	510	0.000251965
120	510	0.000240162
120	510	0.000240186
120	510	0.000242735
120	510	0.000228487
120	510	0.000240998
120	510	0.000265037
120	510	0.000228472
120	510	0.000228493
120	510	0.000242718
120	510	0.000240141
120	510	0.000242783
120	600	0.000162661
120	600	0.000163200
120	600	0.000163151
120	600	0.000163160
120	600	0.000163169
120	600	0.000163174
120	600	0.000170885
120	600	0.000163197
120	600	0.000163192
120	600	0.000162710
120	600	0.000168212
120	600	0.000163197
120	600	0.000161538
120	600	0.000170569
120	600	0.000163181
120	600	0.000163160
120	600	0.000163168
120	600	0.000170371
120	600	0.000162631
120	600	0.000163168
120	600	0.000160444
120	600	0.000163164
120	600	0.000160904
120	600	0.000169235
120	600	0.000160859
120	600	0.000163201
120	600	0.000163164
120	600	0.000163213
120	600	0.000160421
120	600	0.000163189
120	600	0.000160419
120	600	0.000160897
120	600	0.000162660
120	600	0.000186956
120	600	0.000182742
120	600	0.000182775
120	600	0.000182773
120	600	0.000205905
120	600	0.000190387
120	600	0.000190358
120	600	0.000189777
120	600	0.000207684
120	600	0.000234034
120	600	0.000211584
120	600	0.000204140
120	600	0.000198646
120	600	0.000196645
120	600	0.000198644
120	600	0.000227658
120	600	0.000228437
120	600	0.000228460
120	600	0.000240446
120	600	0.000240528
120	600	0.000237076
120	600	0.000250231
120	600	0.000253779
120	600	0.000253825
120	600	0.000277032
120	600	0.000268782
120	600	0.000268750
120	600	0.000285563
120	600	0.000282689
120	600	0.000281509
120	600	0.000285588
120	600	0.000294323
120	600	0.000281532
120	600	0.000285575
120	600	0.000285567
120	600	0.000293942
120	600	0.000317369
120	600	0.000285549
120	600	0.000280794
120	600	0.000285553
120	600	0.000294511
120	600	0.000293533
120	600	0.000285564
120	600	0.000280768
120	600	0.000285553
120	600	0.000285549
120	600	0.000317305
120	600	0.000285582
120	600	0.000273652
120	600	0.000282608
120	600	0.000285531
120	600	0.000294602
120	600	0.000295132
120	600	0.000277757
120	600	0.000281562
120	600	0.000285538
120	600	0.000265009
120	600	0.000285598
120	600	0.000277220
120	600	0.000298970
120	600	0.000280786
120	600	0.000299499
120	600	0.000282728
120	600	0.000308103
120	600	0.000293200
120	600	0.000285560
120	600	0.000285577
250	128	0.000083765
250	128	0.000080681
250	128	0.000083765
250	128	0.000083772
250	128	0.000083773
250	128	0.000081568
250	128	0.000083806
250	128	0.000080682
250	128	0.000083783
250	128	0.000083789
250	128	0.000083755
250	128	0.000080685
250	128	0.000099144
250	128	0.000083803
250	128	0.000083812
250	128	0.000083784
250	128	0.000083762
250	128	0.000083773
250	128	0.000083745
250	128	0.000095482
250	128	0.000083787
250	128	0.000083778
250	128	0.000083801
250	128	0.000083773
250	128	0.000083796
250	128	0.000083787
250	128	0.000080683
250	128	0.000080660
250	128	0.000083770
250	128	0.000080668
250	128	0.000083814
250	128	0.000084614
250	128	0.000086885
250	128	0.000086933
250	128	0.000086853
250	128	0.000086895
250	128	0.000090349
250	128	0.000090298
250	128	0.000093823
250	128	0.000093868
250	128	0.000093870
250	128	0.000106670
250	128	0.000106619
250	128	0.000106635
250	128	0.000106626
250	128	0.000117915
250	128	0.000111689
250	128	0.000111655
250	128	0.000111722
250	128	0.000124535
250	128	0.000117300
250	128	0.000112944
250	128	0.000117287
250	128	0.000137979
250	128	0.000144248
250	128	0.000152294
250	128	0.000137968
250	128	0.000146642
250	128	0.000146620
250	128	0.000136229
250	128	0.000138021
250	128	0.000137999
250	128	0.000137986
250	128	0.000141171
250	128	0.000146641
250	128	0.000146661
250	128	0.000146582
250	128	0.000137960
250	128	0.000146546
250	128	0.000146595
250	128	0.000141232
250	128	0.000146336
250	128	0.000138125
250	128	0.000141170
250	128	0.000146625
250	128	0.000142026
250	128	0.000132893
250	128	0.000146629
250	128	0.000137986
250	128	0.000137987
250	128	0.000138009
250	128	0.000146715
250	128	0.000139780
250	128	0.000146579
250	128	0.000146608
250	128	0.000146676
250	128	0.000146768
250	128	0.000146580
250	128	0.000146658
250	128	0.000146652
250	128	0.000145919
250	128	0.000137985
250	128	0.000202838
250	128	0.000142769
250	128	0.000147734
250	128	0.000137959
250	128	0.000152608
250	128	0.000151914
250	128	0.000155974
250	128	0.000151849
250	256	0.000160771
250	256	0.000155179
250	256	0.000155172
250	256	0.000149415
250	256	0.000160585
250	256	0.000155174
250	256	0.000155196
250	256	0.000155185
250	256	0.000155215
250	256	0.000159256
250	256	0.000149449
250	256	0.000149414
250	256	0.000149432
250	256	0.000155164
250	256	0.000150292
250	256	0.000159689
250	256	0.000155168
250	256	0.000155138
250	256	0.000167475
250	256	0.000187085
250	256	0.000188878
250	256	0.000188910
250	256	0.000193307
250	256	0.000248905
250	256	0.000270936
250	256	0.000247375
250	256	0.000247332
250	256	0.000255547
250	256	0.000246227
250	256	0.000284403
250	256	0.000271537
250	256	0.000278852
250	256	0.000289718
250	256	0.000279186
250	256	0.000278516
250	256	0.000271614
250	256	0.000271547
250	256	0.000278161
250	256	0.000271564
250	256	0.000285732
250	256	0.000280128
250	256	0.000271572
250	256	0.000261455
250	256	0.000261436
250	256	0.000271622
250	256	0.000271527
250	256	0.000302685
250	256	0.000271552
250	256	0.000271604
250	256	0.000271579
250	256	0.000271556
250	256	0.000279151
250	256	0.000261491
250	256	0.000253986
250	256	0.000258370
250	256	0.000271557
250	256	0.000271529
250	256	0.000303410
250	256	0.000263404
250	256	0.000279560
250	256	0.000271691
250	256	0.000263054
250	256	0.000271575
250	256	0.000271569
250	256	0.000255599
250	256	0.000263018
250	256	0.000255631
250	256	0.000281286
250	256	0.000284318
250	256	0.000271589
250	256	0.000271516
250	256	0.000261474
250	256	0.000263058
250	256	0.000246096
250	256	0.000284204
250	256	0.000256848
250	256	0.000260273
250	256	0.000262583
250	256	0.000271580
250	256	0.000271559
250	256	0.000263038
250	256	0.000271532
250	256	0.000276787
250	256	0.000263494
250	256	0.000268731
250	256	0.000261482
250	256	0.000271550
250	256	0.000271583
250	256	0.000290086
250	256	0.000283864
250	256	0.000262642
250	256	0.000271576
250	256	0.000262973
250	256	0.000271554
250	256	0.000268157
250	256	0.000268187
250	256	0.000271542
250	256	0.000271505
250	256	0.000263036
250	256	0.000271560
250	380	0.000216893
250	380	0.000219081
250	380	0.000219105
250	380	0.000219161
250	380	0.000219103
250	380	0.000216888
250	380	0.000219133
250	380	0.000219106
250	380	0.000224225
250	380	0.000219110
250	380	0.000219135
250	380	0.000215954
250	380	0.000224667
250	380	0.000216002
250	380	0.000219087
250	380	0.000215979
250	380	0.000223188
250	380	0.000219105
250	380	0.000219119
250	380	0.000219061
250	380	0.000219107
250	380	0.000219088
250	380	0.000219102
250	380	0.000219097
250	380	0.000216869
250	380	0.000251283
250	380	0.000219086
250	380	0.000219118
250	380	0.000216838
250	380	0.000219073
250	380	0.000224288
250	380	0.000219129
250	380	0.000216869
250	380	0.000227186
250	380	0.000232383
250	380	0.000223982
250	380	0.000224895
250	380	0.000235988
250	380	0.000242176
250	380	0.000232585
250	380	0.000255614
250	380	0.000255607
250	380	0.000251957
250	380	0.000255589
250	380	0.000268825
250	380	0.000306709
250	380	0.000312004
250	380	0.000313518
250	380	0.000332638
250	380	0.000350413
250	380	0.000327815
250	380	0.000340770
250	380	0.000340824
250	380	0.000342554
250	380	0.000360810
250	380	0.000360831
250	380	0.000360830
250	380	0.000389373
250	380	0.000360882
250	380	0.000360864
250	380	0.000360854
250	380	0.000376965
250	380	0.000383474
250	380	0.000378024
250	380	0.000391771
250	380	0.000393394
250	380	0.000383476
250	380	0.000355760
250	380	0.000390384
250	380	0.000383450
250	380	0.000360913
250	380	0.000390295
250	380	0.000383413
250	380	0.000383405
250	380	0.000391122
250	380	0.000383424
250	380	0.000383400
250	380	0.000392573
250	380	0.000383437
250	380	0.000387546
250	380	0.000400440
250	380	0.000383414
250	380	0.000355752
250	380	0.000392490
250	380	0.000357214
250	380	0.000383403
250	380	0.000388703
250	380	0.000383397
250	380	0.000379545
250	380	0.000395673
250	380	0.000383367
250	380	0.000383455
250	380	0.000369380
250	380	0.000383431
250	380	0.000383426
250	380	0.000387822
250	380	0.000381285
250	380	0.000378044
250	380	0.000383416
250	380	0.000369715
250	510	0.000326621
250	510	0.000294330
250	510	0.000288899
250	510	0.000288919
250	510	0.000286684
250	510	0.000288910
250	510	0.000288927
250	510	0.000293611
250	510	0.000299585
250	510	0.000288900
250	510	0.000288925
250	510	0.000285803
250	510	0.000288898
250	510	0.000288904
250	510	0.000288870
250	510	0.000293573
250	510	0.000293726
250	510	0.000285791
250	510	0.000288913
250	510	0.000288903
250	510	0.000288902
250	510	0.000286664
250	510	0.000294263
250	510	0.000285813
250	510	0.000288889
250	510	0.000288900
250	510	0.000288901
250	510	0.000293075
250	510	0.000330127
250	510	0.000294149
250	510	0.000288866
250	510	0.000288870
250	510	0.000288897
250	510	0.000288890
250	510	0.000323591
250	510	0.000323567
250	510	0.000329279
250	510	0.000323578
250	510	0.000328870
250	510	0.000329725
250	510	0.000342336
250	510	0.000337079
250	510	0.000342440
250	510	0.000425749
250	510	0.000425772
250	510	0.000433296
250	510	0.000461583
250	510	0.000449382
250	510	0.000449366
250	510	0.000458748
250	510	0.000505575
250	510	0.000502366
250	510	0.000516801
250	510	0.000505571
250	510	0.000506583
250	510	0.000505550
250	510	0.000515180
250	510	0.000499848
250	510	0.000511685
250	510	0.000516038
250	510	0.000505596
250	510	0.000475803
250	510	0.000505546
250	510	0.000486252
250	510	0.000505588
250	510	0.000475862
250	510	0.000495581
250	510	0.000505626
250	510	0.000510229
250	510	0.000484840
250	510	0.000510818
250	510	0.000505593
250	510	0.000483454
250	510	0.000508080
250	510	0.000505585
250	510	0.000500829
250	510	0.000505501
250	510	0.000483635
250	510	0.000475833
250	510	0.000505622
250	510	0.000495465
250	510	0.000501683
250	510	0.000470700
250	510	0.000502142
250	510	0.000500128
250	510	0.000512288
250	510	0.000458753
250	510	0.000444539
250	510	0.000444451
250	510	0.000425775
250	510	0.000451000
250	510	0.000410881
250	510	0.000409269
250	510	0.000404521
250	510	0.000425728
250	510	0.000432458
250	510	0.000459289
250	510	0.000449412
250	510	0.000509052
250	510	0.000516287
250	600	0.000339864
250	600	0.000334145
250	600	0.000339886
250	600	0.000339899
250	600	0.000335011
250	600	0.000339876
250	600	0.000339892
250	600	0.000347117
250	600	0.000346995
250	600	0.000344695
250	600	0.000344809
250	600	0.000345481
250	600	0.000334132
250	600	0.000339900
250	600	0.000339860
250	600	0.000339837
250	600	0.000339892
250	600	0.000339878
250	600	0.000339877
250	600	0.000339921
250	600	0.000339889
250	600	0.000346668
250	600	0.000345713
250	600	0.000347522
250	600	0.000344865
250	600	0.000345574
250	600	0.000348553
250	600	0.000344422
250	600	0.000341474
250	600	0.000438438
250	600	0.000439486
250	600	0.000432572
250	600	0.000380673
250	600	0.000375211
250	600	0.000380832
250	600	0.000401378
250	600	0.000396541
250	600	0.000389799
250	600	0.000380684
250	600	0.000380670
250	600	0.000409833
250	600	0.000432575
250	600	0.000435944
250	600	0.000459148
250	600	0.000456509
250	600	0.000457895
250	600	0.000537113
250	600	0.000529258
250	600	0.000500902
250	600	0.000499986
250	600	0.000597168
250	600	0.000601156
250	600	0.000578203
250	600	0.000603532
250	600	0.000567876
250	600	0.000604812
250	600	0.000566839
250	600	0.000550349
250	600	0.000570327
250	600	0.000550306
250	600	0.000560079
250	600	0.000551781
250	600	0.000569674
250	600	0.000568006
250	600	0.000559773
250	600	0.000567916
250	600	0.000559769
250	600	0.000594601
250	600	0.000568510
250	600	0.000559863
250	600	0.000603284
250	600	0.000594799
250	600	0.000607271
250	600	0.000594789
250	600	0.000610011
250	600	0.000601825
250	600	0.000594828
250	600	0.000605221
250	600	0.000594851
250	600	0.000607520
250	600	0.000605535
250	600	0.000563835
250	600	0.000570651
250	600	0.000594805
250	600	0.000593678
250	600	0.000565044
250	600	0.000611223
250	600	0.000586264
250	600	0.000585383
250	600	0.000602468
250	600	0.000586160
250	600	0.000602596
250	600	0.000569887
250	600	0.000574856
250	600	0.000594786
250	600	0.000561839
250	600	0.000600523
250	600	0.000559811
250	600	0.000565716
250	600	0.000586280
380	128	0.000136641
380	128	0.000127283
380	128	0.000127303
380	128	0.000123910
380	128	0.000127280
380	128	0.000122587
380	128	0.000127324
380	128	0.000127311
380	128	0.000127263
380	128	0.000122564
380	128	0.000123943
380	128	0.000127314
380	128	0.000127329
380	128	0.000127275
380	128	0.000127351
380	128	0.000131369
380	128	0.000122888
380	128	0.000127337
380	128	0.000132644
380	128	0.000127306
380	128	0.000123923
380	128	0.000131670
380	128	0.000127291
380	128	0.000127277
380	128	0.000127088
380	128	0.000132064
380	128	0.000132018
380	128	0.000136686
380	128	0.000142553
380	128	0.000142521
380	128	0.000147436
380	128	0.000142618
380	128	0.000142607
380	128	0.000155012
380	128	0.000154945
380	128	0.000149220
380	128	0.000155031
380	128	0.000190500
380	128	0.000169763
380	128	0.000169709
380	128	0.000169767
380	128	0.000154965
380	128	0.000159416
380	128	0.000155032
380	128	0.000155034
380	128	0.000178289
380	128	0.000183673
380	128	0.000178226
380	128	0.000171651
380	128	0.000178251
380	128	0.000178211
380	128	0.000178242
380	128	0.000198028
380	128	0.000198059
380	128	0.000192783
380	128	0.000198091
380	128	0.000198044
380	128	0.000198085
380	128	0.000222828
380	128	0.000222766
380	128	0.000222748
380	128	0.000222675
380	128	0.000222719
380	128	0.000222774
380	128	0.000222866
380	128	0.000231168
380	128	0.000230673
380	128	0.000238451
380	128	0.000214518
380	128	0.000216928
380	128	0.000214951
380	128	0.000222831
380	128	0.000222660
380	128	0.000222793
380	128	0.000201873
380	128	0.000222826
380	128	0.000289040
380	128	0.000222886
380	128	0.000221388
380	128	0.000216897
380	128	0.000216896
380	128	0.000222718
380	128	0.000222748
380	128	0.000229048
380	128	0.000226190
380	128	0.000230698
380	128	0.000223915
380	128	0.000222740
380	128	0.000222750
380	128	0.000214521
380	128	0.000222694
380	128	0.000222814
380	128	0.000222755
380	128	0.000231315
380	128	0.000204121
380	128	0.000222831
380	128	0.000232734
380	128	0.000237942
380	128	0.000214487
380	128	0.000218654
380	256	0.000235822
380	256	0.000235836
380	256	0.000227010
380	256	0.000235882
380	256	0.000244065
380	256	0.000235830
380	256	0.000235786
380	256	0.000235835
380	256	0.000235796
380	256	0.000236836
380	256	0.000227023
380	256	0.000235838
380	256	0.000235794
380	256	0.000235814
380	256	0.000235845
380	256	0.000245790
380	256	0.000228408
380	256	0.000227025
380	256	0.000235860
380	256	0.000228363
380	256	0.000233036
380	256	0.000235868
380	256	0.000227034
380	256	0.000227007
380	256	0.000239570
380	256	0.000235841
380	256	0.000227000
380	256	0.000235811
380	256	0.000244854
380	256	0.000226994
380	256	0.000235826
380	256	0.000253976
380	256	0.000245986
380	256	0.000271717
380	256	0.000253978
380	256	0.000287102
380	256	0.000287106
380	256	0.000284817
380	256	0.000300167
380	256	0.000290679
380	256	0.000306864
380	256	0.000317833
380	256	0.000317904
380	256	0.000302686
380	256	0.000314406
380	256	0.000314451
380	256	0.000330158
380	256	0.000339145
380	256	0.000335882
380	256	0.000443021
380	256	0.000407468
380	256	0.000397253
380	256	0.000381371
380	256	0.000411561
380	256	0.000412684
380	256	0.000412655
380	256	0.000388362
380	256	0.000412037
380	256	0.000394787
380	256	0.000412679
380	256	0.000385973
380	256	0.000412741
380	256	0.000412645
380	256	0.000400829
380	256	0.000403352
380	256	0.000412729
380	256	0.000391638
380	256	0.000423385
380	256	0.000412682
380	256	0.000388392
380	256	0.000414095
380	256	0.000412706
380	256	0.000382836
380	256	0.000400892
380	256	0.000412741
380	256	0.000401327
380	256	0.000427853
380	256	0.000412637
380	256	0.000420424
380	256	0.000401776
380	256	0.000412657
380	256	0.000404494
380	256	0.000387631
380	256	0.000412658
380	256	0.000388423
380	256	0.000395615
380	256	0.000397257
380	256	0.000412713
380	256	0.000396628
380	256	0.000436854
380	256	0.000412744
380	256	0.000388437
380	256	0.000419913
380	256	0.000388448
380	256	0.000422090
380	256	0.000388391
380	256	0.000413154
380	256	0.000420661
380	256	0.000420649
380	256	0.000412728
380	380	0.000332961
380	380	0.000329563
380	380	0.000332966
380	380	0.000329571
380	380	0.000332983
380	380	0.000332983
380	380	0.000329601
380	380	0.000332967
380	380	0.000332984
380	380	0.000343547
380	380	0.000347309
380	380	0.000340686
380	380	0.000338570
380	380	0.000333030
380	380	0.000332917
380	380	0.000333017
380	380	0.000329574
380	380	0.000328261
380	380	0.000329593
380	380	0.000332979
380	380	0.000332920
380	380	0.000332957
380	380	0.000333001
380	380	0.000332972
380	380	0.000328233
380	380	0.000334070
380	380	0.000405346
380	380	0.000405382
380	380	0.000399653
380	380	0.000423766
380	380	0.000431859
380	380	0.000449810
380	380	0.000453047
380	380	0.000443931
380	380	0.000466195
380	380	0.000476686
380	380	0.000497652
380	380	0.000490700
380	380	0.000483767
380	380	0.000498359
380	380	0.000490726
380	380	0.000483760
380	380	0.000496859
380	380	0.000490669
380	380	0.000490682
380	380	0.000532439
380	380	0.000517978
380	380	0.000574429
380	380	0.000592452
380	380	0.000571808
380	380	0.000552457
380	380	0.000542873
380	380	0.000556827
380	380	0.000534248
380	380	0.000490634
380	380	0.000490754
380	380	0.000429486
380	380	0.000446235
380	380	0.000430166
380	380	0.000393736
380	380	0.000396342
380	380	0.000402505
380	380	0.000412189
380	380	0.000399643
380	380	0.000405351
380	380	0.000443978
380	380	0.000443938
380	380	0.000454155
380	380	0.000478695
380	380	0.000466244
380	380	0.000490720
380	380	0.000492692
380	380	0.000517877
380	380	0.000525130
380	380	0.000525547
380	380	0.000510572
380	380	0.000548610
380	380	0.000575002
380	380	0.000502504
380	380	0.000490734
380	380	0.000484037
380	380	0.000475576
380	380	0.000491086
380	380	0.000466229
380	380	0.000466166
380	380	0.000543507
380	380	0.000576854
380	380	0.000586301
380	380	0.000591361
380	380	0.000582867
380	380	0.000577974
380	380	0.000576094
380	380	0.000591011
380	380	0.000582726
380	380	0.000556653
380	380	0.000582715
380	380	0.000570944
380	380	0.000574417
380	380	0.000617801
380	380	0.000589971
380	510	0.000440252
380	510	0.000439127
380	510	0.000439103
380	510	0.000439066
380	510	0.000434339
380	510	0.000439071
380	510	0.000439241
380	510	0.000439107
380	510	0.000445002
380	510	0.000434367
380	510	0.000444351
380	510	0.000445833
380	510	0.000447347
380	510	0.000441375
380	510	0.000444567
380	510	0.000443873
380	510	0.000442944
380	510	0.000441613
380	510	0.000439064
380	510	0.000439145
380	510	0.000439079
380	510	0.000439037
380	510	0.000439095
380	510	0.000439092
380	510	0.000439105
380	510	0.000439103
380	510	0.000443738
380	510	0.000533758
380	510	0.000568715
380	510	0.000564580
380	510	0.000643982
380	510	0.000591520
380	510	0.000585411
380	510	0.000615421
380	510	0.000758038
380	510	0.000767555
380	510	0.000732342
380	510	0.000772986
380	510	0.000768378
380	510	0.000754746
380	510	0.000769565
380	510	0.000772138
380	510	0.000757952
380	510	0.000730426
380	510	0.000736283
380	510	0.000765855
380	510	0.000757725
380	510	0.000775098
380	510	0.000765264
380	510	0.000760058
380	510	0.000769536
380	510	0.000766364
380	510	0.000757206
380	510	0.000723271
380	510	0.000791537
380	510	0.000767740
380	510	0.000740688
380	510	0.000732645
380	510	0.000775648
380	510	0.000774465
380	510	0.000776437
380	510	0.000732063
380	510	0.000737689
380	510	0.000783255
380	510	0.000766068
380	510	0.000739860
380	510	0.000789799
380	510	0.000775342
380	510	0.000782117
380	510	0.000756537
380	510	0.000779329
380	510	0.000790131
380	510	0.000729087
380	510	0.000731971
380	510	0.000781159
380	510	0.000775070
380	510	0.000774799
380	510	0.000755053
380	510	0.000777222
380	510	0.000767814
380	510	0.000727610
380	510	0.000771680
380	510	0.000756967
380	510	0.000773770
380	510	0.000723218
380	510	0.000754569
380	510	0.000757546
380	510	0.000773004
380	510	0.000764332
380	510	0.000779932
380	510	0.000783782
380	510	0.000770965
380	510	0.000787944
380	510	0.000758789
380	510	0.000761603
380	510	0.000790089
380	510	0.000772194
380	510	0.000745991
380	510	0.000754904
380	510	0.000759859
380	600	0.000509175
380	600	0.000523920
380	600	0.000522010
380	600	0.000522476
380	600	0.000509195
380	600	0.000516576
380	600	0.000516563
380	600	0.000516607
380	600	0.000527316
380	600	0.000521758
380	600	0.000522433
380	600	0.000521311
380	600	0.000507805
380	600	0.000516524
380	600	0.000516573
380	600	0.000524124
380	600	0.000521908
380	600	0.000522702
380	600	0.000521500
380	600	0.000530873
380	600	0.000516613
380	600	0.000509124
380	600	0.000516571
380	600	0.000516618
380	600	0.000522027
380	600	0.000522270
380	600	0.000553112
380	600	0.000521900
380	600	0.000516584
380	600	0.000516542
380	600	0.000516565
380	600	0.000516555
380	600	0.000523382
380	600	0.000521439
380	600	0.000523621
380	600	0.000521663
380	600	0.000516619
380	600	0.000516611
380	600	0.000516631
380	600	0.000516556
380	600	0.000523292
380	600	0.000530196
380	600	0.000521232
380	600	0.000520483
380	600	0.000516588
380	600	0.000556350
380	600	0.000548352
380	600	0.000585607
380	600	0.000583565
380	600	0.000568712
380	600	0.000578597
380	600	0.000574830
380	600	0.000635018
380	600	0.000619879
380	600	0.000637244
380	600	0.000635492
380	600	0.000628943
380	600	0.000636544
380	600	0.000640263
380	600	0.000673308
380	600	0.000665552
380	600	0.000696306
380	600	0.000688777
380	600	0.000697853
380	600	0.000792943
380	600	0.000806477
380	600	0.000634413
380	600	0.000628878
380	600	0.000633121
380	600	0.000630165
380	600	0.000638438
380	600	0.000655672
380	600	0.000646259
380	600	0.000767054
380	600	0.000702638
380	600	0.000675220
380	600	0.000734615
380	600	0.000859168
380	600	0.000759402
380	600	0.000765488
380	600	0.000768631
380	600	0.000768235
380	600	0.000807598
380	600	0.000803498
380	600	0.000810841
380	600	0.000882645
380	600	0.000909814
380	600	0.000856278
380	600	0.000900485
380	600	0.000903783
380	600	0.000854300
380	600	0.000894730
380	600	0.000902661
380	600	0.000810498
380	600	0.000798265
380	600	0.000803521
380	600	0.000830167
380	600	0.000860759
380	600	0.000876291
380	600	0.000911391
510	128	0.000164435
510	128	0.000170771
510	128	0.000164436
510	128	0.000170808
510	128	0.000170855
510	128	0.000170806
510	128	0.000170803
510	128	0.000170860
510	128	0.000173827
510	128	0.000170824
510	128	0.000164458
510	128	0.000170808
510	128	0.000170808
510	128	0.000164456
510	128	0.000166277
510	128	0.000164499
510	128	0.000170846
510	128	0.000170809
510	128	0.000170823
510	128	0.000166289
510	128	0.000170824
510	128	0.000170889
510	128	0.000170849
510	128	0.000170882
510	128	0.000170825
510	128	0.000164440
510	128	0.000170775
510	128	0.000170798
510	128	0.000170892
510	128	0.000193799
510	128	0.000170816
510	128	0.000170826
510	128	0.000175328
510	128	0.000164401
510	128	0.000164493
510	128	0.000170789
510	128	0.000170783
510	128	0.000174434
510	128	0.000170847
510	128	0.000170768
510	128	0.000176535
510	128	0.000174275
510	128	0.000177145
510	128	0.000180913
510	128	0.000170534
510	128	0.000177103
510	128	0.000186864
510	128	0.000183996
510	128	0.000183911
510	128	0.000183926
510	128	0.000187941
510	128	0.000183957
510	128	0.000183952
510	128	0.000183968
510	128	0.000222132
510	128	0.000217347
510	128	0.000209355
510	128	0.000217458
510	128	0.000239113
510	128	0.000239173
510	128	0.000251622
510	128	0.000265823
510	128	0.000265675
510	128	0.000268462
510	128	0.000281414
510	128	0.000281358
510	128	0.000307292
510	128	0.000299038
510	128	0.000290915
510	128	0.000287730
510	128	0.000310905
510	128	0.000307153
510	128	0.000298996
510	128	0.000298979
510	128	0.000298942
510	128	0.000280393
510	128	0.000309139
510	128	0.000298919
510	128	0.000287721
510	128	0.000307641
510	128	0.000298910
510	128	0.000281301
510	128	0.000298914
510	128	0.000299012
510	128	0.000307231
510	128	0.000298883
510	128	0.000298901
510	128	0.000308253
510	128	0.000306604
510	128	0.000298984
510	128	0.000298951
510	128	0.000298890
510	128	0.000323380
510	128	0.000292482
510	128	0.000281300
510	128	0.000298953
510	128	0.000298895
510	128	0.000298899
510	128	0.000307234
510	128	0.000309578
510	256	0.000316472
510	256	0.000316470
510	256	0.000316459
510	256	0.000316497
510	256	0.000304658
510	256	0.000316481
510	256	0.000306492
510	256	0.000316478
510	256	0.000320160
510	256	0.000323366
510	256	0.000310348
510	256	0.000316494
510	256	0.000316486
510	256	0.000316464
510	256	0.000316466
510	256	0.000318815
510	256	0.000332190
510	256	0.000329145
510	256	0.000333820
510	256	0.000323924
510	256	0.000316468
510	256	0.000316474
510	256	0.000304612
510	256	0.000343210
510	256	0.000354451
510	256	0.000354443
510	256	0.000422037
510	256	0.000421983
510	256	0.000502981
510	256	0.000497927
510	256	0.000492263
510	256	0.000561417
510	256	0.000533130
510	256	0.000558309
510	256	0.000559487
510	256	0.000556147
510	256	0.000533154
510	256	0.000563117
510	256	0.000553686
510	256	0.000539948
510	256	0.000521211
510	256	0.000564331
510	256	0.000553881
510	256	0.000570819
510	256	0.000568523
510	256	0.000558709
510	256	0.000553820
510	256	0.000558428
510	256	0.000563184
510	256	0.000553422
510	256	0.000553803
510	256	0.000523290
510	256	0.000553913
510	256	0.000556426
510	256	0.000553811
510	256	0.000538810
510	256	0.000533235
510	256	0.000521720
510	256	0.000553760
510	256	0.000547278
510	256	0.000533129
510	256	0.000541597
510	256	0.000553857
510	256	0.000526526
510	256	0.000533147
510	256	0.000526355
510	256	0.000551432
510	256	0.000535476
510	256	0.000563263
510	256	0.000560574
510	256	0.000553725
510	256	0.000577306
510	256	0.000553884
510	256	0.000527833
510	256	0.000553853
510	256	0.000562511
510	256	0.000533140
510	256	0.000530983
510	256	0.000533110
510	256	0.000534140
510	256	0.000553850
510	256	0.000566020
510	256	0.000563072
510	256	0.000541848
510	256	0.000544012
510	256	0.000564977
510	256	0.000553873
510	256	0.000532369
510	256	0.000553857
510	256	0.000526830
510	256	0.000549739
510	256	0.000566014
510	256	0.000553844
510	256	0.000553158
510	256	0.000545232
510	256	0.000562391
510	256	0.000553814
510	256	0.000564021
510	256	0.000553814
510	256	0.000564394
510	380	0.000442383
510	380	0.000454360
510	380	0.000452780
510	380	0.000452262
510	380	0.000453291
510	380	0.000449402
510	380	0.000449818
510	380	0.000449603
510	380	0.000457007
510	380	0.000461439
510	380	0.000451755
510	380	0.000450461
510	380	0.000446858
510	380	0.000446895
510	380	0.000446814
510	380	0.000446892
510	380	0.000446821
510	380	0.000446818
510	380	0.000446810
510	380	0.000446901
510	380	0.000446884
510	380	0.000446915
510	380	0.000452208
510	380	0.000453015
510	380	0.000448512
510	380	0.000451734
510	380	0.000451798
510	380	0.000449369
510	380	0.000451980
510	380	0.000451724
510	380	0.000446883
510	380	0.000442344
510	380	0.000449504
510	380	0.000446896
510	380	0.000446800
510	380	0.000449928
510	380	0.000463347
510	380	0.000468138
510	380	0.000453808
510	380	0.000459376
510	380	0.000444722
510	380	0.000531875
510	380	0.000575009
510	380	0.000567110
510	380	0.000536275
510	380	0.000544018
510	380	0.000463612
510	380	0.000452045
510	380	0.000451358
510	380	0.000468302
510	380	0.000478193
510	380	0.000467805
510	380	0.000544044
510	380	0.000543997
510	380	0.000526424
510	380	0.000527649
510	380	0.000513877
510	380	0.000587295
510	380	0.000602090
510	380	0.000688105
510	380	0.000696498
510	380	0.000651823
510	380	0.000712013
510	380	0.000732675
510	380	0.000736017
510	380	0.000769241
510	380	0.000789797
510	380	0.000788777
510	380	0.000788025
510	380	0.000782039
510	380	0.000774529
510	380	0.000764250
510	380	0.000789421
510	380	0.000786100
510	380	0.000769048
510	380	0.000775890
510	380	0.000804035
510	380	0.000788032
510	380	0.000770925
510	380	0.000745849
510	380	0.000790115
510	380	0.000783290
510	380	0.000735934
510	380	0.000746148
510	380	0.000768984
510	380	0.000788020
510	380	0.000789369
510	380	0.000764951
510	380	0.000782023
510	380	0.000789864
510	380	0.000789809
510	380	0.000785456
510	380	0.000791795
510	380	0.000738229
510	380	0.000788539
510	380	0.000781955
510	380	0.000757520
510	380	0.000766389
510	380	0.000787236
510	380	0.000789598
510	510	0.000589265
510	510	0.000597314
510	510	0.000595001
510	510	0.000589246
510	510	0.000594253
510	510	0.000595999
510	510	0.000595340
510	510	0.000589183
510	510	0.000594571
510	510	0.000613140
510	510	0.000589266
510	510	0.000589250
510	510	0.000588535
510	510	0.000589855
510	510	0.000595171
510	510	0.000589677
510	510	0.000589291
510	510	0.000595119
510	510	0.000594426
510	510	0.000595344
510	510	0.000589273
510	510	0.000596332
510	510	0.000609608
510	510	0.000592622
510	510	0.000589217
510	510	0.000589232
510	510	0.000593837
510	510	0.000597285
510	510	0.000616541
510	510	0.000611068
510	510	0.000690610
510	510	0.000722362
510	510	0.000704192
510	510	0.000692798
510	510	0.000687526
510	510	0.000692970
510	510	0.000696785
510	510	0.000774140
510	510	0.000750016
510	510	0.000755540
510	510	0.000749921
510	510	0.000760196
510	510	0.000728654
510	510	0.000723645
510	510	0.000699766
510	510	0.000693078
510	510	0.000714979
510	510	0.000831807
510	510	0.000875560
510	510	0.000873434
510	510	0.000861626
510	510	0.000879848
510	510	0.000659929
510	510	0.000682845
510	510	0.000659991
510	510	0.000659976
510	510	0.000666184
510	510	0.000659947
510	510	0.000664179
510	510	0.000685407
510	510	0.000659919
510	510	0.000663897
510	510	0.000652836
510	510	0.000692131
510	510	0.000695558
510	510	0.000755568
510	510	0.000756831
510	510	0.000756674
510	510	0.000814505
510	510	0.000879591
510	510	0.000792166
510	510	0.000784746
510	510	0.001009275
510	510	0.001024049
510	510	0.001021618
510	510	0.001023873
510	510	0.001033298
510	510	0.001023773
510	510	0.001016499
510	510	0.001033152
510	510	0.001020172
510	510	0.001035358
510	510	0.001035973
510	510	0.001012174
510	510	0.001004957
510	510	0.001039426
510	510	0.001040528
510	510	0.000981388
510	510	0.000991790
510	510	0.000980972
510	510	0.001018854
510	510	0.000993595
510	510	0.001011942
510	510	0.001018543
510	510	0.001038406
510	510	0.001023108
510	510	0.001040331
510	510	0.000976905
510	510	0.001023032
510	510	0.001037801
510	600	0.000699783
510	600	0.000699222
510	600	0.000698726
510	600	0.000693293
510	600	0.000690168
510	600	0.000717142
510	600	0.000703247
510	600	0.000697461
510	600	0.000693294
510	600	0.000699727
510	600	0.000697894
510	600	0.000693277
510	600	0.000699270
510	600	0.000698011
510	600	0.000693274
510	600	0.000698828
510	600	0.000752304
510	600	0.000751707
510	600	0.000751155
510	600	0.000749961
510	600	0.000779533
510	600	0.000792602
510	600	0.000751261
510	600	0.000752551
510	600	0.000746011
510	600	0.000746641
510	600	0.000751773
510	600	0.000733862
510	600	0.000878451
510	600	0.000944661
510	600	0.000916842
510	600	0.000925974
510	600	0.000888063
510	600	0.000845617
510	600	0.000772215
510	600	0.000781981
510	600	0.000784058
510	600	0.000763257
510	600	0.000783740
510	600	0.000763255
510	600	0.000782700
510	600	0.000810583
510	600	0.000897541
510	600	0.001113605
510	600	0.001151015
510	600	0.001160862
510	600	0.001212675
510	600	0.001143004
510	600	0.001085104
510	600	0.001083889
510	600	0.001163633
510	600	0.001226409
510	600	0.001198387
510	600	0.001189033
510	600	0.001153142
510	600	0.001196019
510	600	0.001194390
510	600	0.001219083
510	600	0.001084149
510	600	0.001123411
510	600	0.001156047
510	600	0.001125571
510	600	0.001183138
510	600	0.001195951
510	600	0.001230416
510	600	0.001131551
510	600	0.001179036
510	600	0.001215802
510	600	0.001242404
510	600	0.001136607
510	600	0.001222720
510	600	0.001270672
510	600	0.001197032
510	600	0.001220556
510	600	0.001169791
510	600	0.001179160
510	600	0.001148194
510	600	0.001190238
510	600	0.001211616
510	600	0.001237796
510	600	0.001144048
510	600	0.001188782
510	600	0.001201404
510	600	0.001205858
510	600	0.001192014
510	600	0.001173542
510	600	0.001222281
510	600	0.001176657
510	600	0.001211693
510	600	0.001183145
510	600	0.001221139
510	600	0.001191631
510	600	0.001173040
510	600	0.001178630
510	600	0.001151093
510	600	0.001204955
510	600	0.001181890
510	600	0.000988716
510	600	0.000994474
510	600	0.001026891
600	128	0.000200996
600	128	0.000200980
600	128	0.000195631
600	128	0.000200922
600	128	0.000206142
600	128	0.000200921
600	128	0.000195632
600	128	0.000193501
600	128	0.000200440
600	128	0.000200991
600	128	0.000195626
600	128	0.000200917
600	128	0.000200904
600	128	0.000200901
600	128	0.000193537
600	128	0.000224663
600	128	0.000200988
600	128	0.000200977
600	128	0.000205070
600	128	0.000207540
600	128	0.000200969
600	128	0.000200996
600	128	0.000200932
600	128	0.000205322
600	128	0.000200911
600	128	0.000200997
600	128	0.000202908
600	128	0.000203402
600	128	0.000225041
600	128	0.000225023
600	128	0.000225038
600	128	0.000285141
600	128	0.000261149
600	128	0.000255730
600	128	0.000255696
600	128	0.000255704
600	128	0.000255733
600	128	0.000255748
600	128	0.000312548
600	128	0.000300854
600	128	0.000310203
600	128	0.000305065
600	128	0.000302867
600	128	0.000332839
600	128	0.000318401
600	128	0.000318589
600	128	0.000312665
600	128	0.000300916
600	128	0.000296871
600	128	0.000296132
600	128	0.000296095
600	128	0.000295008
600	128	0.000341589
600	128	0.000333915
600	128	0.000342436
600	128	0.000361066
600	128	0.000366651
600	128	0.000351702
600	128	0.000351563
600	128	0.000362605
600	128	0.000351620
600	128	0.000351701
600	128	0.000345341
600	128	0.000342411
600	128	0.000351643
600	128	0.000351757
600	128	0.000360660
600	128	0.000351587
600	128	0.000351740
600	128	0.000343939
600	128	0.000363882
600	128	0.000351675
600	128	0.000351750
600	128	0.000360878
600	128	0.000351768
600	128	0.000351711
600	128	0.000353043
600	128	0.000351596
600	128	0.000375174
600	128	0.000359948
600	128	0.000360381
600	128	0.000342344
600	128	0.000318713
600	128	0.000362635
600	128	0.000351710
600	128	0.000351713
600	128	0.000330942
600	128	0.000338544
600	128	0.000358427
600	128	0.000351577
600	128	0.000330877
600	128	0.000368840
600	128	0.000339091
600	128	0.000338527
600	128	0.000351702
600	128	0.000351456
600	128	0.000335406
600	128	0.000338498
600	128	0.000330913
600	128	0.000351577
600	256	0.000372297
600	256	0.000372285
600	256	0.000372344
600	256	0.000372262
600	256	0.000372334
600	256	0.000372303
600	256	0.000358395
600	256	0.000372337
600	256	0.000372334
600	256	0.000372332
600	256	0.000372324
600	256	0.000372359
600	256	0.000358435
600	256	0.000358437
600	256	0.000358349
600	256	0.000409029
600	256	0.000386052
600	256	0.000374207
600	256	0.000373865
600	256	0.000416975
600	256	0.000416948
600	256	0.000501762
600	256	0.000540621
600	256	0.000521198
600	256	0.000496401
600	256	0.000504107
600	256	0.000579203
600	256	0.000590968
600	256	0.000551736
600	256	0.000548724
600	256	0.000553594
600	256	0.000553378
600	256	0.000528120
600	256	0.000561499
600	256	0.000572237
600	256	0.000601475
600	256	0.000593786
600	256	0.000626301
600	256	0.000613177
600	256	0.000631433
600	256	0.000645118
600	256	0.000651487
600	256	0.000643934
600	256	0.000660126
600	256	0.000651581
600	256	0.000625733
600	256	0.000651498
600	256	0.000635038
600	256	0.000655179
600	256	0.000679545
600	256	0.000629105
600	256	0.000638323
600	256	0.000610529
600	256	0.000631588
600	256	0.000623059
600	256	0.000627163
600	256	0.000660639
600	256	0.000640313
600	256	0.000627385
600	256	0.000646498
600	256	0.000619384
600	256	0.000640461
600	256	0.000658225
600	256	0.000645320
600	256	0.000667943
600	256	0.000616473
600	256	0.000643878
600	256	0.000651483
600	256	0.000658434
600	256	0.000647789
600	256	0.000635507
600	256	0.000644313
600	256	0.000651437
600	256	0.000658704
600	256	0.000608463
600	256	0.000605045
600	256	0.000583380
600	256	0.000619225
600	256	0.000613224
600	256	0.000620796
600	256	0.000606238
600	256	0.000592099
600	256	0.000588020
600	256	0.000633441
600	256	0.000659209
600	256	0.000624172
600	256	0.000642843
600	256	0.000656713
600	256	0.000653906
600	256	0.000650769
600	256	0.000615258
600	256	0.000657678
600	256	0.000630954
600	256	0.000625059
600	256	0.000613127
600	256	0.000634466
600	256	0.000673102
600	256	0.000661325
600	256	0.000652033
600	256	0.000655897
600	380	0.000525745
600	380	0.000530905
600	380	0.000526647
600	380	0.000530326
600	380	0.000525714
600	380	0.000525674
600	380	0.000523690
600	380	0.000524083
600	380	0.000532008
600	380	0.000551212
600	380	0.000639941
600	380	0.000653285
600	380	0.000817753
600	380	0.000818622
600	380	0.000926435
600	380	0.000931709
600	380	0.000927393
600	380	0.000927262
600	380	0.000917794
600	380	0.000941865
600	380	0.000923988
600	380	0.000917946
600	380	0.000918674
600	380	0.000923825
600	380	0.000930423
600	380	0.000903824
600	380	0.000907929
600	380	0.000910952
600	380	0.000933223
600	380	0.000905332
600	380	0.000912934
600	380	0.000869570
600	380	0.000924329
600	380	0.000955738
600	380	0.000919828
600	380	0.000917638
600	380	0.000931258
600	380	0.000931458
600	380	0.000928770
600	380	0.000929801
600	380	0.000938624
600	380	0.000922142
600	380	0.000770086
600	380	0.000796035
600	380	0.000871969
600	380	0.000941111
600	380	0.000921631
600	380	0.000870052
600	380	0.000889731
600	380	0.000918546
600	380	0.000717593
600	380	0.000704084
600	380	0.000739549
600	380	0.000740170
600	380	0.000706142
600	380	0.000701008
600	380	0.000706147
600	380	0.000700872
600	380	0.000719907
600	380	0.000700874
600	380	0.000581890
600	380	0.000572337
600	380	0.000570079
600	380	0.000669018
600	380	0.000709914
600	380	0.000639890
600	380	0.000645098
600	380	0.000834619
600	380	0.000864418
600	380	0.000919266
600	380	0.000925939
600	380	0.000927346
600	380	0.000928766
600	380	0.000823427
600	380	0.000820054
600	380	0.000806152
600	380	0.000845953
600	380	0.000868466
600	380	0.000924127
600	380	0.000925897
600	380	0.000926198
600	380	0.000926006
600	380	0.000925643
600	380	0.000916946
600	380	0.000927362
600	380	0.000942872
600	380	0.000925852
600	380	0.000941574
600	380	0.000918702
600	380	0.000943889
600	380	0.000927326
600	380	0.000900010
600	380	0.000920985
600	380	0.000949312
600	380	0.000925224
600	380	0.000943503
600	380	0.000925924
600	380	0.000927550
600	380	0.000926151
600	380	0.000930699
600	510	0.000697390
600	510	0.000700661
600	510	0.000693179
600	510	0.000697929
600	510	0.000687892
600	510	0.000693593
600	510	0.000696903
600	510	0.000693182
600	510	0.000702765
600	510	0.000699897
600	510	0.000693227
600	510	0.000699112
600	510	0.000687827
600	510	0.000696883
600	510	0.000876906
600	510	0.000846876
600	510	0.001018794
600	510	0.001118422
600	510	0.001146328
600	510	0.001216445
600	510	0.001207117
600	510	0.001195422
600	510	0.001162400
600	510	0.001218426
600	510	0.001217431
600	510	0.001214905
600	510	0.001188441
600	510	0.001219213
600	510	0.001155257
600	510	0.001223815
600	510	0.001189936
600	510	0.001186153
600	510	0.001200641
600	510	0.001144846
600	510	0.001191456
600	510	0.001181616
600	510	0.001188164
600	510	0.001197455
600	510	0.001191265
600	510	0.001192785
600	510	0.001234474
600	510	0.001148948
600	510	0.001214849
600	510	0.001194267
600	510	0.001218243
600	510	0.001204627
600	510	0.001219000
600	510	0.001225401
600	510	0.001192903
600	510	0.001236059
600	510	0.001210720
600	510	0.001152295
600	510	0.001186850
600	510	0.001182754
600	510	0.001219027
600	510	0.001133366
600	510	0.001177661
600	510	0.001171240
600	510	0.001219634
600	510	0.001147941
600	510	0.001174390
600	510	0.001182270
600	510	0.001232422
600	510	0.001209048
600	510	0.001144864
600	510	0.001173251
600	510	0.001185628
600	510	0.001223310
600	510	0.001082529
600	510	0.001146985
600	510	0.001187360
600	510	0.001146103
600	510	0.001041665
600	510	0.000985140
600	510	0.000935518
600	510	0.000889410
600	510	0.000882876
600	510	0.000850130
600	510	0.000848818
600	510	0.000928891
600	510	0.000931303
600	510	0.000932252
600	510	0.000955202
600	510	0.000985707
600	510	0.000963682
600	510	0.000957638
600	510	0.000929277
600	510	0.001143459
600	510	0.001149032
600	510	0.001191975
600	510	0.001153379
600	510	0.001095058
600	510	0.001038778
600	510	0.000978494
600	510	0.000979653
600	510	0.001172569
600	510	0.001213941
600	510	0.001158423
600	510	0.001198078
600	510	0.001236739
600	600	0.000821256
600	600	0.000820101
600	600	0.000815584
600	600	0.000820454
600	600	0.000801674
600	600	0.000825839
600	600	0.000815642
600	600	0.000821050
600	600	0.000815598
600	600	0.000821850
600	600	0.000822797
600	600	0.000820712
600	600	0.000818769
600	600	0.000821143
600	600	0.000818404
600	600	0.000821210
600	600	0.000819254
600	600	0.001044251
600	600	0.001115368
600	600	0.001355857
600	600	0.001221313
600	600	0.001326110
600	600	0.001346479
600	600	0.001282480
600	600	0.001433793
600	600	0.001271881
600	600	0.001342614
600	600	0.001392023
600	600	0.001347455
600	600	0.001426270
600	600	0.001378042
600	600	0.001425904
600	600	0.001360278
600	600	0.001423948
600	600	0.001391547
600	600	0.001432110
600	600	0.001356530
600	600	0.001352417
600	600	0.001288946
600	600	0.001262252
600	600	0.001280596
600	600	0.001408670
600	600	0.001147822
600	600	0.001233263
600	600	0.001391699
600	600	0.001362238
600	600	0.001427609
600	600	0.001382957
600	600	0.001418028
600	600	0.001346968
600	600	0.001439147
600	600	0.001398455
600	600	0.001363250
600	600	0.001346487
600	600	0.001376235
600	600	0.001355833
600	600	0.001268022
600	600	0.000997024
600	600	0.000991278
600	600	0.001032674
600	600	0.001175610
600	600	0.001275392
600	600	0.001279912
600	600	0.001349224
600	600	0.001148194
600	600	0.001173172
600	600	0.001277829
600	600	0.000945984
600	600	0.000959237
600	600	0.000997954
600	600	0.001020987
600	600	0.001041387
600	600	0.001089100
600	600	0.000992670
600	600	0.000957132
600	600	0.001293347
600	600	0.001397165
600	600	0.001378128
600	600	0.001347005
600	600	0.001353310
600	600	0.001339107
600	600	0.001212525
600	600	0.001310295
600	600	0.001351736
600	600	0.001357646
600	600	0.001377513
600	600	0.001324308
600	600	0.001370408
600	600	0.001410751
600	600	0.001391408
600	600	0.001396534
600	600	0.001080269
600	600	0.001255338
600	600	0.001224334
600	600	0.000928932
600	600	0.000932471
600	600	0.000960282
600	600	0.001000876
600	600	0.000997655
600	600	0.000957703
