120	128	0.000023051
120	128	0.000021928
120	128	0.000022104
120	128	0.000021954
120	128	0.000023030
120	128	0.000021881
120	128	0.000023128
120	128	0.000022064
120	128	0.000021989
120	128	0.000023125
120	128	0.000023074
120	128	0.000022157
120	128	0.000023156
120	128	0.000021875
120	128	0.000023110
120	128	0.000021999
120	128	0.000022042
120	128	0.000023111
120	128	0.000022109
120	128	0.000023045
120	128	0.000021991
120	128	0.000022984
120	128	0.000022135
120	128	0.000021882
120	128	0.000023196
120	128	0.000021825
120	128	0.000022446
120	128	0.000022668
120	128	0.000021853
120	128	0.000023234
120	128	0.000021790
120	128	0.000021894
120	128	0.000022241
120	128	0.000025209
120	128	0.000022226
120	128	0.000023043
120	128	0.000022068
120	128	0.000023261
120	128	0.000021981
120	128	0.000021951
120	128	0.000022624
120	128	0.000022021
120	128	0.000021950
120	128	0.000022282
120	128	0.000021934
120	128	0.000022148
120	128	0.000022050
120	128	0.000026712
120	128	0.000023112
120	128	0.000022229
120	128	0.000023114
120	128	0.000021962
120	128	0.000022248
120	128	0.000023169
120	128	0.000023255
120	128	0.000023039
120	128	0.000021880
120	128	0.000021934
120	128	0.000022419
120	128	0.000021993
120	128	0.000022027
120	128	0.000021884
120	128	0.000023095
120	128	0.000021989
120	128	0.000023183
120	128	0.000028123
120	128	0.000022036
120	128	0.000022230
120	128	0.000023248
120	128	0.000022228
120	128	0.000023020
120	128	0.000021968
120	128	0.000023180
120	128	0.000023067
120	128	0.000021982
120	128	0.000022006
120	128	0.000023048
120	128	0.000022207
120	128	0.000022114
120	128	0.000021995
120	128	0.000023160
120	128	0.000022028
120	128	0.000022059
120	128	0.000021751
120	128	0.000021901
120	128	0.000022152
120	128	0.000021885
120	128	0.000021816
120	128	0.000022124
120	128	0.000022240
120	128	0.000021830
120	128	0.000022061
120	128	0.000023203
120	128	0.000022181
120	128	0.000021915
120	128	0.000022035
120	128	0.000028071
120	128	0.000022023
120	128	0.000023217
120	128	0.000021965
120	256	0.000062823
120	256	0.000061607
120	256	0.000061350
120	256	0.000070346
120	256	0.000063069
120	256	0.000069102
120	256	0.000068931
120	256	0.000045414
120	256	0.000069624
120	256	0.000061766
120	256	0.000063657
120	256	0.000061908
120	256	0.000061518
120	256	0.000069317
120	256	0.000069692
120	256	0.000069416
120	256	0.000061484
120	256	0.000069459
120	256	0.000061840
120	256	0.000062909
120	256	0.000062880
120	256	0.000069721
120	256	0.000061925
120	256	0.000061421
120	256	0.000075223
120	256	0.000061601
120	256	0.000078320
120	256	0.000069293
120	256	0.000069399
120	256	0.000071147
120	256	0.000069399
120	256	0.000062998
120	256	0.000061544
120	256	0.000062878
120	256	0.000069271
120	256	0.000048594
120	256	0.000063697
120	256	0.000063300
120	256	0.000061819
120	256	0.000069239
120	256	0.000061614
120	256	0.000069050
120	256	0.000061977
120	256	0.000071287
120	256	0.000061583
120	256	0.000069487
120	256	0.000069152
120	256	0.000074344
120	256	0.000062991
120	256	0.000065397
120	256	0.000069787
120	256	0.000061419
120	256	0.000061932
120	256	0.000069740
120	256	0.000069116
120	256	0.000069304
120	256	0.000071557
120	256	0.000069756
120	256	0.000062871
120	256	0.000069406
120	256	0.000061732
120	256	0.000064302
120	256	0.000069442
120	256	0.000069398
120	256	0.000080378
120	256	0.000069332
120	256	0.000069035
120	256	0.000069734
120	256	0.000063149
120	256	0.000061467
120	256	0.000069743
120	256	0.000069480
120	256	0.000071309
120	256	0.000062633
120	256	0.000069787
120	256	0.000068978
120	256	0.000061385
120	256	0.000061659
120	256	0.000058299
120	256	0.000062937
120	256	0.000061403
120	256	0.000069525
120	256	0.000061571
120	256	0.000062830
120	256	0.000062820
120	256	0.000069235
120	256	0.000072461
120	256	0.000063014
120	256	0.000069074
120	256	0.000061337
120	256	0.000062444
120	256	0.000061815
120	256	0.000069090
120	256	0.000063040
120	256	0.000069492
120	256	0.000061497
120	256	0.000061466
120	256	0.000062880
120	256	0.000069389
120	256	0.000063697
120	380	0.000069533
120	380	0.000077644
120	380	0.000069745
120	380	0.000069567
120	380	0.000069541
120	380	0.000068533
120	380	0.000068586
120	380	0.000069702
120	380	0.000068243
120	380	0.000068142
120	380	0.000068077
120	380	0.000076275
120	380	0.000076390
120	380	0.000076263
120	380	0.000069506
120	380	0.000076025
120	380	0.000075790
120	380	0.000070225
120	380	0.000075805
120	380	0.000076660
120	380	0.000083618
120	380	0.000076492
120	380	0.000080924
120	380	0.000069636
120	380	0.000075859
120	380	0.000068263
120	380	0.000069731
120	380	0.000076302
120	380	0.000068251
120	380	0.000076481
120	380	0.000077531
120	380	0.000077863
120	380	0.000077542
120	380	0.000076218
120	380	0.000068936
120	380	0.000068319
120	380	0.000077375
120	380	0.000068172
120	380	0.000068194
120	380	0.000069937
120	380	0.000068259
120	380	0.000069551
120	380	0.000084652
120	380	0.000087370
120	380	0.000085594
120	380	0.000085011
120	380	0.000085281
120	380	0.000092401
120	380	0.000084981
120	380	0.000085030
120	380	0.000092585
120	380	0.000090957
120	380	0.000093315
120	380	0.000101471
120	380	0.000101519
120	380	0.000089954
120	380	0.000096893
120	380	0.000097208
120	380	0.000088929
120	380	0.000086756
120	380	0.000117360
120	380	0.000102675
120	380	0.000112549
120	380	0.000112652
120	380	0.000122884
120	380	0.000121869
120	380	0.000133172
120	380	0.000119556
120	380	0.000132946
120	380	0.000133201
120	380	0.000136150
120	380	0.000133293
120	380	0.000133125
120	380	0.000132879
120	380	0.000135783
120	380	0.000133560
120	380	0.000112501
120	380	0.000119373
120	380	0.000135857
120	380	0.000132611
120	380	0.000119645
120	380	0.000133066
120	380	0.000133219
120	380	0.000133010
120	380	0.000132776
120	380	0.000136150
120	380	0.000135850
120	380	0.000133125
120	380	0.000115104
120	380	0.000128781
120	380	0.000133119
120	380	0.000121564
120	380	0.000119865
120	380	0.000119852
120	380	0.000135810
120	380	0.000133854
120	380	0.000132778
120	380	0.000125328
120	380	0.000119430
120	380	0.000133012
120	510	0.000090454
120	510	0.000092605
120	510	0.000084308
120	510	0.000090537
120	510	0.000090929
120	510	0.000090608
120	510	0.000092187
120	510	0.000084315
120	510	0.000095735
120	510	0.000082585
120	510	0.000090343
120	510	0.000090512
120	510	0.000084146
120	510	0.000082825
120	510	0.000082514
120	510	0.000090745
120	510	0.000090498
120	510	0.000090360
120	510	0.000091039
120	510	0.000092257
120	510	0.000082744
120	510	0.000083427
120	510	0.000096025
120	510	0.000083100
120	510	0.000113820
120	510	0.000092842
120	510	0.000090918
120	510	0.000090589
120	510	0.000090680
120	510	0.000090918
120	510	0.000082594
120	510	0.000103175
120	510	0.000101237
120	510	0.000101529
120	510	0.000117462
120	510	0.000094307
120	510	0.000106294
120	510	0.000165410
120	510	0.000115731
120	510	0.000115105
120	510	0.000127799
120	510	0.000129206
120	510	0.000144373
120	510	0.000129431
120	510	0.000127115
120	510	0.000117972
120	510	0.000115765
120	510	0.000134847
120	510	0.000131061
120	510	0.000141292
120	510	0.000143415
120	510	0.000152114
120	510	0.000136175
120	510	0.000152041
120	510	0.000137509
120	510	0.000151746
120	510	0.000136291
120	510	0.000158087
120	510	0.000158474
120	510	0.000148276
120	510	0.000150894
120	510	0.000151684
120	510	0.000151745
120	510	0.000162067
120	510	0.000136461
120	510	0.000144844
120	510	0.000158384
120	510	0.000158836
120	510	0.000145176
120	510	0.000168804
120	510	0.000158532
120	510	0.000147326
120	510	0.000162064
120	510	0.000161310
120	510	0.000144625
120	510	0.000144734
120	510	0.000147417
120	510	0.000159125
120	510	0.000147082
120	510	0.000147225
120	510	0.000158445
120	510	0.000147182
120	510	0.000158491
120	510	0.000144553
120	510	0.000166134
120	510	0.000169971
120	510	0.000171774
120	510	0.000136720
120	510	0.000161232
120	510	0.000161560
120	510	0.000161088
120	510	0.000147201
120	510	0.000149032
120	510	0.000162404
120	510	0.000144442
120	510	0.000158813
120	510	0.000149596
120	510	0.000161544
120	510	0.000158336
120	510	0.000145136
120	600	0.000110899
120	600	0.000109670
120	600	0.000117171
120	600	0.000109743
120	600	0.000117147
120	600	0.000109648
120	600	0.000119097
120	600	0.000117375
120	600	0.000117632
120	600	0.000119037
120	600	0.000109326
120	600	0.000109718
120	600	0.000118995
120	600	0.000119146
120	600	0.000117365
120	600	0.000119817
120	600	0.000110891
120	600	0.000117819
120	600	0.000117811
120	600	0.000123054
120	600	0.000118840
120	600	0.000119240
120	600	0.000120123
120	600	0.000110870
120	600	0.000117389
120	600	0.000117228
120	600	0.000118020
120	600	0.000117324
120	600	0.000117373
120	600	0.000109580
120	600	0.000119198
120	600	0.000118276
120	600	0.000118266
120	600	0.000119498
120	600	0.000126460
120	600	0.000119589
120	600	0.000120147
120	600	0.000133207
120	600	0.000122820
120	600	0.000131803
120	600	0.000123318
120	600	0.000125921
120	600	0.000136757
120	600	0.000139583
120	600	0.000137643
120	600	0.000137030
120	600	0.000158692
120	600	0.000156653
120	600	0.000214979
120	600	0.000159002
120	600	0.000156598
120	600	0.000158755
120	600	0.000156545
120	600	0.000195702
120	600	0.000173341
120	600	0.000175514
120	600	0.000173054
120	600	0.000175414
120	600	0.000161404
120	600	0.000162069
120	600	0.000181180
120	600	0.000193260
120	600	0.000180327
120	600	0.000193291
120	600	0.000182187
120	600	0.000196419
120	600	0.000196132
120	600	0.000196181
120	600	0.000195785
120	600	0.000207997
120	600	0.000191726
120	600	0.000205817
120	600	0.000205782
120	600	0.000208440
120	600	0.000194007
120	600	0.000192463
120	600	0.000191523
120	600	0.000192000
120	600	0.000205906
120	600	0.000208633
120	600	0.000208691
120	600	0.000191455
120	600	0.000191647
120	600	0.000208020
120	600	0.000209693
120	600	0.000205384
120	600	0.000191866
120	600	0.000205479
120	600	0.000196190
120	600	0.000207943
120	600	0.000205192
120	600	0.000205312
120	600	0.000208419
120	600	0.000191325
120	600	0.000228308
120	600	0.000208228
120	600	0.000185128
120	600	0.000205131
120	600	0.000192022
120	600	0.000205485
250	128	0.000047671
250	128	0.000045211
250	128	0.000045380
250	128	0.000047661
250	128	0.000045536
250	128	0.000047727
250	128	0.000046266
250	128	0.000045317
250	128	0.000047742
250	128	0.000045533
250	128	0.000047663
250	128	0.000045291
250	128	0.000045500
250	128	0.000045592
250	128	0.000047707
250	128	0.000045340
250	128	0.000045529
250	128	0.000047672
250	128	0.000045539
250	128	0.000045757
250	128	0.000045464
250	128	0.000045514
250	128	0.000045614
250	128	0.000045564
250	128	0.000045138
250	128	0.000045469
250	128	0.000045493
250	128	0.000045794
250	128	0.000045386
250	128	0.000047753
250	128	0.000045429
250	128	0.000047589
250	128	0.000045266
250	128	0.000045462
250	128	0.000045122
250	128	0.000058189
250	128	0.000048241
250	128	0.000045861
250	128	0.000047561
250	128	0.000047716
250	128	0.000058426
250	128	0.000045512
250	128	0.000047765
250	128	0.000045339
250	128	0.000045129
250	128	0.000045435
250	128	0.000047810
250	128	0.000047774
250	128	0.000049684
250	128	0.000060455
250	128	0.000047360
250	128	0.000047170
250	128	0.000060345
250	128	0.000045688
250	128	0.000045444
250	128	0.000045507
250	128	0.000058529
250	128	0.000047829
250	128	0.000045304
250	128	0.000055177
250	128	0.000045941
250	128	0.000045492
250	128	0.000045488
250	128	0.000045283
250	128	0.000045369
250	128	0.000045585
250	128	0.000045553
250	128	0.000057618
250	128	0.000047690
250	128	0.000045532
250	128	0.000045324
250	128	0.000045278
250	128	0.000051783
250	128	0.000045239
250	128	0.000047719
250	128	0.000045312
250	128	0.000045422
250	128	0.000045211
250	128	0.000045617
250	128	0.000045385
250	128	0.000045392
250	128	0.000045286
250	128	0.000045290
250	128	0.000051188
250	128	0.000047732
250	128	0.000045398
250	128	0.000045673
250	128	0.000045597
250	128	0.000045534
250	128	0.000047680
250	128	0.000045413
250	128	0.000045398
250	128	0.000045743
250	128	0.000045329
250	128	0.000047813
250	128	0.000045419
250	128	0.000047452
250	128	0.000045162
250	128	0.000045327
250	128	0.000055220
250	256	0.000143947
250	256	0.000137118
250	256	0.000127944
250	256	0.000127571
250	256	0.000130300
250	256	0.000143932
250	256	0.000143936
250	256	0.000143664
250	256	0.000130600
250	256	0.000130558
250	256	0.000143579
250	256	0.000148813
250	256	0.000143574
250	256	0.000143743
250	256	0.000151706
250	256	0.000144797
250	256	0.000127476
250	256	0.000143759
250	256	0.000130665
250	256	0.000091901
250	256	0.000143920
250	256	0.000144051
250	256	0.000141920
250	256	0.000143628
250	256	0.000143411
250	256	0.000130774
250	256	0.000130357
250	256	0.000127372
250	256	0.000130141
250	256	0.000127628
250	256	0.000127435
250	256	0.000130214
250	256	0.000144162
250	256	0.000148290
250	256	0.000130373
250	256	0.000143826
250	256	0.000128092
250	256	0.000128341
250	256	0.000143621
250	256	0.000130726
250	256	0.000130307
250	256	0.000145619
250	256	0.000152507
250	256	0.000156019
250	256	0.000146441
250	256	0.000154820
250	256	0.000144638
250	256	0.000146534
250	256	0.000160938
250	256	0.000142951
250	256	0.000171749
250	256	0.000182920
250	256	0.000162434
250	256	0.000142557
250	256	0.000182530
250	256	0.000191367
250	256	0.000174157
250	256	0.000196220
250	256	0.000211658
250	256	0.000217147
250	256	0.000211968
250	256	0.000223575
250	256	0.000203068
250	256	0.000199449
250	256	0.000228262
250	256	0.000223297
250	256	0.000225826
250	256	0.000228035
250	256	0.000227816
250	256	0.000236509
250	256	0.000258493
250	256	0.000251494
250	256	0.000258465
250	256	0.000224144
250	256	0.000228320
250	256	0.000236391
250	256	0.000258938
250	256	0.000229592
250	256	0.000252008
250	256	0.000222920
250	256	0.000223033
250	256	0.000226015
250	256	0.000228076
250	256	0.000223814
250	256	0.000251667
250	256	0.000227940
250	256	0.000250079
250	256	0.000223214
250	256	0.000251310
250	256	0.000228143
250	256	0.000228211
250	256	0.000228282
250	256	0.000214547
250	256	0.000257554
250	256	0.000236824
250	256	0.000265794
250	256	0.000238805
250	256	0.000234678
250	256	0.000252477
250	256	0.000228269
250	380	0.000144584
250	380	0.000158255
250	380	0.000156255
250	380	0.000157701
250	380	0.000144517
250	380	0.000157803
250	380	0.000158112
250	380	0.000161466
250	380	0.000157636
250	380	0.000161668
250	380	0.000161539
250	380	0.000152249
250	380	0.000144333
250	380	0.000158129
250	380	0.000170825
250	380	0.000161562
250	380	0.000142250
250	380	0.000158054
250	380	0.000161780
250	380	0.000155175
250	380	0.000141461
250	380	0.000158395
250	380	0.000165831
250	380	0.000157534
250	380	0.000158078
250	380	0.000166597
250	380	0.000158373
250	380	0.000161211
250	380	0.000144670
250	380	0.000157582
250	380	0.000185500
250	380	0.000176531
250	380	0.000159328
250	380	0.000180749
250	380	0.000180230
250	380	0.000201054
250	380	0.000180796
250	380	0.000200689
250	380	0.000254763
250	380	0.000221040
250	380	0.000220757
250	380	0.000204848
250	380	0.000225464
250	380	0.000245482
250	380	0.000221520
250	380	0.000260010
250	380	0.000265472
250	380	0.000317444
250	380	0.000270951
250	380	0.000282146
250	380	0.000281948
250	380	0.000276084
250	380	0.000247995
250	380	0.000262650
250	380	0.000249035
250	380	0.000248621
250	380	0.000247961
250	380	0.000252439
250	380	0.000282075
250	380	0.000252804
250	380	0.000284899
250	380	0.000286837
250	380	0.000252445
250	380	0.000275909
250	380	0.000248214
250	380	0.000237840
250	380	0.000252150
250	380	0.000252510
250	380	0.000290627
250	380	0.000276048
250	380	0.000248581
250	380	0.000276537
250	380	0.000276068
250	380	0.000282423
250	380	0.000274921
250	380	0.000252295
250	380	0.000282657
250	380	0.000303601
250	380	0.000252944
250	380	0.000252546
250	380	0.000252450
250	380	0.000281943
250	380	0.000277072
250	380	0.000284582
250	380	0.000258592
250	380	0.000274289
250	380	0.000264701
250	380	0.000252361
250	380	0.000248419
250	380	0.000276043
250	380	0.000282114
250	380	0.000275599
250	380	0.000275762
250	380	0.000265638
250	380	0.000257619
250	380	0.000257538
250	380	0.000275677
250	380	0.000249709
250	380	0.000252352
250	380	0.000252800
250	510	0.000180659
250	510	0.000191577
250	510	0.000191463
250	510	0.000191628
250	510	0.000177425
250	510	0.000174659
250	510	0.000188016
250	510	0.000177432
250	510	0.000188106
250	510	0.000171635
250	510	0.000183850
250	510	0.000188191
250	510	0.000174673
250	510	0.000202578
250	510	0.000187868
250	510	0.000174999
250	510	0.000188141
250	510	0.000188318
250	510	0.000172142
250	510	0.000230419
250	510	0.000228814
250	510	0.000228928
250	510	0.000233823
250	510	0.000277092
250	510	0.000278092
250	510	0.000254350
250	510	0.000330628
250	510	0.000300545
250	510	0.000329111
250	510	0.000305795
250	510	0.000333758
250	510	0.000310786
250	510	0.000300286
250	510	0.000305826
250	510	0.000319153
250	510	0.000306073
250	510	0.000334993
250	510	0.000326412
250	510	0.000342995
250	510	0.000321821
250	510	0.000334987
250	510	0.000305659
250	510	0.000329717
250	510	0.000306399
250	510	0.000308072
250	510	0.000319425
250	510	0.000300972
250	510	0.000305534
250	510	0.000301407
250	510	0.000329263
250	510	0.000339097
250	510	0.000335401
250	510	0.000328548
250	510	0.000301666
250	510	0.000305544
250	510	0.000325894
250	510	0.000318076
250	510	0.000335037
250	510	0.000314861
250	510	0.000328938
250	510	0.000314890
250	510	0.000301463
250	510	0.000305828
250	510	0.000328589
250	510	0.000288063
250	510	0.000342766
250	510	0.000314535
250	510	0.000284360
250	510	0.000305213
250	510	0.000309774
250	510	0.000317435
250	510	0.000321268
250	510	0.000329262
250	510	0.000305823
250	510	0.000300266
250	510	0.000327520
250	510	0.000342290
250	510	0.000334964
250	510	0.000306020
250	510	0.000284349
250	510	0.000309441
250	510	0.000317614
250	510	0.000318309
250	510	0.000329016
250	510	0.000305607
250	510	0.000309328
250	510	0.000305564
250	510	0.000322422
250	510	0.000303925
250	510	0.000311934
250	510	0.000328814
250	510	0.000335846
250	510	0.000331244
250	510	0.000294995
250	510	0.000304606
250	510	0.000327808
250	510	0.000302309
250	510	0.000300501
250	510	0.000334921
250	510	0.000327888
250	600	0.000247520
250	600	0.000228219
250	600	0.000228024
250	600	0.000247296
250	600	0.000237673
250	600	0.000227817
250	600	0.000247368
250	600	0.000227404
250	600	0.000227597
250	600	0.000247310
250	600	0.000228087
250	600	0.000254134
250	600	0.000228849
250	600	0.000230855
250	600	0.000229002
250	600	0.000235390
250	600	0.000227860
250	600	0.000244330
250	600	0.000227379
250	600	0.000246408
250	600	0.000243792
250	600	0.000243893
250	600	0.000247289
250	600	0.000289924
250	600	0.000265456
250	600	0.000268726
250	600	0.000268806
250	600	0.000335510
250	600	0.000359256
250	600	0.000377225
250	600	0.000414928
250	600	0.000399400
250	600	0.000426572
250	600	0.000420344
250	600	0.000399226
250	600	0.000426410
250	600	0.000378047
250	600	0.000433712
250	600	0.000379661
250	600	0.000399434
250	600	0.000407848
250	600	0.000430769
250	600	0.000398394
250	600	0.000426400
250	600	0.000411108
250	600	0.000408351
250	600	0.000398526
250	600	0.000433588
250	600	0.000405935
250	600	0.000417154
250	600	0.000433060
250	600	0.000426614
250	600	0.000387598
250	600	0.000391417
250	600	0.000403800
250	600	0.000401593
250	600	0.000413996
250	600	0.000398657
250	600	0.000407978
250	600	0.000417334
250	600	0.000433844
250	600	0.000426967
250	600	0.000447960
250	600	0.000429972
250	600	0.000398438
250	600	0.000454996
250	600	0.000407188
250	600	0.000432641
250	600	0.000401904
250	600	0.000412223
250	600	0.000383208
250	600	0.000426638
250	600	0.000417552
250	600	0.000432693
250	600	0.000433486
250	600	0.000389995
250	600	0.000427649
250	600	0.000400932
250	600	0.000376717
250	600	0.000438403
250	600	0.000433276
250	600	0.000376120
250	600	0.000428460
250	600	0.000418259
250	600	0.000432707
250	600	0.000426522
250	600	0.000421145
250	600	0.000427547
250	600	0.000403348
250	600	0.000390621
250	600	0.000406798
250	600	0.000432539
250	600	0.000398936
250	600	0.000402441
250	600	0.000433459
250	600	0.000426939
250	600	0.000432944
250	600	0.000437426
250	600	0.000435331
250	600	0.000426909
380	128	0.000069324
380	128	0.000072246
380	128	0.000072269
380	128	0.000068511
380	128	0.000068728
380	128	0.000073355
380	128	0.000068523
380	128	0.000072276
380	128	0.000068626
380	128	0.000068577
380	128	0.000073805
380	128	0.000088350
380	128	0.000068777
380	128	0.000079182
380	128	0.000072393
380	128	0.000069138
380	128	0.000072424
380	128	0.000069236
380	128	0.000072330
380	128	0.000068798
380	128	0.000072327
380	128	0.000068706
380	128	0.000068800
380	128	0.000083417
380	128	0.000068540
380	128	0.000069068
380	128	0.000068642
380	128	0.000069078
380	128	0.000074217
380	128	0.000068690
380	128	0.000068641
380	128	0.000072387
380	128	0.000068911
380	128	0.000068606
380	128	0.000068661
380	128	0.000072238
380	128	0.000068972
380	128	0.000072443
380	128	0.000068732
380	128	0.000088159
380	128	0.000068423
380	128	0.000088467
380	128	0.000068729
380	128	0.000068595
380	128	0.000068490
380	128	0.000068678
380	128	0.000072307
380	128	0.000072187
380	128	0.000068810
380	128	0.000072351
380	128	0.000068891
380	128	0.000072399
380	128	0.000068567
380	128	0.000068637
380	128	0.000068691
380	128	0.000069331
380	128	0.000068974
380	128	0.000068777
380	128	0.000068766
380	128	0.000068728
380	128	0.000069278
380	128	0.000068960
380	128	0.000068922
380	128	0.000072711
380	128	0.000069089
380	128	0.000068864
380	128	0.000068865
380	128	0.000068646
380	128	0.000068464
380	128	0.000068526
380	128	0.000068932
380	128	0.000068779
380	128	0.000068602
380	128	0.000068826
380	128	0.000068617
380	128	0.000068498
380	128	0.000068692
380	128	0.000072325
380	128	0.000069022
380	128	0.000069395
380	128	0.000068702
380	128	0.000069595
380	128	0.000073130
380	128	0.000072233
380	128	0.000069642
380	128	0.000072651
380	128	0.000069184
380	128	0.000068558
380	128	0.000072453
380	128	0.000088418
380	128	0.000076266
380	128	0.000068720
380	128	0.000068630
380	128	0.000069119
380	128	0.000068722
380	128	0.000090933
380	128	0.000068714
380	128	0.000068624
380	128	0.000068671
380	128	0.000072443
380	256	0.000197986
380	256	0.000193569
380	256	0.000198028
380	256	0.000219431
380	256	0.000207509
380	256	0.000193375
380	256	0.000218096
380	256	0.000223696
380	256	0.000217968
380	256	0.000194585
380	256	0.000224069
380	256	0.000218366
380	256	0.000218712
380	256	0.000197454
380	256	0.000198058
380	256	0.000193357
380	256	0.000223769
380	256	0.000218980
380	256	0.000192984
380	256	0.000200917
380	256	0.000198626
380	256	0.000197455
380	256	0.000225514
380	256	0.000219196
380	256	0.000224291
380	256	0.000228071
380	256	0.000195644
380	256	0.000219029
380	256	0.000227078
380	256	0.000195546
380	256	0.000193828
380	256	0.000218222
380	256	0.000204805
380	256	0.000218170
380	256	0.000218841
380	256	0.000219267
380	256	0.000218789
380	256	0.000219230
380	256	0.000224684
380	256	0.000199276
380	256	0.000201145
380	256	0.000216785
380	256	0.000200752
380	256	0.000232606
380	256	0.000254904
380	256	0.000254252
380	256	0.000239998
380	256	0.000236486
380	256	0.000251584
380	256	0.000277707
380	256	0.000288509
380	256	0.000270635
380	256	0.000306414
380	256	0.000277006
380	256	0.000348321
380	256	0.000348316
380	256	0.000307974
380	256	0.000339154
380	256	0.000308784
380	256	0.000357970
380	256	0.000363929
380	256	0.000318698
380	256	0.000391138
380	256	0.000347995
380	256	0.000365632
380	256	0.000332394
380	256	0.000341149
380	256	0.000338618
380	256	0.000332564
380	256	0.000341220
380	256	0.000381491
380	256	0.000288554
380	256	0.000318558
380	256	0.000371283
380	256	0.000358512
380	256	0.000337575
380	256	0.000300285
380	256	0.000382007
380	256	0.000353738
380	256	0.000347600
380	256	0.000335024
380	256	0.000340823
380	256	0.000392581
380	256	0.000378751
380	256	0.000299066
380	256	0.000392151
380	256	0.000345972
380	256	0.000339390
380	256	0.000345455
380	256	0.000387214
380	256	0.000372596
380	256	0.000338419
380	256	0.000348026
380	256	0.000369964
380	256	0.000332462
380	256	0.000380553
380	256	0.000346792
380	256	0.000392070
380	256	0.000353262
380	256	0.000370304
380	380	0.000236240
380	380	0.000239201
380	380	0.000218819
380	380	0.000219120
380	380	0.000224555
380	380	0.000239592
380	380	0.000239114
380	380	0.000245387
380	380	0.000224467
380	380	0.000245155
380	380	0.000219221
380	380	0.000240341
380	380	0.000218952
380	380	0.000219258
380	380	0.000214748
380	380	0.000219679
380	380	0.000229308
380	380	0.000245711
380	380	0.000219355
380	380	0.000239419
380	380	0.000225362
380	380	0.000239277
380	380	0.000239215
380	380	0.000244898
380	380	0.000252397
380	380	0.000239425
380	380	0.000239416
380	380	0.000239271
380	380	0.000252680
380	380	0.000248593
380	380	0.000248638
380	380	0.000254794
380	380	0.000244752
380	380	0.000219530
380	380	0.000239491
380	380	0.000221304
380	380	0.000254226
380	380	0.000236546
380	380	0.000258526
380	380	0.000329151
380	380	0.000302482
380	380	0.000300447
380	380	0.000291369
380	380	0.000267062
380	380	0.000279084
380	380	0.000250414
380	380	0.000279102
380	380	0.000321367
380	380	0.000286739
380	380	0.000285907
380	380	0.000352613
380	380	0.000343984
380	380	0.000353053
380	380	0.000343261
380	380	0.000342634
380	380	0.000304302
380	380	0.000354827
380	380	0.000360726
380	380	0.000372836
380	380	0.000431762
380	380	0.000383563
380	380	0.000383350
380	380	0.000400161
380	380	0.000383333
380	380	0.000431097
380	380	0.000382249
380	380	0.000405243
380	380	0.000420235
380	380	0.000375640
380	380	0.000390926
380	380	0.000386202
380	380	0.000377258
380	380	0.000394942
380	380	0.000412728
380	380	0.000418740
380	380	0.000418925
380	380	0.000431946
380	380	0.000403345
380	380	0.000419845
380	380	0.000353792
380	380	0.000470348
380	380	0.000406222
380	380	0.000419343
380	380	0.000394069
380	380	0.000426721
380	380	0.000388197
380	380	0.000419619
380	380	0.000375542
380	380	0.000354790
380	380	0.000420958
380	380	0.000383284
380	380	0.000353618
380	380	0.000354444
380	380	0.000439546
380	380	0.000376642
380	380	0.000418660
380	380	0.000388562
380	380	0.000383703
380	380	0.000408010
380	380	0.000410642
380	510	0.000290950
380	510	0.000285264
380	510	0.000265092
380	510	0.000260800
380	510	0.000296597
380	510	0.000285433
380	510	0.000260525
380	510	0.000285329
380	510	0.000285229
380	510	0.000273321
380	510	0.000285310
380	510	0.000285569
380	510	0.000265009
380	510	0.000271909
380	510	0.000261127
380	510	0.000265276
380	510	0.000263060
380	510	0.000329408
380	510	0.000285395
380	510	0.000261514
380	510	0.000285199
380	510	0.000291282
380	510	0.000295830
380	510	0.000285560
380	510	0.000285332
380	510	0.000292004
380	510	0.000268140
380	510	0.000285470
380	510	0.000264765
380	510	0.000285819
380	510	0.000265312
380	510	0.000273612
380	510	0.000265393
380	510	0.000265273
380	510	0.000285642
380	510	0.000285355
380	510	0.000291443
380	510	0.000277979
380	510	0.000290991
380	510	0.000292397
380	510	0.000297161
380	510	0.000296776
380	510	0.000320038
380	510	0.000304029
380	510	0.000339206
380	510	0.000340258
380	510	0.000370038
380	510	0.000337218
380	510	0.000331606
380	510	0.000317340
380	510	0.000318981
380	510	0.000350369
380	510	0.000403026
380	510	0.000345275
380	510	0.000332034
380	510	0.000338470
380	510	0.000337520
380	510	0.000333186
380	510	0.000353943
380	510	0.000353020
380	510	0.000349112
380	510	0.000429601
380	510	0.000385603
380	510	0.000421784
380	510	0.000426638
380	510	0.000438263
380	510	0.000437128
380	510	0.000479368
380	510	0.000466521
380	510	0.000437742
380	510	0.000484663
380	510	0.000471046
380	510	0.000499539
380	510	0.000436783
380	510	0.000443418
380	510	0.000499721
380	510	0.000520818
380	510	0.000441048
380	510	0.000457817
380	510	0.000470015
380	510	0.000487402
380	510	0.000464648
380	510	0.000463528
380	510	0.000512711
380	510	0.000508886
380	510	0.000430838
380	510	0.000552549
380	510	0.000463816
380	510	0.000489648
380	510	0.000533774
380	510	0.000499593
380	510	0.000457890
380	510	0.000489776
380	510	0.000457843
380	510	0.000460493
380	510	0.000492665
380	510	0.000464549
380	510	0.000514472
380	510	0.000456244
380	510	0.000501181
380	600	0.000345446
380	600	0.000346604
380	600	0.000375642
380	600	0.000375985
380	600	0.000345585
380	600	0.000346131
380	600	0.000351592
380	600	0.000354990
380	600	0.000372675
380	600	0.000351173
380	600	0.000375708
380	600	0.000346657
380	600	0.000370364
380	600	0.000370639
380	600	0.000370390
380	600	0.000355272
380	600	0.000355196
380	600	0.000358620
380	600	0.000370696
380	600	0.000349820
380	600	0.000375680
380	600	0.000375552
380	600	0.000375578
380	600	0.000355237
380	600	0.000376220
380	600	0.000376130
380	600	0.000375636
380	600	0.000370890
380	600	0.000370487
380	600	0.000345594
380	600	0.000348861
380	600	0.000370273
380	600	0.000366614
380	600	0.000408875
380	600	0.000425761
380	600	0.000420745
380	600	0.000463708
380	600	0.000457036
380	600	0.000441677
380	600	0.000502210
380	600	0.000501126
380	600	0.000501323
380	600	0.000460940
380	600	0.000461121
380	600	0.000660770
380	600	0.000605894
380	600	0.000639413
380	600	0.000651582
380	600	0.000574515
380	600	0.000592336
380	600	0.000625681
380	600	0.000634456
380	600	0.000605344
380	600	0.000637190
380	600	0.000639554
380	600	0.000636654
380	600	0.000625799
380	600	0.000632523
380	600	0.000645092
380	600	0.000615482
380	600	0.000656960
380	600	0.000617847
380	600	0.000633166
380	600	0.000632221
380	600	0.000605542
380	600	0.000584612
380	600	0.000605522
380	600	0.000623700
380	600	0.000612872
380	600	0.000643313
380	600	0.000649284
380	600	0.000620756
380	600	0.000609803
380	600	0.000622905
380	600	0.000657285
380	600	0.000579275
380	600	0.000658333
380	600	0.000638714
380	600	0.000608472
380	600	0.000637774
380	600	0.000665326
380	600	0.000627330
380	600	0.000657956
380	600	0.000632263
380	600	0.000600419
380	600	0.000611963
380	600	0.000606799
380	600	0.000644528
380	600	0.000647906
380	600	0.000644428
380	600	0.000637384
380	600	0.000664357
380	600	0.000648122
380	600	0.000622081
380	600	0.000612536
380	600	0.000623289
380	600	0.000604722
380	600	0.000666124
380	600	0.000623502
380	600	0.000618985
510	128	0.000096875
510	128	0.000099825
510	128	0.000092147
510	128	0.000092213
510	128	0.000091874
510	128	0.000096849
510	128	0.000092493
510	128	0.000092769
510	128	0.000096902
510	128	0.000097045
510	128	0.000092634
510	128	0.000092659
510	128	0.000092603
510	128	0.000096972
510	128	0.000092637
510	128	0.000092055
510	128	0.000107118
510	128	0.000092179
510	128	0.000097659
510	128	0.000096913
510	128	0.000091938
510	128	0.000092148
510	128	0.000096994
510	128	0.000125752
510	128	0.000111862
510	128	0.000112769
510	128	0.000116552
510	128	0.000135552
510	128	0.000136549
510	128	0.000175785
510	128	0.000134830
510	128	0.000169529
510	128	0.000161324
510	128	0.000161744
510	128	0.000169437
510	128	0.000160459
510	128	0.000180865
510	128	0.000169536
510	128	0.000169471
510	128	0.000160700
510	128	0.000169433
510	128	0.000169557
510	128	0.000169554
510	128	0.000180981
510	128	0.000162099
510	128	0.000162082
510	128	0.000167212
510	128	0.000162010
510	128	0.000161971
510	128	0.000161872
510	128	0.000160794
510	128	0.000161469
510	128	0.000151292
510	128	0.000169642
510	128	0.000161878
510	128	0.000151693
510	128	0.000160610
510	128	0.000152852
510	128	0.000169516
510	128	0.000169689
510	128	0.000169707
510	128	0.000161036
510	128	0.000160770
510	128	0.000169509
510	128	0.000161333
510	128	0.000169618
510	128	0.000161318
510	128	0.000183560
510	128	0.000159464
510	128	0.000169598
510	128	0.000161263
510	128	0.000160934
510	128	0.000162301
510	128	0.000162511
510	128	0.000169423
510	128	0.000161320
510	128	0.000161082
510	128	0.000162394
510	128	0.000160884
510	128	0.000169638
510	128	0.000169695
510	128	0.000160735
510	128	0.000169448
510	128	0.000161987
510	128	0.000151230
510	128	0.000151631
510	128	0.000169664
510	128	0.000169472
510	128	0.000169609
510	128	0.000162039
510	128	0.000162180
510	128	0.000162175
510	128	0.000161937
510	128	0.000151630
510	128	0.000169454
510	128	0.000162068
510	128	0.000152749
510	128	0.000169479
510	128	0.000161376
510	128	0.000169437
510	256	0.000274881
510	256	0.000259722
510	256	0.000260882
510	256	0.000291690
510	256	0.000273250
510	256	0.000300327
510	256	0.000287433
510	256	0.000265231
510	256	0.000259611
510	256	0.000270950
510	256	0.000259448
510	256	0.000293692
510	256	0.000293936
510	256	0.000265877
510	256	0.000335056
510	256	0.000296731
510	256	0.000328219
510	256	0.000383033
510	256	0.000371751
510	256	0.000372128
510	256	0.000506917
510	256	0.000491754
510	256	0.000428263
510	256	0.000454187
510	256	0.000471111
510	256	0.000439846
510	256	0.000496879
510	256	0.000509944
510	256	0.000521492
510	256	0.000526685
510	256	0.000472881
510	256	0.000463897
510	256	0.000464402
510	256	0.000494708
510	256	0.000512240
510	256	0.000445240
510	256	0.000454067
510	256	0.000463776
510	256	0.000469913
510	256	0.000456037
510	256	0.000454127
510	256	0.000503093
510	256	0.000453938
510	256	0.000491612
510	256	0.000483860
510	256	0.000512148
510	256	0.000489019
510	256	0.000487712
510	256	0.000495386
510	256	0.000464676
510	256	0.000464848
510	256	0.000457371
510	256	0.000464081
510	256	0.000482101
510	256	0.000516684
510	256	0.000512252
510	256	0.000481674
510	256	0.000498538
510	256	0.000464675
510	256	0.000436849
510	256	0.000323425
510	256	0.000498671
510	256	0.000464849
510	256	0.000449354
510	256	0.000493982
510	256	0.000525962
510	256	0.000492492
510	256	0.000462264
510	256	0.000481714
510	256	0.000484017
510	256	0.000453868
510	256	0.000427962
510	256	0.000421339
510	256	0.000525157
510	256	0.000512429
510	256	0.000465456
510	256	0.000511995
510	256	0.000465099
510	256	0.000456271
510	256	0.000464245
510	256	0.000453742
510	256	0.000486535
510	256	0.000456161
510	256	0.000429551
510	256	0.000468828
510	256	0.000489674
510	256	0.000471721
510	256	0.000391133
510	256	0.000431413
510	256	0.000390445
510	256	0.000441926
510	256	0.000482167
510	256	0.000485129
510	256	0.000449341
510	256	0.000483139
510	256	0.000404452
510	256	0.000448720
510	256	0.000462333
510	256	0.000466862
510	256	0.000475022
510	380	0.000315422
510	380	0.000299608
510	380	0.000299881
510	380	0.000333859
510	380	0.000288515
510	380	0.000320889
510	380	0.000289022
510	380	0.000306633
510	380	0.000299855
510	380	0.000321087
510	380	0.000293850
510	380	0.000329039
510	380	0.000293789
510	380	0.000293698
510	380	0.000326889
510	380	0.000299982
510	380	0.000293871
510	380	0.000289074
510	380	0.000288686
510	380	0.000294409
510	380	0.000328165
510	380	0.000338051
510	380	0.000323735
510	380	0.000328683
510	380	0.000328410
510	380	0.000321138
510	380	0.000289370
510	380	0.000326188
510	380	0.000332094
510	380	0.000288525
510	380	0.000328564
510	380	0.000320942
510	380	0.000320975
510	380	0.000293962
510	380	0.000335181
510	380	0.000287693
510	380	0.000293618
510	380	0.000343212
510	380	0.000383582
510	380	0.000343928
510	380	0.000427719
510	380	0.000428133
510	380	0.000439078
510	380	0.000411622
510	380	0.000463412
510	380	0.000589515
510	380	0.000561659
510	380	0.000558762
510	380	0.000575274
510	380	0.000544564
510	380	0.000514532
510	380	0.000486713
510	380	0.000517821
510	380	0.000562430
510	380	0.000517840
510	380	0.000539443
510	380	0.000503938
510	380	0.000502683
510	380	0.000574474
510	380	0.000547218
510	380	0.000584082
510	380	0.000574686
510	380	0.000541122
510	380	0.000561696
510	380	0.000539222
510	380	0.000528812
510	380	0.000514819
510	380	0.000606069
510	380	0.000561681
510	380	0.000521527
510	380	0.000505735
510	380	0.000537869
510	380	0.000528384
510	380	0.000514019
510	380	0.000553758
510	380	0.000513650
510	380	0.000523433
510	380	0.000507028
510	380	0.000567636
510	380	0.000526748
510	380	0.000562078
510	380	0.000556164
510	380	0.000574616
510	380	0.000510509
510	380	0.000514530
510	380	0.000528605
510	380	0.000528495
510	380	0.000574854
510	380	0.000494491
510	380	0.000543818
510	380	0.000522926
510	380	0.000573070
510	380	0.000521084
510	380	0.000570007
510	380	0.000581676
510	380	0.000504144
510	380	0.000574952
510	380	0.000553240
510	380	0.000561679
510	380	0.000540877
510	510	0.000351207
510	510	0.000355187
510	510	0.000349641
510	510	0.000355562
510	510	0.000383047
510	510	0.000382731
510	510	0.000355195
510	510	0.000382839
510	510	0.000390033
510	510	0.000349879
510	510	0.000390223
510	510	0.000367623
510	510	0.000356472
510	510	0.000362050
510	510	0.000372580
510	510	0.000351944
510	510	0.000382720
510	510	0.000383011
510	510	0.000382748
510	510	0.000383182
510	510	0.000355316
510	510	0.000355474
510	510	0.000390217
510	510	0.000404416
510	510	0.000370103
510	510	0.000366545
510	510	0.000361048
510	510	0.000386019
510	510	0.000368005
510	510	0.000411397
510	510	0.000417749
510	510	0.000417836
510	510	0.000408913
510	510	0.000458809
510	510	0.000452524
510	510	0.000421597
510	510	0.000412328
510	510	0.000420174
510	510	0.000377690
510	510	0.000369136
510	510	0.000396885
510	510	0.000362955
510	510	0.000459647
510	510	0.000445003
510	510	0.000438957
510	510	0.000466046
510	510	0.000432556
510	510	0.000449217
510	510	0.000428960
510	510	0.000398432
510	510	0.000494424
510	510	0.000470540
510	510	0.000471122
510	510	0.000498194
510	510	0.000502412
510	510	0.000497181
510	510	0.000536728
510	510	0.000489789
510	510	0.000531505
510	510	0.000548025
510	510	0.000527037
510	510	0.000564094
510	510	0.000544995
510	510	0.000510488
510	510	0.000471496
510	510	0.000349870
510	510	0.000384492
510	510	0.000388055
510	510	0.000373369
510	510	0.000361955
510	510	0.000382923
510	510	0.000384564
510	510	0.000350233
510	510	0.000382770
510	510	0.000355624
510	510	0.000350517
510	510	0.000377372
510	510	0.000364066
510	510	0.000390826
510	510	0.000389976
510	510	0.000382673
510	510	0.000350598
510	510	0.000389966
510	510	0.000622004
510	510	0.000642000
510	510	0.000621666
510	510	0.000663083
510	510	0.000611654
510	510	0.000625354
510	510	0.000622546
510	510	0.000675104
510	510	0.000617178
510	510	0.000706468
510	510	0.000670402
510	510	0.000640949
510	510	0.000621549
510	510	0.000681680
510	510	0.000672840
510	510	0.000622339
510	510	0.000577553
510	600	0.000504400
510	600	0.000463510
510	600	0.000463895
510	600	0.000463791
510	600	0.000464917
510	600	0.000496724
510	600	0.000496870
510	600	0.000503865
510	600	0.000470408
510	600	0.000496919
510	600	0.000464059
510	600	0.000504248
510	600	0.000504292
510	600	0.000496789
510	600	0.000497323
510	600	0.000520597
510	600	0.000497002
510	600	0.000503661
510	600	0.000496735
510	600	0.000511187
510	600	0.000498475
510	600	0.000508683
510	600	0.000463953
510	600	0.000463688
510	600	0.000497957
510	600	0.000497091
510	600	0.000463794
510	600	0.000472245
510	600	0.000464631
510	600	0.000496677
510	600	0.000464030
510	600	0.000510961
510	600	0.000509569
510	600	0.000463704
510	600	0.000513478
510	600	0.000488474
510	600	0.000493607
510	600	0.000635080
510	600	0.000637035
510	600	0.000757851
510	600	0.000730753
510	600	0.000835058
510	600	0.000879214
510	600	0.000808630
510	600	0.000876621
510	600	0.000875265
510	600	0.000875607
510	600	0.000870448
510	600	0.000829058
510	600	0.000863999
510	600	0.000888398
510	600	0.000880054
510	600	0.000835460
510	600	0.000881188
510	600	0.000882198
510	600	0.000863409
510	600	0.000868487
510	600	0.000763956
510	600	0.000801490
510	600	0.000695643
510	600	0.000663806
510	600	0.000892007
510	600	0.000856643
510	600	0.000811088
510	600	0.000864173
510	600	0.000830632
510	600	0.000815099
510	600	0.000875141
510	600	0.000820179
510	600	0.000832866
510	600	0.000853931
510	600	0.000815238
510	600	0.000819709
510	600	0.000831033
510	600	0.000877751
510	600	0.000869096
510	600	0.000859266
510	600	0.000835657
510	600	0.000888527
510	600	0.000808209
510	600	0.000886026
510	600	0.000864989
510	600	0.000890815
510	600	0.000855975
510	600	0.000886719
510	600	0.000886362
510	600	0.000818228
510	600	0.000823248
510	600	0.000814363
510	600	0.000884188
510	600	0.000876042
510	600	0.000836179
510	600	0.000845261
510	600	0.000869927
510	600	0.000883597
510	600	0.000797225
510	600	0.000865236
510	600	0.000866151
510	600	0.000868966
510	600	0.000892092
600	128	0.000113858
600	128	0.000108264
600	128	0.000119958
600	128	0.000108281
600	128	0.000113869
600	128	0.000113506
600	128	0.000108387
600	128	0.000108983
600	128	0.000108903
600	128	0.000108243
600	128	0.000108458
600	128	0.000109211
600	128	0.000120014
600	128	0.000108963
600	128	0.000109089
600	128	0.000108210
600	128	0.000108012
600	128	0.000113871
600	128	0.000108945
600	128	0.000108330
600	128	0.000108951
600	128	0.000113844
600	128	0.000108197
600	128	0.000108143
600	128	0.000139419
600	128	0.000131574
600	128	0.000113994
600	128	0.000139085
600	128	0.000108013
600	128	0.000139979
600	128	0.000114066
600	128	0.000108347
600	128	0.000109200
600	128	0.000114045
600	128	0.000121371
600	128	0.000108295
600	128	0.000108922
600	128	0.000114017
600	128	0.000108010
600	128	0.000128622
600	128	0.000113794
600	128	0.000118258
600	128	0.000112349
600	128	0.000112196
600	128	0.000118307
600	128	0.000136892
600	128	0.000132880
600	128	0.000127524
600	128	0.000126366
600	128	0.000127069
600	128	0.000151641
600	128	0.000144578
600	128	0.000151940
600	128	0.000145021
600	128	0.000168438
600	128	0.000177349
600	128	0.000183143
600	128	0.000166526
600	128	0.000168441
600	128	0.000160833
600	128	0.000169852
600	128	0.000188166
600	128	0.000189815
600	128	0.000190794
600	128	0.000178596
600	128	0.000179450
600	128	0.000184609
600	128	0.000210398
600	128	0.000199325
600	128	0.000188872
600	128	0.000198528
600	128	0.000230108
600	128	0.000207020
600	128	0.000199305
600	128	0.000199452
600	128	0.000190705
600	128	0.000199453
600	128	0.000189269
600	128	0.000189423
600	128	0.000199252
600	128	0.000190414
600	128	0.000199248
600	128	0.000189820
600	128	0.000200343
600	128	0.000206229
600	128	0.000196692
600	128	0.000198973
600	128	0.000214286
600	128	0.000217301
600	128	0.000198084
600	128	0.000189315
600	128	0.000199433
600	128	0.000179638
600	128	0.000190905
600	128	0.000199503
600	128	0.000199407
600	128	0.000199184
600	128	0.000189607
600	128	0.000199324
600	128	0.000190993
600	256	0.000344068
600	256	0.000312392
600	256	0.000305753
600	256	0.000306708
600	256	0.000305596
600	256	0.000350510
600	256	0.000337367
600	256	0.000309382
600	256	0.000306571
600	256	0.000232576
600	256	0.000305349
600	256	0.000318976
600	256	0.000325378
600	256	0.000354073
600	256	0.000347026
600	256	0.000311898
600	256	0.000315009
600	256	0.000352010
600	256	0.000339598
600	256	0.000326733
600	256	0.000311887
600	256	0.000344260
600	256	0.000344163
600	256	0.000306229
600	256	0.000313104
600	256	0.000322521
600	256	0.000224363
600	256	0.000367051
600	256	0.000372276
600	256	0.000357278
600	256	0.000413655
600	256	0.000406759
600	256	0.000390134
600	256	0.000388360
600	256	0.000437620
600	256	0.000484277
600	256	0.000427248
600	256	0.000519059
600	256	0.000565229
600	256	0.000545551
600	256	0.000543040
600	256	0.000546949
600	256	0.000602454
600	256	0.000567839
600	256	0.000617431
600	256	0.000509804
600	256	0.000534006
600	256	0.000529868
600	256	0.000549235
600	256	0.000534357
600	256	0.000565330
600	256	0.000603836
600	256	0.000554653
600	256	0.000624361
600	256	0.000573101
600	256	0.000595349
600	256	0.000546259
600	256	0.000550588
600	256	0.000513600
600	256	0.000602090
600	256	0.000570705
600	256	0.000602125
600	256	0.000517573
600	256	0.000495489
600	256	0.000487140
600	256	0.000473740
600	256	0.000460028
600	256	0.000527003
600	256	0.000443520
600	256	0.000441257
600	256	0.000476916
600	256	0.000533875
600	256	0.000614497
600	256	0.000517617
600	256	0.000546359
600	256	0.000516547
600	256	0.000532520
600	256	0.000532401
600	256	0.000562974
600	256	0.000603887
600	256	0.000509983
600	256	0.000545736
600	256	0.000539149
600	256	0.000568448
600	256	0.000533906
600	256	0.000516482
600	256	0.000631706
600	256	0.000628157
600	256	0.000570542
600	256	0.000566828
600	256	0.000631464
600	256	0.000503221
600	256	0.000612840
600	256	0.000545715
600	256	0.000553724
600	256	0.000569686
600	256	0.000519657
600	256	0.000405456
600	256	0.000602150
600	256	0.000583545
600	380	0.000376446
600	380	0.000380815
600	380	0.000345648
600	380	0.000377519
600	380	0.000338578
600	380	0.000386099
600	380	0.000338651
600	380	0.000350701
600	380	0.000344192
600	380	0.000400209
600	380	0.000380210
600	380	0.000386248
600	380	0.000346251
600	380	0.000387503
600	380	0.000386118
600	380	0.000345716
600	380	0.000348781
600	380	0.000348300
600	380	0.000350478
600	380	0.000390804
600	380	0.000392906
600	380	0.000377614
600	380	0.000377664
600	380	0.000388347
600	380	0.000406540
600	380	0.000372413
600	380	0.000430999
600	380	0.000395312
600	380	0.000441579
600	380	0.000395281
600	380	0.000406719
600	380	0.000416135
600	380	0.000406524
600	380	0.000379472
600	380	0.000423065
600	380	0.000386630
600	380	0.000372207
600	380	0.000364613
600	380	0.000406904
600	380	0.000412629
600	380	0.000460021
600	380	0.000479325
600	380	0.000482715
600	380	0.000468819
600	380	0.000589235
600	380	0.000630665
600	380	0.000578266
600	380	0.000632481
600	380	0.000613553
600	380	0.000623076
600	380	0.000616577
600	380	0.000603306
600	380	0.000595769
600	380	0.000661024
600	380	0.000609163
600	380	0.000662980
600	380	0.000630427
600	380	0.000593920
600	380	0.000632428
600	380	0.000693623
600	380	0.000624280
600	380	0.000662506
600	380	0.000607669
600	380	0.000604598
600	380	0.000614345
600	380	0.000687597
600	380	0.000669228
600	380	0.000680597
600	380	0.000687438
600	380	0.000589602
600	380	0.000593069
600	380	0.000567112
600	380	0.000635767
600	380	0.000621802
600	380	0.000584355
600	380	0.000579650
600	380	0.000594609
600	380	0.000636205
600	380	0.000560980
600	380	0.000589123
600	380	0.000635035
600	380	0.000666884
600	380	0.000605059
600	380	0.000604796
600	380	0.000627790
600	380	0.000604752
600	380	0.000662573
600	380	0.000675750
600	380	0.000671490
600	380	0.000612774
600	380	0.000645601
600	380	0.000668581
600	380	0.000655252
600	380	0.000667639
600	380	0.000614505
600	380	0.000678310
600	380	0.000613186
600	380	0.000675818
600	380	0.000651803
600	380	0.000679372
600	510	0.000459212
600	510	0.000450052
600	510	0.000459135
600	510	0.000458793
600	510	0.000450110
600	510	0.000459375
600	510	0.000450330
600	510	0.000453538
600	510	0.000459306
600	510	0.000458838
600	510	0.000450083
600	510	0.000450088
600	510	0.000459347
600	510	0.000412902
600	510	0.000450690
600	510	0.000450285
600	510	0.000450186
600	510	0.000418190
600	510	0.000458968
600	510	0.000450343
600	510	0.000458882
600	510	0.000450408
600	510	0.000452379
600	510	0.000450184
600	510	0.000418594
600	510	0.000418414
600	510	0.000450245
600	510	0.000418251
600	510	0.000418248
600	510	0.000450249
600	510	0.000418161
600	510	0.000411243
600	510	0.000418193
600	510	0.000418200
600	510	0.000525458
600	510	0.000539626
600	510	0.000484626
600	510	0.000499766
600	510	0.000489888
600	510	0.000543890
600	510	0.000491975
600	510	0.000534374
600	510	0.000540968
600	510	0.000499926
600	510	0.000465724
600	510	0.000477259
600	510	0.000539012
600	510	0.000512516
600	510	0.000513854
600	510	0.000460584
600	510	0.000504219
600	510	0.000503951
600	510	0.000516179
600	510	0.000427729
600	510	0.000466218
600	510	0.000417766
600	510	0.000481630
600	510	0.000426396
600	510	0.000476369
600	510	0.000487610
600	510	0.000525097
600	510	0.000535456
600	510	0.000588661
600	510	0.000532217
600	510	0.000603782
600	510	0.000680903
600	510	0.000701028
600	510	0.000656912
600	510	0.000652737
600	510	0.000625505
600	510	0.000669007
600	510	0.000650339
600	510	0.000710155
600	510	0.000650664
600	510	0.000711933
600	510	0.000755840
600	510	0.000716529
600	510	0.000799194
600	510	0.000787707
600	510	0.000704504
600	510	0.000759951
600	510	0.000723333
600	510	0.000696325
600	510	0.000694864
600	510	0.000759955
600	510	0.000715525
600	510	0.000721472
600	510	0.000741716
600	510	0.000695052
600	510	0.000677159
600	510	0.000831062
600	510	0.000692628
600	510	0.000742899
600	510	0.000762311
600	510	0.000738143
600	510	0.000787638
600	510	0.000760162
600	510	0.000773943
600	510	0.000677270
600	510	0.000754922
600	600	0.000576925
600	600	0.000559567
600	600	0.000593176
600	600	0.000593187
600	600	0.000591352
600	600	0.000558378
600	600	0.000577225
600	600	0.000593428
600	600	0.000592763
600	600	0.000584352
600	600	0.000592906
600	600	0.000589112
600	600	0.000591388
600	600	0.000568752
600	600	0.000562890
600	600	0.000592780
600	600	0.000547289
600	600	0.000614835
600	600	0.000573135
600	600	0.000596041
600	600	0.000636365
600	600	0.000603211
600	600	0.000682798
600	600	0.000694327
600	600	0.000755157
600	600	0.000730823
600	600	0.000874280
600	600	0.000819531
600	600	0.000763629
600	600	0.000804206
600	600	0.001030644
600	600	0.001021698
600	600	0.001025426
600	600	0.000953280
600	600	0.000976682
600	600	0.000949889
600	600	0.000952555
600	600	0.001016992
600	600	0.001039254
600	600	0.000975629
600	600	0.000964547
600	600	0.000965616
600	600	0.000994088
600	600	0.000964456
600	600	0.000965949
600	600	0.000946215
600	600	0.000962798
600	600	0.000973346
600	600	0.000977133
600	600	0.000997347
600	600	0.001014036
600	600	0.000967753
600	600	0.001010038
600	600	0.001017043
600	600	0.000975432
600	600	0.000968179
600	600	0.000935938
600	600	0.001012970
600	600	0.000998599
600	600	0.001015360
600	600	0.000959268
600	600	0.001019155
600	600	0.001009267
600	600	0.000968035
600	600	0.000948439
600	600	0.000935703
600	600	0.000938913
600	600	0.001013690
600	600	0.001014141
600	600	0.001015577
600	600	0.000952355
600	600	0.001007436
600	600	0.001024395
600	600	0.000958019
600	600	0.000962089
600	600	0.000978790
600	600	0.000950110
600	600	0.001040036
600	600	0.000948347
600	600	0.000961516
600	600	0.000965778
600	600	0.000967551
600	600	0.000966365
600	600	0.000986324
600	600	0.001043153
600	600	0.001005360
600	600	0.001023035
600	600	0.001024338
600	600	0.000952248
600	600	0.000976230
600	600	0.000956093
600	600	0.000970972
600	600	0.000994375
600	600	0.000936165
600	600	0.000980836
600	600	0.000999132
600	600	0.000948520
600	600	0.001016210
600	600	0.000953438
600	600	0.000950218
