120	128	0.000169718
120	128	0.000183122
120	128	0.000171537
120	128	0.000176276
120	128	0.000170713
120	128	0.000170272
120	128	0.000170770
120	128	0.000176296
120	128	0.000176548
120	128	0.000171177
120	128	0.000170515
120	128	0.000180044
120	128	0.000170796
120	128	0.000170519
120	128	0.000180785
120	128	0.000176679
120	128	0.000170889
120	128	0.000177719
120	128	0.000171347
120	128	0.000171441
120	128	0.000170417
120	128	0.000171483
120	128	0.000171423
120	128	0.000176294
120	128	0.000170609
120	128	0.000170602
120	128	0.000171005
120	128	0.000176849
120	128	0.000170462
120	128	0.000177586
120	128	0.000205923
120	128	0.000200620
120	128	0.000205454
120	128	0.000199123
120	128	0.000205888
120	128	0.000198770
120	128	0.000206408
120	128	0.000227611
120	128	0.000226932
120	128	0.000235233
120	128	0.000227412
120	128	0.000239288
120	128	0.000239118
120	128	0.000246836
120	128	0.000248286
120	128	0.000238488
120	128	0.000239037
120	128	0.000251608
120	128	0.000259034
120	128	0.000251558
120	128	0.000290736
120	128	0.000290336
120	128	0.000280733
120	128	0.000308564
120	128	0.000309207
120	128	0.000300876
120	128	0.000313593
120	128	0.000287084
120	128	0.000292341
120	128	0.000298592
120	128	0.000300294
120	128	0.000307665
120	128	0.000318879
120	128	0.000298246
120	128	0.000308688
120	128	0.000299257
120	128	0.000297918
120	128	0.000318248
120	128	0.000317482
120	128	0.000291591
120	128	0.000298503
120	128	0.000299029
120	128	0.000299902
120	128	0.000316106
120	128	0.000321181
120	128	0.000304555
120	128	0.000299912
120	128	0.000299323
120	128	0.000308615
120	128	0.000310752
120	128	0.000301519
120	128	0.000298040
120	128	0.000298187
120	128	0.000308734
120	128	0.000297238
120	128	0.000297793
120	128	0.000315829
120	128	0.000317775
120	128	0.000286986
120	128	0.000300086
120	128	0.000300675
120	128	0.000307648
120	128	0.000315144
120	128	0.000298552
120	128	0.000297870
120	128	0.000297940
120	128	0.000313072
120	128	0.000282183
120	128	0.000308443
120	128	0.000297723
120	256	0.000331456
120	256	0.000325746
120	256	0.000320946
120	256	0.000321209
120	256	0.000320441
120	256	0.000325884
120	256	0.000325888
120	256	0.000315380
120	256	0.000325747
120	256	0.000326607
120	256	0.000314449
120	256	0.000312947
120	256	0.000325898
120	256	0.000325917
120	256	0.000320378
120	256	0.000331164
120	256	0.000322930
120	256	0.000313807
120	256	0.000316038
120	256	0.000325745
120	256	0.000325933
120	256	0.000313477
120	256	0.000329593
120	256	0.000331703
120	256	0.000335239
120	256	0.000332079
120	256	0.000337960
120	256	0.000335578
120	256	0.000352014
120	256	0.000353856
120	256	0.000364976
120	256	0.000365717
120	256	0.000380266
120	256	0.000365316
120	256	0.000368225
120	256	0.000396689
120	256	0.000396793
120	256	0.000387417
120	256	0.000366896
120	256	0.000366525
120	256	0.000380128
120	256	0.000414890
120	256	0.000399094
120	256	0.000407455
120	256	0.000434351
120	256	0.000426696
120	256	0.000467615
120	256	0.000501438
120	256	0.000462376
120	256	0.000524561
120	256	0.000534473
120	256	0.000519840
120	256	0.000530859
120	256	0.000517477
120	256	0.000529429
120	256	0.000570287
120	256	0.000561010
120	256	0.000551832
120	256	0.000519182
120	256	0.000538264
120	256	0.000570481
120	256	0.000568145
120	256	0.000562215
120	256	0.000524841
120	256	0.000557096
120	256	0.000548949
120	256	0.000562210
120	256	0.000548473
120	256	0.000569992
120	256	0.000539815
120	256	0.000570255
120	256	0.000570170
120	256	0.000539227
120	256	0.000550246
120	256	0.000516379
120	256	0.000554804
120	256	0.000552168
120	256	0.000526378
120	256	0.000564273
120	256	0.000548120
120	256	0.000543514
120	256	0.000545928
120	256	0.000551409
120	256	0.000531445
120	256	0.000548476
120	256	0.000518045
120	256	0.000550319
120	256	0.000570180
120	256	0.000570440
120	256	0.000563022
120	256	0.000550485
120	256	0.000542961
120	256	0.000522577
120	256	0.000578464
120	256	0.000555867
120	256	0.000549629
120	256	0.000580783
120	256	0.000570103
120	256	0.000531141
120	256	0.000544483
120	380	0.000466580
120	380	0.000463150
120	380	0.000459021
120	380	0.000461380
120	380	0.000456961
120	380	0.000463213
120	380	0.000450606
120	380	0.000457874
120	380	0.000451473
120	380	0.000449902
120	380	0.000451092
120	380	0.000457718
120	380	0.000451285
120	380	0.000450036
120	380	0.000450735
120	380	0.000451412
120	380	0.000450200
120	380	0.000449932
120	380	0.000457871
120	380	0.000457853
120	380	0.000474634
120	380	0.000474652
120	380	0.000486485
120	380	0.000513064
120	380	0.000509881
120	380	0.000531856
120	380	0.000530678
120	380	0.000536128
120	380	0.000552807
120	380	0.000557522
120	380	0.000563831
120	380	0.000620052
120	380	0.000600440
120	380	0.000735164
120	380	0.000712562
120	380	0.000795583
120	380	0.000793208
120	380	0.000802260
120	380	0.000802104
120	380	0.000819626
120	380	0.000798964
120	380	0.000746855
120	380	0.000788503
120	380	0.000788903
120	380	0.000803130
120	380	0.000794286
120	380	0.000771006
120	380	0.000802988
120	380	0.000770492
120	380	0.000754797
120	380	0.000800653
120	380	0.000756852
120	380	0.000741778
120	380	0.000781627
120	380	0.000795873
120	380	0.000799493
120	380	0.000810282
120	380	0.000792181
120	380	0.000786645
120	380	0.000784145
120	380	0.000766288
120	380	0.000717039
120	380	0.000717660
120	380	0.000713136
120	380	0.000699828
120	380	0.000722633
120	380	0.000759288
120	380	0.000816621
120	380	0.000763569
120	380	0.000741226
120	380	0.000749824
120	380	0.000762097
120	380	0.000779566
120	380	0.000758160
120	380	0.000754628
120	380	0.000752429
120	380	0.000759420
120	380	0.000762826
120	380	0.000755251
120	380	0.000785187
120	380	0.000788329
120	380	0.000776977
120	380	0.000796093
120	380	0.000769734
120	380	0.000802238
120	380	0.000804386
120	380	0.000809050
120	380	0.000760440
120	380	0.000796672
120	380	0.000810972
120	380	0.000812795
120	380	0.000752257
120	380	0.000818356
120	380	0.000801780
120	380	0.000795388
120	380	0.000802166
120	380	0.000778584
120	380	0.000777483
120	380	0.000819914
120	380	0.000778301
120	510	0.000611145
120	510	0.000595757
120	510	0.000595420
120	510	0.000609328
120	510	0.000604335
120	510	0.000604653
120	510	0.000609051
120	510	0.000596274
120	510	0.000596062
120	510	0.000601501
120	510	0.000602782
120	510	0.000648671
120	510	0.000649273
120	510	0.000652003
120	510	0.000651710
120	510	0.000644603
120	510	0.000695011
120	510	0.000705791
120	510	0.000879580
120	510	0.000890730
120	510	0.000990615
120	510	0.001017990
120	510	0.001065333
120	510	0.001047753
120	510	0.001050370
120	510	0.001045367
120	510	0.001048258
120	510	0.001032454
120	510	0.001041960
120	510	0.001031531
120	510	0.001049482
120	510	0.001031857
120	510	0.001042377
120	510	0.001058323
120	510	0.001032805
120	510	0.001053885
120	510	0.001051919
120	510	0.001060890
120	510	0.001059815
120	510	0.001055581
120	510	0.001057143
120	510	0.001033798
120	510	0.001056002
120	510	0.001003535
120	510	0.001055198
120	510	0.001056403
120	510	0.001060558
120	510	0.001057229
120	510	0.001061141
120	510	0.001050500
120	510	0.001061982
120	510	0.001057670
120	510	0.001030514
120	510	0.001052226
120	510	0.001060240
120	510	0.001052629
120	510	0.001061640
120	510	0.001084757
120	510	0.001079186
120	510	0.000992899
120	510	0.000995824
120	510	0.000940962
120	510	0.000985647
120	510	0.001018394
120	510	0.001032716
120	510	0.001046473
120	510	0.000992913
120	510	0.000960446
120	510	0.000944458
120	510	0.001053747
120	510	0.001049575
120	510	0.001035153
120	510	0.000988106
120	510	0.001044496
120	510	0.001043021
120	510	0.001045453
120	510	0.001035329
120	510	0.001004123
120	510	0.000971670
120	510	0.000933577
120	510	0.000936414
120	510	0.000950462
120	510	0.000993755
120	510	0.000879643
120	510	0.000804483
120	510	0.000807935
120	510	0.000825615
120	510	0.000802358
120	510	0.000795205
120	510	0.001039379
120	510	0.000993028
120	510	0.001101148
120	510	0.001023759
120	510	0.001040392
120	510	0.001042101
120	510	0.001045671
120	510	0.000984481
120	510	0.000940747
120	510	0.000939749
120	510	0.000944896
120	600	0.000705634
120	600	0.000698854
120	600	0.000713911
120	600	0.000705410
120	600	0.000698482
120	600	0.000703025
120	600	0.000716441
120	600	0.000703250
120	600	0.000697919
120	600	0.000703004
120	600	0.000705865
120	600	0.000728976
120	600	0.000699093
120	600	0.000712762
120	600	0.000746014
120	600	0.000697895
120	600	0.000705925
120	600	0.000709440
120	600	0.000697233
120	600	0.000706105
120	600	0.000704446
120	600	0.000698127
120	600	0.000705216
120	600	0.000708965
120	600	0.000743080
120	600	0.000781240
120	600	0.000790718
120	600	0.000903856
120	600	0.000898061
120	600	0.000996301
120	600	0.001028750
120	600	0.001104145
120	600	0.001243774
120	600	0.001219566
120	600	0.001209578
120	600	0.001168141
120	600	0.001239327
120	600	0.001168527
120	600	0.001261596
120	600	0.001164182
120	600	0.001139503
120	600	0.001036859
120	600	0.001003724
120	600	0.001007989
120	600	0.001257060
120	600	0.001124621
120	600	0.001103866
120	600	0.001052652
120	600	0.000973562
120	600	0.000903958
120	600	0.000801310
120	600	0.000717954
120	600	0.000712099
120	600	0.000768751
120	600	0.000758376
120	600	0.000796967
120	600	0.000781859
120	600	0.000829569
120	600	0.000816426
120	600	0.000823775
120	600	0.000815099
120	600	0.000825894
120	600	0.000815527
120	600	0.000833331
120	600	0.000821832
120	600	0.000856328
120	600	0.000872348
120	600	0.000845157
120	600	0.000836159
120	600	0.000849608
120	600	0.000858910
120	600	0.000844653
120	600	0.000836981
120	600	0.000781267
120	600	0.000709964
120	600	0.000719880
120	600	0.000788176
120	600	0.000781567
120	600	0.000759055
120	600	0.000757602
120	600	0.000757182
120	600	0.000762467
120	600	0.000762360
120	600	0.000756841
120	600	0.000761627
120	600	0.000854580
120	600	0.000861397
120	600	0.000871821
120	600	0.000868938
120	600	0.000856675
120	600	0.000875035
120	600	0.000986446
120	600	0.000997671
120	600	0.000939799
120	600	0.000919386
120	600	0.000909803
120	600	0.000870883
120	600	0.000863937
120	600	0.001138000
120	600	0.001160159
250	128	0.000351881
250	128	0.000366824
250	128	0.000353719
250	128	0.000363346
250	128	0.000360142
250	128	0.000360691
250	128	0.000360559
250	128	0.000372495
250	128	0.000352700
250	128	0.000352813
250	128	0.000352059
250	128	0.000352418
250	128	0.000352338
250	128	0.000356478
250	128	0.000371828
250	128	0.000365062
250	128	0.000358850
250	128	0.000372391
250	128	0.000352251
250	128	0.000366907
250	128	0.000352969
250	128	0.000366799
250	128	0.000360036
250	128	0.000370588
250	128	0.000358842
250	128	0.000361951
250	128	0.000395056
250	128	0.000379832
250	128	0.000394979
250	128	0.000365772
250	128	0.000352312
250	128	0.000353883
250	128	0.000353696
250	128	0.000456260
250	128	0.000434681
250	128	0.000412126
250	128	0.000451250
250	128	0.000449024
250	128	0.000446960
250	128	0.000394553
250	128	0.000393880
250	128	0.000406305
250	128	0.000446155
250	128	0.000462166
250	128	0.000495522
250	128	0.000476216
250	128	0.000482177
250	128	0.000497064
250	128	0.000492719
250	128	0.000520018
250	128	0.000528475
250	128	0.000520165
250	128	0.000530338
250	128	0.000526584
250	128	0.000594943
250	128	0.000604447
250	128	0.000643573
250	128	0.000600645
250	128	0.000616477
250	128	0.000635405
250	128	0.000619203
250	128	0.000613893
250	128	0.000642594
250	128	0.000628594
250	128	0.000661269
250	128	0.000612776
250	128	0.000632085
250	128	0.000619130
250	128	0.000642569
250	128	0.000629564
250	128	0.000621071
250	128	0.000623263
250	128	0.000628034
250	128	0.000580282
250	128	0.000579704
250	128	0.000612497
250	128	0.000613217
250	128	0.000590365
250	128	0.000601347
250	128	0.000623816
250	128	0.000616348
250	128	0.000641964
250	128	0.000605280
250	128	0.000589265
250	128	0.000607446
250	128	0.000604432
250	128	0.000621104
250	128	0.000627539
250	128	0.000642131
250	128	0.000608024
250	128	0.000641908
250	128	0.000621965
250	128	0.000617360
250	128	0.000617639
250	128	0.000618536
250	128	0.000592784
250	128	0.000641944
250	128	0.000590655
250	128	0.000618016
250	128	0.000605905
250	256	0.000662716
250	256	0.000659032
250	256	0.000650913
250	256	0.000650427
250	256	0.000660091
250	256	0.000688554
250	256	0.000681760
250	256	0.000651963
250	256	0.000656998
250	256	0.000675459
250	256	0.000678956
250	256	0.000678617
250	256	0.000651484
250	256	0.000675455
250	256	0.000656652
250	256	0.000652028
250	256	0.000658173
250	256	0.000658791
250	256	0.000663654
250	256	0.000650916
250	256	0.000665897
250	256	0.000685331
250	256	0.000683067
250	256	0.000703581
250	256	0.000684828
250	256	0.000758535
250	256	0.000729676
250	256	0.000766777
250	256	0.000778425
250	256	0.000719679
250	256	0.000708499
250	256	0.000701616
250	256	0.000803266
250	256	0.000831724
250	256	0.000843955
250	256	0.000804222
250	256	0.000800509
250	256	0.000848890
250	256	0.000819388
250	256	0.000793167
250	256	0.000831618
250	256	0.000796334
250	256	0.000977938
250	256	0.000993738
250	256	0.001171375
250	256	0.001105513
250	256	0.001154682
250	256	0.001205698
250	256	0.001132383
250	256	0.001116879
250	256	0.001133487
250	256	0.001029659
250	256	0.001056407
250	256	0.001022345
250	256	0.001054219
250	256	0.001079849
250	256	0.001091437
250	256	0.001021627
250	256	0.001003247
250	256	0.001156179
250	256	0.001136404
250	256	0.001132265
250	256	0.001121899
250	256	0.001161604
250	256	0.001131830
250	256	0.001136023
250	256	0.001084185
250	256	0.001096726
250	256	0.001116401
250	256	0.001155610
250	256	0.001151211
250	256	0.001163333
250	256	0.001114371
250	256	0.001139376
250	256	0.001171517
250	256	0.001175386
250	256	0.001083530
250	256	0.001125938
250	256	0.001183177
250	256	0.001140704
250	256	0.001122216
250	256	0.001175570
250	256	0.001146861
250	256	0.001110057
250	256	0.001094909
250	256	0.001102880
250	256	0.001047689
250	256	0.001019374
250	256	0.001162390
250	256	0.001160438
250	256	0.001147636
250	256	0.001102561
250	256	0.001103272
250	256	0.001135937
250	256	0.001153704
250	256	0.001111632
250	256	0.001171344
250	256	0.001168794
250	256	0.001178261
250	256	0.001130243
250	380	0.000949217
250	380	0.000945035
250	380	0.000939004
250	380	0.000951241
250	380	0.000941179
250	380	0.000946128
250	380	0.000957214
250	380	0.000949468
250	380	0.000950482
250	380	0.000944334
250	380	0.000954625
250	380	0.000968110
250	380	0.000944613
250	380	0.000949447
250	380	0.000944121
250	380	0.000939791
250	380	0.000959044
250	380	0.000938248
250	380	0.000941030
250	380	0.000955748
250	380	0.000949171
250	380	0.000953991
250	380	0.000944190
250	380	0.000954731
250	380	0.000941851
250	380	0.000941799
250	380	0.000942327
250	380	0.000954398
250	380	0.000985733
250	380	0.001107768
250	380	0.001100375
250	380	0.001112813
250	380	0.001103788
250	380	0.001107490
250	380	0.001057199
250	380	0.001119479
250	380	0.001203935
250	380	0.001262796
250	380	0.001243041
250	380	0.001159887
250	380	0.001397211
250	380	0.001461272
250	380	0.001332303
250	380	0.001200013
250	380	0.001221600
250	380	0.001262695
250	380	0.001332618
250	380	0.001275724
250	380	0.001226910
250	380	0.001166278
250	380	0.001147496
250	380	0.001155017
250	380	0.001180081
250	380	0.001227353
250	380	0.001260586
250	380	0.001263534
250	380	0.001145711
250	380	0.001089832
250	380	0.001053070
250	380	0.001055225
250	380	0.001086631
250	380	0.001314525
250	380	0.001568290
250	380	0.001451914
250	380	0.001239414
250	380	0.001346770
250	380	0.001305285
250	380	0.001204677
250	380	0.001105163
250	380	0.001111698
250	380	0.001152287
250	380	0.001137576
250	380	0.001017782
250	380	0.001014651
250	380	0.000984191
250	380	0.000974657
250	380	0.000990011
250	380	0.000956794
250	380	0.000946416
250	380	0.000942155
250	380	0.000956740
250	380	0.000953505
250	380	0.000958023
250	380	0.000946691
250	380	0.000943224
250	380	0.000954854
250	380	0.000959235
250	380	0.000949263
250	380	0.000940113
250	380	0.000944592
250	380	0.000955997
250	380	0.000949875
250	380	0.000955064
250	380	0.000943727
250	380	0.000945654
250	380	0.000951567
250	380	0.000954205
250	380	0.000947836
250	380	0.000943675
250	380	0.000942614
250	510	0.001250713
250	510	0.001245073
250	510	0.001256017
250	510	0.001243749
250	510	0.001269626
250	510	0.001246367
250	510	0.001253658
250	510	0.001257484
250	510	0.001244033
250	510	0.001255817
250	510	0.001251471
250	510	0.001246542
250	510	0.001246498
250	510	0.001245470
250	510	0.001244264
250	510	0.001248784
250	510	0.001271692
250	510	0.001245440
250	510	0.001267461
250	510	0.001255513
250	510	0.001302031
250	510	0.001300497
250	510	0.001759666
250	510	0.002065464
250	510	0.001749772
250	510	0.002045513
250	510	0.001712385
250	510	0.001892810
250	510	0.002110166
250	510	0.002103197
250	510	0.002090087
250	510	0.002049611
250	510	0.002049001
250	510	0.001839817
250	510	0.001633620
250	510	0.001598767
250	510	0.001458529
250	510	0.001650814
250	510	0.001855788
250	510	0.001900411
250	510	0.001845351
250	510	0.001858424
250	510	0.001977109
250	510	0.001661505
250	510	0.001968841
250	510	0.002132835
250	510	0.002117778
250	510	0.002129862
250	510	0.002126859
250	510	0.002106648
250	510	0.002112611
250	510	0.002097104
250	510	0.002071767
250	510	0.002109171
250	510	0.002077318
250	510	0.002068907
250	510	0.002061207
250	510	0.002136076
250	510	0.002074132
250	510	0.002071579
250	510	0.002049003
250	510	0.002047550
250	510	0.002113416
250	510	0.001953142
250	510	0.002190532
250	510	0.001847197
250	510	0.002059872
250	510	0.001752366
250	510	0.001916519
250	510	0.002067342
250	510	0.001984937
250	510	0.002016130
250	510	0.001917627
250	510	0.001978606
250	510	0.001915038
250	510	0.001978128
250	510	0.001769626
250	510	0.001593556
250	510	0.001592031
250	510	0.002059100
250	510	0.002072202
250	510	0.002002812
250	510	0.002053558
250	510	0.002119931
250	510	0.002168865
250	510	0.002151546
250	510	0.001957716
250	510	0.001665066
250	510	0.001951397
250	510	0.001512334
250	510	0.001790413
250	510	0.001656688
250	510	0.001731878
250	510	0.002064901
250	510	0.002051013
250	510	0.002091998
250	510	0.002012491
250	510	0.002004227
250	510	0.002096023
250	510	0.002180982
250	600	0.001464938
250	600	0.001475917
250	600	0.001471566
250	600	0.001481645
250	600	0.001476319
250	600	0.001471160
250	600	0.001465421
250	600	0.001482984
250	600	0.001476224
250	600	0.001463556
250	600	0.001472757
250	600	0.001947159
250	600	0.001663325
250	600	0.001554525
250	600	0.001459040
250	600	0.001474268
250	600	0.001472162
250	600	0.001471608
250	600	0.001472641
250	600	0.001459076
250	600	0.001459688
250	600	0.001462810
250	600	0.001482005
250	600	0.001487934
250	600	0.001465169
250	600	0.001479580
250	600	0.001458453
250	600	0.001468915
250	600	0.001665793
250	600	0.002143306
250	600	0.001732279
250	600	0.001976489
250	600	0.001838303
250	600	0.001886464
250	600	0.001946008
250	600	0.001872910
250	600	0.001865517
250	600	0.001958459
250	600	0.001697222
250	600	0.002022310
250	600	0.002248279
250	600	0.002020493
250	600	0.002387486
250	600	0.001864628
250	600	0.002380307
250	600	0.002501908
250	600	0.002311492
250	600	0.002468446
250	600	0.002354900
250	600	0.002466665
250	600	0.002469230
250	600	0.002315459
250	600	0.002473659
250	600	0.002170502
250	600	0.002501608
250	600	0.002160843
250	600	0.001717755
250	600	0.001856133
250	600	0.001589471
250	600	0.001937513
250	600	0.002313763
250	600	0.002025819
250	600	0.002191489
250	600	0.002011009
250	600	0.002213891
250	600	0.001925033
250	600	0.002242916
250	600	0.002169213
250	600	0.002289908
250	600	0.002046369
250	600	0.002174525
250	600	0.001647784
250	600	0.001975330
250	600	0.002315388
250	600	0.002144286
250	600	0.002340886
250	600	0.001878292
250	600	0.002308626
250	600	0.001864417
250	600	0.002425914
250	600	0.002482490
250	600	0.002460325
250	600	0.002367752
250	600	0.002295970
250	600	0.002329007
250	600	0.002460354
250	600	0.002462605
250	600	0.002387542
250	600	0.002411832
250	600	0.002475038
250	600	0.002357611
250	600	0.002425820
250	600	0.002332999
250	600	0.002357324
250	600	0.002433150
250	600	0.002275758
250	600	0.001697568
250	600	0.002057601
250	600	0.001823304
250	600	0.002129775
380	128	0.000552886
380	128	0.000557554
380	128	0.000557678
380	128	0.000533583
380	128	0.000563957
380	128	0.000542563
380	128	0.000544769
380	128	0.000548530
380	128	0.000542769
380	128	0.000541290
380	128	0.000538713
380	128	0.000533784
380	128	0.000553378
380	128	0.000534882
380	128	0.000535155
380	128	0.000541347
380	128	0.000573599
380	128	0.000539972
380	128	0.000551520
380	128	0.000549456
380	128	0.000543494
380	128	0.000536104
380	128	0.000535068
380	128	0.000557797
380	128	0.000539429
380	128	0.000539567
380	128	0.000561682
380	128	0.000545780
380	128	0.000542778
380	128	0.000543834
380	128	0.000543033
380	128	0.000552795
380	128	0.000561854
380	128	0.000562542
380	128	0.000535026
380	128	0.000578811
380	128	0.000553789
380	128	0.000560092
380	128	0.000605899
380	128	0.000605160
380	128	0.000641748
380	128	0.000622392
380	128	0.000637267
380	128	0.000669059
380	128	0.000650118
380	128	0.000682491
380	128	0.000661386
380	128	0.000658977
380	128	0.000685517
380	128	0.000701674
380	128	0.000743316
380	128	0.000721455
380	128	0.000909542
380	128	0.000888691
380	128	0.000837913
380	128	0.000803271
380	128	0.000804239
380	128	0.000844470
380	128	0.000787237
380	128	0.000782709
380	128	0.000748451
380	128	0.000764001
380	128	0.000749302
380	128	0.000797680
380	128	0.000787415
380	128	0.000802112
380	128	0.000794950
380	128	0.000787543
380	128	0.000797751
380	128	0.000928468
380	128	0.000922542
380	128	0.000878837
380	128	0.000844922
380	128	0.000837476
380	128	0.000877017
380	128	0.000850341
380	128	0.000943299
380	128	0.000974062
380	128	0.000936338
380	128	0.000925445
380	128	0.000934316
380	128	0.000943309
380	128	0.000973546
380	128	0.000971534
380	128	0.000964799
380	128	0.000967280
380	128	0.000958513
380	128	0.000946725
380	128	0.000941548
380	128	0.000925911
380	128	0.000910611
380	128	0.000886307
380	128	0.000896208
380	128	0.000899448
380	128	0.000944262
380	128	0.000964049
380	128	0.000944319
380	128	0.000981048
380	128	0.000935332
380	128	0.000921610
380	256	0.000995555
380	256	0.000994203
380	256	0.000992898
380	256	0.001014562
380	256	0.001024053
380	256	0.001002928
380	256	0.001017787
380	256	0.001032818
380	256	0.001021546
380	256	0.000993546
380	256	0.000997109
380	256	0.000995305
380	256	0.000993955
380	256	0.001024367
380	256	0.001026524
380	256	0.001025644
380	256	0.001011208
380	256	0.001035629
380	256	0.001085160
380	256	0.001024648
380	256	0.001032520
380	256	0.001010480
380	256	0.001031818
380	256	0.001033365
380	256	0.001014391
380	256	0.001041509
380	256	0.001011358
380	256	0.001024499
380	256	0.001004723
380	256	0.001032225
380	256	0.001122611
380	256	0.001208979
380	256	0.001248717
380	256	0.001160859
380	256	0.001159396
380	256	0.001083982
380	256	0.001069294
380	256	0.001074838
380	256	0.001120636
380	256	0.001114609
380	256	0.001146577
380	256	0.001216683
380	256	0.001214241
380	256	0.001214635
380	256	0.001235373
380	256	0.001393212
380	256	0.001249953
380	256	0.001155788
380	256	0.001163057
380	256	0.001252705
380	256	0.001438712
380	256	0.001635350
380	256	0.001668391
380	256	0.001684295
380	256	0.001716384
380	256	0.001781305
380	256	0.001721437
380	256	0.001759754
380	256	0.001758224
380	256	0.001709891
380	256	0.001729882
380	256	0.001714784
380	256	0.001688298
380	256	0.001701985
380	256	0.001690216
380	256	0.001634732
380	256	0.001724627
380	256	0.001632589
380	256	0.001764293
380	256	0.001581488
380	256	0.001649451
380	256	0.001785097
380	256	0.001763037
380	256	0.001691877
380	256	0.001662371
380	256	0.001727001
380	256	0.001709799
380	256	0.001783722
380	256	0.001653635
380	256	0.001706080
380	256	0.001669360
380	256	0.001649352
380	256	0.001697853
380	256	0.001681313
380	256	0.001710397
380	256	0.001743756
380	256	0.001771073
380	256	0.001628792
380	256	0.001723440
380	256	0.001637734
380	256	0.001736990
380	256	0.001660259
380	256	0.001721326
380	256	0.001691527
380	256	0.001752188
380	256	0.001632274
380	256	0.001716335
380	256	0.001686221
380	256	0.001675212
380	256	0.001740233
380	380	0.001436623
380	380	0.001429009
380	380	0.001428566
380	380	0.001430025
380	380	0.001439354
380	380	0.001429343
380	380	0.001446246
380	380	0.001456020
380	380	0.001673774
380	380	0.001565979
380	380	0.001438043
380	380	0.001832981
380	380	0.001921173
380	380	0.002356902
380	380	0.001822670
380	380	0.001481383
380	380	0.001584889
380	380	0.001685511
380	380	0.001675284
380	380	0.001483583
380	380	0.001501051
380	380	0.001626765
380	380	0.001611926
380	380	0.001894050
380	380	0.001838178
380	380	0.001942309
380	380	0.002233046
380	380	0.002164728
380	380	0.002253486
380	380	0.002207980
380	380	0.002322849
380	380	0.001970959
380	380	0.002260545
380	380	0.001824893
380	380	0.002314672
380	380	0.001823107
380	380	0.002267348
380	380	0.002470261
380	380	0.002233769
380	380	0.002474610
380	380	0.002182565
380	380	0.001842283
380	380	0.001943238
380	380	0.001666218
380	380	0.002026639
380	380	0.002377241
380	380	0.002009550
380	380	0.002369155
380	380	0.001902502
380	380	0.002395328
380	380	0.002385889
380	380	0.002352513
380	380	0.002363328
380	380	0.002451803
380	380	0.002305113
380	380	0.002372731
380	380	0.002369364
380	380	0.002399321
380	380	0.002357194
380	380	0.002472375
380	380	0.002418496
380	380	0.002386002
380	380	0.002391819
380	380	0.002456565
380	380	0.002374458
380	380	0.002372775
380	380	0.002158007
380	380	0.001846614
380	380	0.001955873
380	380	0.002364908
380	380	0.002340679
380	380	0.002362710
380	380	0.002384087
380	380	0.002426823
380	380	0.002435596
380	380	0.002449332
380	380	0.002393411
380	380	0.002432515
380	380	0.002403319
380	380	0.002415321
380	380	0.002352579
380	380	0.002358736
380	380	0.002442252
380	380	0.002381555
380	380	0.002381725
380	380	0.002270742
380	380	0.002377334
380	380	0.002140273
380	380	0.002340657
380	380	0.002037037
380	380	0.002499475
380	380	0.001924175
380	380	0.002476596
380	380	0.002428667
380	380	0.002483020
380	380	0.002435255
380	380	0.002384950
380	380	0.002392314
380	380	0.002315978
380	380	0.002377445
380	510	0.001890276
380	510	0.001884908
380	510	0.001904792
380	510	0.001894364
380	510	0.001899038
380	510	0.001899324
380	510	0.001909818
380	510	0.002408621
380	510	0.003078065
380	510	0.002481859
380	510	0.002705313
380	510	0.002228623
380	510	0.001946353
380	510	0.002034140
380	510	0.002815595
380	510	0.003002526
380	510	0.003123446
380	510	0.002837559
380	510	0.003088540
380	510	0.002971382
380	510	0.003112399
380	510	0.002601571
380	510	0.002794987
380	510	0.003198041
380	510	0.002955157
380	510	0.003160161
380	510	0.003012153
380	510	0.003042339
380	510	0.002952921
380	510	0.003147876
380	510	0.003242532
380	510	0.003127079
380	510	0.002598550
380	510	0.003153897
380	510	0.003240952
380	510	0.003114783
380	510	0.003045911
380	510	0.002991928
380	510	0.003106236
380	510	0.002916864
380	510	0.003137123
380	510	0.002438074
380	510	0.003114187
380	510	0.003138928
380	510	0.002877360
380	510	0.003166416
380	510	0.002576258
380	510	0.003081371
380	510	0.002723873
380	510	0.003042897
380	510	0.002349791
380	510	0.002845190
380	510	0.002463661
380	510	0.002525793
380	510	0.002400174
380	510	0.002542295
380	510	0.002238000
380	510	0.002526964
380	510	0.001980248
380	510	0.001919522
380	510	0.002134020
380	510	0.002337083
380	510	0.002220003
380	510	0.002563697
380	510	0.003088240
380	510	0.002624517
380	510	0.003020229
380	510	0.003063902
380	510	0.002996688
380	510	0.003174774
380	510	0.002847938
380	510	0.002971937
380	510	0.002953251
380	510	0.003224771
380	510	0.003176771
380	510	0.003067128
380	510	0.003169704
380	510	0.003248634
380	510	0.002988309
380	510	0.003229525
380	510	0.003123185
380	510	0.003149929
380	510	0.003198411
380	510	0.003124278
380	510	0.003075625
380	510	0.003120410
380	510	0.002844575
380	510	0.003098488
380	510	0.002853622
380	510	0.003077728
380	510	0.002630851
380	510	0.003002201
380	510	0.002582840
380	510	0.003112300
380	510	0.002364784
380	510	0.002725362
380	510	0.002542842
380	510	0.002913109
380	510	0.003089925
380	510	0.003208792
380	600	0.002244423
380	600	0.002237921
380	600	0.002236320
380	600	0.002219581
380	600	0.002216129
380	600	0.002595379
380	600	0.003551984
380	600	0.003727263
380	600	0.003534348
380	600	0.003319296
380	600	0.003221302
380	600	0.002926113
380	600	0.002304862
380	600	0.002906668
380	600	0.003685989
380	600	0.003177485
380	600	0.003804637
380	600	0.002829196
380	600	0.003722422
380	600	0.003695879
380	600	0.003647647
380	600	0.003599695
380	600	0.003176672
380	600	0.003713236
380	600	0.003767359
380	600	0.003686543
380	600	0.003666682
380	600	0.003660688
380	600	0.003470367
380	600	0.003456690
380	600	0.003174838
380	600	0.003386631
380	600	0.003638812
380	600	0.003221581
380	600	0.003549750
380	600	0.003051322
380	600	0.003506989
380	600	0.003767347
380	600	0.003607305
380	600	0.003619333
380	600	0.003030419
380	600	0.003545694
380	600	0.002933525
380	600	0.003455531
380	600	0.002949260
380	600	0.003349835
380	600	0.003654571
380	600	0.003132506
380	600	0.002440224
380	600	0.002242695
380	600	0.002222215
380	600	0.002245669
380	600	0.002348540
380	600	0.002733636
380	600	0.002585751
380	600	0.002996223
380	600	0.002628723
380	600	0.002809758
380	600	0.002644995
380	600	0.003247980
380	600	0.003363136
380	600	0.002920623
380	600	0.002471010
380	600	0.002469615
380	600	0.002395669
380	600	0.002438473
380	600	0.002311707
380	600	0.002317214
380	600	0.002307214
380	600	0.002354433
380	600	0.002291091
380	600	0.002267015
380	600	0.002260042
380	600	0.002231209
380	600	0.002227791
380	600	0.002223454
380	600	0.002222939
380	600	0.002258208
380	600	0.002233075
380	600	0.002245048
380	600	0.002243175
380	600	0.002428065
380	600	0.003029612
380	600	0.003654087
380	600	0.003684489
380	600	0.003652284
380	600	0.003378533
380	600	0.003579678
380	600	0.003673605
380	600	0.003553036
380	600	0.003652737
380	600	0.003678811
380	600	0.003694854
380	600	0.003358572
380	600	0.003662266
380	600	0.003008764
380	600	0.003276006
380	600	0.002723138
380	600	0.002271637
380	600	0.002504197
510	128	0.000715802
510	128	0.000731315
510	128	0.000753591
510	128	0.000715552
510	128	0.000721704
510	128	0.000723301
510	128	0.000715048
510	128	0.000721464
510	128	0.000721977
510	128	0.000747905
510	128	0.000723058
510	128	0.000722186
510	128	0.000880143
510	128	0.000894077
510	128	0.001064366
510	128	0.001252313
510	128	0.001229434
510	128	0.001257601
510	128	0.001298676
510	128	0.001263977
510	128	0.001250753
510	128	0.001294317
510	128	0.001219771
510	128	0.001202280
510	128	0.001283327
510	128	0.001185771
510	128	0.001162490
510	128	0.001064489
510	128	0.001075950
510	128	0.001125105
510	128	0.001192738
510	128	0.001200860
510	128	0.001136429
510	128	0.001009687
510	128	0.001017852
510	128	0.001008056
510	128	0.001024103
510	128	0.000976671
510	128	0.000949565
510	128	0.000921712
510	128	0.000897222
510	128	0.000910279
510	128	0.000887364
510	128	0.000842154
510	128	0.001040682
510	128	0.001136398
510	128	0.001300903
510	128	0.001267880
510	128	0.001209098
510	128	0.001245291
510	128	0.001302517
510	128	0.001281982
510	128	0.001286827
510	128	0.001279785
510	128	0.001326080
510	128	0.001264937
510	128	0.001277688
510	128	0.001266064
510	128	0.001260015
510	128	0.001260250
510	128	0.001262370
510	128	0.001251418
510	128	0.001198626
510	128	0.001281339
510	128	0.001279099
510	128	0.001236442
510	128	0.001247106
510	128	0.001134426
510	128	0.001214524
510	128	0.001243895
510	128	0.001217723
510	128	0.001023665
510	128	0.001012051
510	128	0.001120561
510	128	0.001193027
510	128	0.001230814
510	128	0.001284042
510	128	0.001262913
510	128	0.001217848
510	128	0.001303790
510	128	0.001202904
510	128	0.001285420
510	128	0.001257968
510	128	0.001251610
510	128	0.001195657
510	128	0.001192093
510	128	0.001210957
510	128	0.001232717
510	128	0.001272868
510	128	0.001285993
510	128	0.001247207
510	128	0.001246111
510	128	0.001294015
510	128	0.001198041
510	128	0.001282886
510	128	0.001229394
510	128	0.001280853
510	128	0.001283308
510	128	0.001223887
510	128	0.001213125
510	256	0.001353808
510	256	0.001388331
510	256	0.001355746
510	256	0.001360604
510	256	0.001362779
510	256	0.001385017
510	256	0.001727386
510	256	0.002116400
510	256	0.002224699
510	256	0.002277522
510	256	0.002024903
510	256	0.002345301
510	256	0.001966588
510	256	0.002323089
510	256	0.002237104
510	256	0.002193829
510	256	0.002375812
510	256	0.002258550
510	256	0.002303729
510	256	0.002293872
510	256	0.002334542
510	256	0.002240971
510	256	0.002289539
510	256	0.002261758
510	256	0.002237131
510	256	0.002236678
510	256	0.002228592
510	256	0.002261294
510	256	0.001962339
510	256	0.001994532
510	256	0.002294654
510	256	0.002342824
510	256	0.002281426
510	256	0.002297482
510	256	0.002031203
510	256	0.002169643
510	256	0.002076207
510	256	0.002278396
510	256	0.001869844
510	256	0.001520292
510	256	0.001504201
510	256	0.001622986
510	256	0.001696327
510	256	0.001479423
510	256	0.001388743
510	256	0.001330280
510	256	0.001705256
510	256	0.001532863
510	256	0.001383889
510	256	0.001432442
510	256	0.001577735
510	256	0.001540866
510	256	0.001459007
510	256	0.001433210
510	256	0.001599212
510	256	0.001975031
510	256	0.002270051
510	256	0.002234475
510	256	0.002226741
510	256	0.002139526
510	256	0.002296813
510	256	0.002010314
510	256	0.001531755
510	256	0.001744105
510	256	0.002248114
510	256	0.002254579
510	256	0.002337932
510	256	0.002301470
510	256	0.002345266
510	256	0.002274295
510	256	0.002225906
510	256	0.002288195
510	256	0.002138013
510	256	0.002263022
510	256	0.002306475
510	256	0.002210701
510	256	0.002201568
510	256	0.002160750
510	256	0.002302919
510	256	0.002347839
510	256	0.002266297
510	256	0.002245033
510	256	0.002286030
510	256	0.002336849
510	256	0.002211405
510	256	0.002262429
510	256	0.002087715
510	256	0.001882381
510	256	0.001966387
510	256	0.002307301
510	256	0.002245241
510	256	0.002186611
510	256	0.002274877
510	256	0.002324702
510	256	0.002251156
510	256	0.002201227
510	256	0.002268657
510	256	0.002236218
510	256	0.002122162
510	256	0.002218792
510	380	0.001931049
510	380	0.001930115
510	380	0.001925624
510	380	0.001924615
510	380	0.001932998
510	380	0.001922474
510	380	0.001942193
510	380	0.001936565
510	380	0.001947685
510	380	0.002049499
510	380	0.002721724
510	380	0.002887200
510	380	0.002348088
510	380	0.002813842
510	380	0.002419990
510	380	0.002791783
510	380	0.002491611
510	380	0.002980309
510	380	0.002926305
510	380	0.002386901
510	380	0.002612153
510	380	0.002440453
510	380	0.002515190
510	380	0.002350495
510	380	0.002510483
510	380	0.002137960
510	380	0.002479202
510	380	0.001921164
510	380	0.002441099
510	380	0.003251858
510	380	0.002884924
510	380	0.003111568
510	380	0.003239686
510	380	0.003106460
510	380	0.003137140
510	380	0.003285665
510	380	0.003248248
510	380	0.003228727
510	380	0.003135628
510	380	0.003170683
510	380	0.003012612
510	380	0.003117469
510	380	0.002604939
510	380	0.003043854
510	380	0.002663026
510	380	0.002889668
510	380	0.002237832
510	380	0.002989935
510	380	0.003014644
510	380	0.003220110
510	380	0.003177599
510	380	0.003215722
510	380	0.002990505
510	380	0.003200066
510	380	0.002882713
510	380	0.002721283
510	380	0.003235870
510	380	0.003166434
510	380	0.003178570
510	380	0.003151710
510	380	0.002933299
510	380	0.003042565
510	380	0.003057275
510	380	0.002597653
510	380	0.002812386
510	380	0.002775954
510	380	0.002742288
510	380	0.002356759
510	380	0.002359338
510	380	0.002249949
510	380	0.002356018
510	380	0.002174993
510	380	0.002167023
510	380	0.002704636
510	380	0.002627276
510	380	0.002559613
510	380	0.002177337
510	380	0.002376190
510	380	0.002982153
510	380	0.002371221
510	380	0.002938429
510	380	0.002553756
510	380	0.002674412
510	380	0.002209393
510	380	0.001949961
510	380	0.001983850
510	380	0.002495390
510	380	0.002354668
510	380	0.002689093
510	380	0.003029862
510	380	0.003287734
510	380	0.003162978
510	380	0.003157970
510	380	0.003166136
510	380	0.003196608
510	380	0.002735297
510	380	0.003116175
510	380	0.002918660
510	380	0.003221543
510	380	0.003154614
510	510	0.002556761
510	510	0.002541989
510	510	0.002535166
510	510	0.002891103
510	510	0.003721915
510	510	0.004291660
510	510	0.003579775
510	510	0.003925592
510	510	0.003391689
510	510	0.003954615
510	510	0.003254125
510	510	0.003695874
510	510	0.003064977
510	510	0.003465518
510	510	0.002800950
510	510	0.003507182
510	510	0.004066770
510	510	0.003447883
510	510	0.003966569
510	510	0.003212602
510	510	0.003826232
510	510	0.003042370
510	510	0.003570384
510	510	0.002983528
510	510	0.003734891
510	510	0.004264983
510	510	0.004201930
510	510	0.003916403
510	510	0.004186402
510	510	0.003884867
510	510	0.003805024
510	510	0.003151271
510	510	0.003646453
510	510	0.003012967
510	510	0.003332288
510	510	0.002541084
510	510	0.003100948
510	510	0.002743255
510	510	0.002900614
510	510	0.002581305
510	510	0.002917498
510	510	0.002577071
510	510	0.002666946
510	510	0.002547213
510	510	0.002586198
510	510	0.002581764
510	510	0.002714727
510	510	0.002581676
510	510	0.002839408
510	510	0.003967163
510	510	0.003824673
510	510	0.003994083
510	510	0.003638634
510	510	0.003606727
510	510	0.003467943
510	510	0.003319902
510	510	0.003196585
510	510	0.003300871
510	510	0.002755044
510	510	0.002957259
510	510	0.002966173
510	510	0.002808432
510	510	0.002564201
510	510	0.002545110
510	510	0.002542448
510	510	0.002568785
510	510	0.002560785
510	510	0.002562093
510	510	0.002532802
510	510	0.002557157
510	510	0.002545898
510	510	0.002543330
510	510	0.002538608
510	510	0.002557169
510	510	0.002554459
510	510	0.002545903
510	510	0.002533777
510	510	0.002593524
510	510	0.002614274
510	510	0.002533764
510	510	0.002556454
510	510	0.002567475
510	510	0.002533890
510	510	0.002557443
510	510	0.002538142
510	510	0.002543752
510	510	0.002534590
510	510	0.002571483
510	510	0.002537421
510	510	0.002552549
510	510	0.002533790
510	510	0.002746713
510	510	0.003572770
510	510	0.003394318
510	510	0.002643372
510	510	0.003252190
510	510	0.002600183
510	510	0.002804530
510	510	0.002647238
510	510	0.002556908
510	600	0.002998439
510	600	0.002973888
510	600	0.002988946
510	600	0.002979798
510	600	0.002979101
510	600	0.002992193
510	600	0.002980103
510	600	0.002977023
510	600	0.002996802
510	600	0.002987407
510	600	0.003001184
510	600	0.003010914
510	600	0.003017581
510	600	0.003006696
510	600	0.002979897
510	600	0.002985106
510	600	0.003005090
510	600	0.002969385
510	600	0.002968673
510	600	0.002983536
510	600	0.002992178
510	600	0.003005471
510	600	0.002980630
510	600	0.003000563
510	600	0.002963047
510	600	0.002999100
510	600	0.003279072
510	600	0.004497276
510	600	0.005004495
510	600	0.004261320
510	600	0.004641578
510	600	0.004995473
510	600	0.004117106
510	600	0.004685040
510	600	0.003913334
510	600	0.004590503
510	600	0.004941333
510	600	0.004691078
510	600	0.005022994
510	600	0.004900696
510	600	0.004905870
510	600	0.005008407
510	600	0.004936342
510	600	0.004564568
510	600	0.003436094
510	600	0.004118330
510	600	0.003098953
510	600	0.002991451
510	600	0.003178148
510	600	0.004528771
510	600	0.004546916
510	600	0.004799462
510	600	0.004324546
510	600	0.004923527
510	600	0.004954056
510	600	0.004402611
510	600	0.004930458
510	600	0.004963468
510	600	0.004592991
510	600	0.004870078
510	600	0.004968009
510	600	0.004976049
510	600	0.004965778
510	600	0.005007360
510	600	0.003773450
510	600	0.003070095
510	600	0.003592120
510	600	0.002989789
510	600	0.002973520
510	600	0.002984181
510	600	0.002996496
510	600	0.002994604
510	600	0.002982863
510	600	0.003019560
510	600	0.003011752
510	600	0.003007551
510	600	0.002994834
510	600	0.003095040
510	600	0.002972595
510	600	0.002971207
510	600	0.002989952
510	600	0.003075063
510	600	0.003016545
510	600	0.002992894
510	600	0.002994516
510	600	0.003070456
510	600	0.002990896
510	600	0.003014318
510	600	0.002985005
510	600	0.003210008
510	600	0.002979598
510	600	0.003006576
510	600	0.002991839
510	600	0.003217926
510	600	0.002998042
510	600	0.003008997
510	600	0.002967913
510	600	0.003081400
510	600	0.002978937
510	600	0.002987915
600	128	0.000848057
600	128	0.000853993
600	128	0.000846372
600	128	0.000851017
600	128	0.000880316
600	128	0.000876269
600	128	0.000842192
600	128	0.000848514
600	128	0.000886057
600	128	0.000844508
600	128	0.000849969
600	128	0.000844328
600	128	0.000860644
600	128	0.000850767
600	128	0.000842856
600	128	0.000846698
600	128	0.000880376
600	128	0.000850309
600	128	0.000853159
600	128	0.000845965
600	128	0.000870806
600	128	0.000840717
600	128	0.000871351
600	128	0.000847109
600	128	0.000854408
600	128	0.000872774
600	128	0.000845189
600	128	0.000852658
600	128	0.000841210
600	128	0.000857750
600	128	0.000880400
600	128	0.000840996
600	128	0.000850605
600	128	0.000872773
600	128	0.000922227
600	128	0.000989677
600	128	0.000991308
600	128	0.001017948
600	128	0.000986507
600	128	0.001015355
600	128	0.000988059
600	128	0.001034025
600	128	0.001078445
600	128	0.001052985
600	128	0.001034328
600	128	0.001119021
600	128	0.001137235
600	128	0.001130703
600	128	0.001160572
600	128	0.001078038
600	128	0.001103494
600	128	0.001036711
600	128	0.000988507
600	128	0.000995864
600	128	0.001283091
600	128	0.001137859
600	128	0.001054494
600	128	0.000986436
600	128	0.000875210
600	128	0.000846779
600	128	0.000850151
600	128	0.000840283
600	128	0.000848148
600	128	0.000865517
600	128	0.000992370
600	128	0.001085323
600	128	0.001077737
600	128	0.001398404
600	128	0.001346141
600	128	0.001306510
600	128	0.001440022
600	128	0.001431930
600	128	0.001461455
600	128	0.001501423
600	128	0.001461248
600	128	0.001435861
600	128	0.001509916
600	128	0.001540774
600	128	0.001448569
600	128	0.001430359
600	128	0.001389833
600	128	0.001471878
600	128	0.001453627
600	128	0.001447757
600	128	0.001430757
600	128	0.001505372
600	128	0.001445970
600	128	0.001438286
600	128	0.001471365
600	128	0.001520508
600	128	0.001480511
600	128	0.001493275
600	128	0.001392542
600	128	0.001463434
600	128	0.001409385
600	128	0.001417324
600	128	0.001516264
600	128	0.001422934
600	128	0.001408635
600	128	0.001417931
600	256	0.001596580
600	256	0.001609973
600	256	0.001625738
600	256	0.001561301
600	256	0.001599633
600	256	0.001589796
600	256	0.001599615
600	256	0.001571178
600	256	0.001641088
600	256	0.001562231
600	256	0.001592113
600	256	0.001616038
600	256	0.001615104
600	256	0.001603185
600	256	0.001571152
600	256	0.001588251
600	256	0.001573103
600	256	0.001602741
600	256	0.001689844
600	256	0.001704230
600	256	0.001698695
600	256	0.001681674
600	256	0.002214995
600	256	0.001877785
600	256	0.002053178
600	256	0.002410334
600	256	0.001906444
600	256	0.002504283
600	256	0.002664802
600	256	0.002674164
600	256	0.002673458
600	256	0.002581257
600	256	0.002513101
600	256	0.002637982
600	256	0.002604129
600	256	0.002717775
600	256	0.002620878
600	256	0.002580463
600	256	0.002645512
600	256	0.002408882
600	256	0.002504086
600	256	0.002306803
600	256	0.002702031
600	256	0.002133767
600	256	0.002586616
600	256	0.002590208
600	256	0.002630730
600	256	0.002670481
600	256	0.002623295
600	256	0.002643181
600	256	0.002635734
600	256	0.002599239
600	256	0.002450905
600	256	0.002654209
600	256	0.002294071
600	256	0.001889571
600	256	0.002144398
600	256	0.001797334
600	256	0.002137844
600	256	0.001613570
600	256	0.001695588
600	256	0.001772162
600	256	0.001590743
600	256	0.001571289
600	256	0.001618250
600	256	0.001566650
600	256	0.001854207
600	256	0.001633178
600	256	0.001928723
600	256	0.002121527
600	256	0.002112653
600	256	0.002304722
600	256	0.002425486
600	256	0.002133334
600	256	0.002387791
600	256	0.002190502
600	256	0.002317520
600	256	0.002631447
600	256	0.002603881
600	256	0.002603154
600	256	0.002514311
600	256	0.002223824
600	256	0.002353286
600	256	0.002057652
600	256	0.001712625
600	256	0.001625928
600	256	0.001622960
600	256	0.001897779
600	256	0.001663490
600	256	0.001604236
600	256	0.001616324
600	256	0.001842487
600	256	0.001632692
600	256	0.001716725
600	256	0.002043775
600	256	0.002561085
600	256	0.002409492
600	256	0.002570619
600	256	0.002003930
600	256	0.002526098
600	380	0.002275108
600	380	0.002266576
600	380	0.002262749
600	380	0.002337066
600	380	0.002896548
600	380	0.003524817
600	380	0.003828408
600	380	0.003293601
600	380	0.003811548
600	380	0.003251295
600	380	0.003664096
600	380	0.003062717
600	380	0.003690167
600	380	0.003710386
600	380	0.003759177
600	380	0.003816394
600	380	0.003321868
600	380	0.003781951
600	380	0.003210546
600	380	0.003609801
600	380	0.002658430
600	380	0.003326623
600	380	0.002827677
600	380	0.003348933
600	380	0.002690275
600	380	0.002909398
600	380	0.002555089
600	380	0.002906576
600	380	0.002259052
600	380	0.002815277
600	380	0.002418272
600	380	0.002500600
600	380	0.002405837
600	380	0.002390428
600	380	0.002344920
600	380	0.002276001
600	380	0.002262337
600	380	0.002273016
600	380	0.002252493
600	380	0.002266500
600	380	0.002269745
600	380	0.002265261
600	380	0.002251938
600	380	0.002256110
600	380	0.002265819
600	380	0.002289222
600	380	0.002252244
600	380	0.002405035
600	380	0.003006798
600	380	0.003760681
600	380	0.003720908
600	380	0.003546541
600	380	0.003231771
600	380	0.002258694
600	380	0.002969357
600	380	0.003751583
600	380	0.003411256
600	380	0.003738004
600	380	0.003132107
600	380	0.003737726
600	380	0.002962514
600	380	0.003637979
600	380	0.003661008
600	380	0.003813978
600	380	0.003626132
600	380	0.003664632
600	380	0.003538296
600	380	0.003777995
600	380	0.003777481
600	380	0.003724137
600	380	0.003771390
600	380	0.003772314
600	380	0.003438381
600	380	0.003709304
600	380	0.003820698
600	380	0.003428516
600	380	0.003791145
600	380	0.002834907
600	380	0.002293873
600	380	0.002488658
600	380	0.002274157
600	380	0.002284965
600	380	0.002271965
600	380	0.002269643
600	380	0.002260936
600	380	0.002274878
600	380	0.002272946
600	380	0.002267523
600	380	0.002279485
600	380	0.002822015
600	380	0.002553950
600	380	0.002943362
600	380	0.003563095
600	380	0.003112518
600	380	0.003564848
600	380	0.002862711
600	380	0.003158372
600	380	0.002613421
600	380	0.002968601
600	380	0.002636079
600	510	0.002985198
600	510	0.002990408
600	510	0.003154501
600	510	0.004011236
600	510	0.005029932
600	510	0.004969004
600	510	0.004885214
600	510	0.004582994
600	510	0.004459983
600	510	0.003887134
600	510	0.003509950
600	510	0.003016492
600	510	0.003081539
600	510	0.002988196
600	510	0.003310439
600	510	0.002981621
600	510	0.002996520
600	510	0.002984606
600	510	0.003322659
600	510	0.003008634
600	510	0.002995503
600	510	0.002983966
600	510	0.003391236
600	510	0.003002855
600	510	0.003385849
600	510	0.003020478
600	510	0.003125421
600	510	0.003014091
600	510	0.003229762
600	510	0.002999267
600	510	0.003179684
600	510	0.003013684
600	510	0.003395903
600	510	0.004814050
600	510	0.004326045
600	510	0.004555433
600	510	0.003922049
600	510	0.003824315
600	510	0.003695039
600	510	0.003269505
600	510	0.003002114
600	510	0.003065129
600	510	0.003015794
600	510	0.002983066
600	510	0.003014928
600	510	0.003005389
600	510	0.003020779
600	510	0.003007089
600	510	0.002985068
600	510	0.002986612
600	510	0.003110529
600	510	0.002986366
600	510	0.002998872
600	510	0.003014131
600	510	0.003079991
600	510	0.003009588
600	510	0.002994534
600	510	0.003000145
600	510	0.003190395
600	510	0.002986313
600	510	0.002982037
600	510	0.002990753
600	510	0.003180650
600	510	0.003012180
600	510	0.003013517
600	510	0.003000985
600	510	0.003082066
600	510	0.002989734
600	510	0.002983679
600	510	0.002979399
600	510	0.002991786
600	510	0.003023510
600	510	0.003132257
600	510	0.003525172
600	510	0.003071930
600	510	0.003364158
600	510	0.003037896
600	510	0.003401623
600	510	0.003008270
600	510	0.003144644
600	510	0.003025820
600	510	0.003541606
600	510	0.004645386
600	510	0.004952070
600	510	0.004557384
600	510	0.004664827
600	510	0.004323277
600	510	0.004200618
600	510	0.003742656
600	510	0.004068216
600	510	0.003634852
600	510	0.003583086
600	510	0.003309793
600	510	0.003527943
600	510	0.003018979
600	510	0.003306228
600	510	0.003072765
600	510	0.002987992
600	510	0.003040665
600	510	0.003041356
600	600	0.003495706
600	600	0.003518950
600	600	0.003535224
600	600	0.003535611
600	600	0.003519631
600	600	0.003525309
600	600	0.003509936
600	600	0.003511858
600	600	0.003556293
600	600	0.003515704
600	600	0.003488655
600	600	0.003519315
600	600	0.003542040
600	600	0.003512061
600	600	0.003554370
600	600	0.003851959
600	600	0.003517636
600	600	0.003517867
600	600	0.003624627
600	600	0.005127704
600	600	0.004685735
600	600	0.003642106
600	600	0.005098596
600	600	0.005634768
600	600	0.004570524
600	600	0.004943337
600	600	0.004078669
600	600	0.004619044
600	600	0.003874047
600	600	0.003766067
600	600	0.003676433
600	600	0.003512257
600	600	0.003485283
600	600	0.003930446
600	600	0.004556670
600	600	0.003577946
600	600	0.003500988
600	600	0.003489073
600	600	0.003510751
600	600	0.003510191
600	600	0.003517658
600	600	0.003541520
600	600	0.003526731
600	600	0.003589844
600	600	0.004573624
600	600	0.003780535
600	600	0.004203309
600	600	0.003669024
600	600	0.003732718
600	600	0.003519770
600	600	0.003523445
600	600	0.003529572
600	600	0.003521998
600	600	0.003499860
600	600	0.003488885
600	600	0.003522295
600	600	0.003506041
600	600	0.003499418
600	600	0.003670090
600	600	0.003501397
600	600	0.004381129
600	600	0.005477304
600	600	0.004100859
600	600	0.004684752
600	600	0.003712947
600	600	0.004358716
600	600	0.003631996
600	600	0.004097391
600	600	0.003546329
600	600	0.003854141
600	600	0.003547932
600	600	0.003870324
600	600	0.003490009
600	600	0.004461284
600	600	0.005012600
600	600	0.004186752
600	600	0.004084534
600	600	0.003601756
600	600	0.003788670
600	600	0.003570718
600	600	0.003551584
600	600	0.003553490
600	600	0.003501755
600	600	0.003500582
600	600	0.003498678
600	600	0.003504692
600	600	0.003498579
600	600	0.003518134
600	600	0.003532766
600	600	0.003564434
600	600	0.003546588
600	600	0.003494992
600	600	0.003519547
600	600	0.003490569
600	600	0.003524169
600	600	0.003530633
600	600	0.003515778
600	600	0.003505515
600	600	0.003513363
600	600	0.003541739
