120	128	0.000040716
120	128	0.000040696
120	128	0.000040678
120	128	0.000040725
120	128	0.000045626
120	128	0.000040649
120	128	0.000040685
120	128	0.000039104
120	128	0.000040683
120	128	0.000040706
120	128	0.000040707
120	128	0.000039573
120	128	0.000040688
120	128	0.000040716
120	128	0.000040673
120	128	0.000040666
120	128	0.000040645
120	128	0.000040702
120	128	0.000039124
120	128	0.000039111
120	128	0.000040703
120	128	0.000039092
120	128	0.000040643
120	128	0.000040672
120	128	0.000040694
120	128	0.000040715
120	128	0.000040705
120	128	0.000039089
120	128	0.000040703
120	128	0.000039532
120	128	0.000040641
120	128	0.000040663
120	128	0.000040707
120	128	0.000040681
120	128	0.000040666
120	128	0.000040681
120	128	0.000040698
120	128	0.000040701
120	128	0.000040664
120	128	0.000039109
120	128	0.000040684
120	128	0.000040649
120	128	0.000040679
120	128	0.000039063
120	128	0.000040380
120	128	0.000040701
120	128	0.000040681
120	128	0.000040690
120	128	0.000040652
120	128	0.000040667
120	128	0.000055705
120	128	0.000040666
120	128	0.000040693
120	128	0.000040679
120	128	0.000040715
120	128	0.000040675
120	128	0.000040661
120	128	0.000040688
120	128	0.000040667
120	128	0.000040649
120	128	0.000039582
120	128	0.000045343
120	128	0.000040651
120	128	0.000040686
120	128	0.000040663
120	128	0.000040738
120	128	0.000040662
120	128	0.000046258
120	128	0.000040738
120	128	0.000044650
120	128	0.000040657
120	128	0.000040667
120	128	0.000040707
120	128	0.000040672
120	128	0.000040681
120	128	0.000040679
120	128	0.000040663
120	128	0.000040664
120	128	0.000040685
120	128	0.000040688
120	128	0.000040723
120	128	0.000040720
120	128	0.000040683
120	128	0.000040730
120	128	0.000039087
120	128	0.000040672
120	128	0.000040712
120	128	0.000040681
120	128	0.000040679
120	128	0.000040685
120	128	0.000039107
120	128	0.000045311
120	128	0.000040675
120	128	0.000040695
120	128	0.000040689
120	128	0.000039112
120	128	0.000039135
120	128	0.000040640
120	128	0.000040664
120	128	0.000040682
120	256	0.000080329
120	256	0.000086434
120	256	0.000077139
120	256	0.000077173
120	256	0.000080320
120	256	0.000080306
120	256	0.000077148
120	256	0.000080317
120	256	0.000080356
120	256	0.000080308
120	256	0.000080308
120	256	0.000080306
120	256	0.000078045
120	256	0.000084971
120	256	0.000078062
120	256	0.000077137
120	256	0.000077174
120	256	0.000080299
120	256	0.000080323
120	256	0.000080295
120	256	0.000080298
120	256	0.000078039
120	256	0.000078087
120	256	0.000080300
120	256	0.000077116
120	256	0.000088712
120	256	0.000077118
120	256	0.000080314
120	256	0.000080364
120	256	0.000080337
120	256	0.000077184
120	256	0.000080297
120	256	0.000085248
120	256	0.000080343
120	256	0.000077097
120	256	0.000080299
120	256	0.000080299
120	256	0.000080306
120	256	0.000077144
120	256	0.000084485
120	256	0.000093753
120	256	0.000093677
120	256	0.000093714
120	256	0.000093718
120	256	0.000093728
120	256	0.000098734
120	256	0.000097793
120	256	0.000093903
120	256	0.000097781
120	256	0.000112697
120	256	0.000112460
120	256	0.000112412
120	256	0.000080346
120	256	0.000080335
120	256	0.000087589
120	256	0.000080308
120	256	0.000097114
120	256	0.000080342
120	256	0.000080311
120	256	0.000080294
120	256	0.000128609
120	256	0.000080301
120	256	0.000078058
120	256	0.000080317
120	256	0.000080305
120	256	0.000080351
120	256	0.000140580
120	256	0.000080341
120	256	0.000080342
120	256	0.000083968
120	256	0.000080325
120	256	0.000140620
120	256	0.000140533
120	256	0.000140569
120	256	0.000140530
120	256	0.000134963
120	256	0.000140559
120	256	0.000140613
120	256	0.000140522
120	256	0.000134998
120	256	0.000140561
120	256	0.000136623
120	256	0.000140528
120	256	0.000140618
120	256	0.000140569
120	256	0.000140492
120	256	0.000140573
120	256	0.000140571
120	256	0.000140590
120	256	0.000144002
120	256	0.000136632
120	256	0.000140590
120	256	0.000140563
120	256	0.000149974
120	256	0.000149953
120	256	0.000152467
120	256	0.000151343
120	256	0.000140594
120	256	0.000144193
120	256	0.000150640
120	380	0.000118711
120	380	0.000115307
120	380	0.000118783
120	380	0.000118791
120	380	0.000118728
120	380	0.000118779
120	380	0.000118713
120	380	0.000118746
120	380	0.000115371
120	380	0.000113983
120	380	0.000114013
120	380	0.000115350
120	380	0.000115374
120	380	0.000118731
120	380	0.000118735
120	380	0.000118688
120	380	0.000118681
120	380	0.000113957
120	380	0.000118720
120	380	0.000118733
120	380	0.000113950
120	380	0.000118762
120	380	0.000118661
120	380	0.000144603
120	380	0.000113979
120	380	0.000118716
120	380	0.000118739
120	380	0.000118741
120	380	0.000118729
120	380	0.000118811
120	380	0.000118700
120	380	0.000118734
120	380	0.000113917
120	380	0.000118758
120	380	0.000118739
120	380	0.000118710
120	380	0.000118690
120	380	0.000118706
120	380	0.000118750
120	380	0.000118773
120	380	0.000118692
120	380	0.000127697
120	380	0.000123152
120	380	0.000123112
120	380	0.000123126
120	380	0.000123132
120	380	0.000132997
120	380	0.000137747
120	380	0.000129219
120	380	0.000144335
120	380	0.000145076
120	380	0.000156804
120	380	0.000151093
120	380	0.000161533
120	380	0.000166213
120	380	0.000161491
120	380	0.000166196
120	380	0.000207796
120	380	0.000207812
120	380	0.000200100
120	380	0.000195598
120	380	0.000195634
120	380	0.000207705
120	380	0.000207804
120	380	0.000223586
120	380	0.000207796
120	380	0.000207765
120	380	0.000201857
120	380	0.000201880
120	380	0.000199481
120	380	0.000207833
120	380	0.000199548
120	380	0.000199406
120	380	0.000207721
120	380	0.000207835
120	380	0.000207744
120	380	0.000222996
120	380	0.000207799
120	380	0.000207866
120	380	0.000207760
120	380	0.000199490
120	380	0.000207808
120	380	0.000199403
120	380	0.000207816
120	380	0.000207793
120	380	0.000207767
120	380	0.000188268
120	380	0.000199448
120	380	0.000207776
120	380	0.000218397
120	380	0.000202019
120	380	0.000200646
120	380	0.000199520
120	380	0.000207893
120	380	0.000207847
120	380	0.000207802
120	380	0.000207851
120	380	0.000199466
120	380	0.000199412
120	380	0.000207723
120	510	0.000158998
120	510	0.000167321
120	510	0.000152647
120	510	0.000158982
120	510	0.000159010
120	510	0.000163567
120	510	0.000152669
120	510	0.000152628
120	510	0.000163435
120	510	0.000159007
120	510	0.000158996
120	510	0.000158961
120	510	0.000158969
120	510	0.000158952
120	510	0.000159293
120	510	0.000158980
120	510	0.000152652
120	510	0.000159027
120	510	0.000152601
120	510	0.000158956
120	510	0.000158980
120	510	0.000159060
120	510	0.000158980
120	510	0.000159982
120	510	0.000152576
120	510	0.000158955
120	510	0.000158976
120	510	0.000158957
120	510	0.000158963
120	510	0.000163874
120	510	0.000159018
120	510	0.000154467
120	510	0.000164435
120	510	0.000158932
120	510	0.000158994
120	510	0.000158973
120	510	0.000158945
120	510	0.000158987
120	510	0.000158947
120	510	0.000159179
120	510	0.000159011
120	510	0.000164830
120	510	0.000164890
120	510	0.000164816
120	510	0.000168724
120	510	0.000185565
120	510	0.000185512
120	510	0.000185459
120	510	0.000185522
120	510	0.000194229
120	510	0.000196537
120	510	0.000202413
120	510	0.000202277
120	510	0.000234337
120	510	0.000239959
120	510	0.000224851
120	510	0.000278296
120	510	0.000278141
120	510	0.000288969
120	510	0.000270381
120	510	0.000278277
120	510	0.000278200
120	510	0.000278312
120	510	0.000278214
120	510	0.000292742
120	510	0.000267101
120	510	0.000278224
120	510	0.000278179
120	510	0.000254396
120	510	0.000267023
120	510	0.000302726
120	510	0.000278241
120	510	0.000278175
120	510	0.000278293
120	510	0.000265136
120	510	0.000287448
120	510	0.000278293
120	510	0.000267046
120	510	0.000278225
120	510	0.000272579
120	510	0.000292141
120	510	0.000277282
120	510	0.000272999
120	510	0.000278259
120	510	0.000261849
120	510	0.000314223
120	510	0.000269377
120	510	0.000295914
120	510	0.000267014
120	510	0.000278163
120	510	0.000261796
120	510	0.000278271
120	510	0.000261806
120	510	0.000278269
120	510	0.000278206
120	510	0.000256747
120	510	0.000281787
120	510	0.000278333
120	510	0.000278242
120	510	0.000278189
120	600	0.000181447
120	600	0.000194025
120	600	0.000186824
120	600	0.000179345
120	600	0.000186838
120	600	0.000190150
120	600	0.000179371
120	600	0.000186923
120	600	0.000179387
120	600	0.000186899
120	600	0.000186833
120	600	0.000179342
120	600	0.000197374
120	600	0.000186840
120	600	0.000186836
120	600	0.000190474
120	600	0.000186833
120	600	0.000186911
120	600	0.000186843
120	600	0.000191780
120	600	0.000186814
120	600	0.000186817
120	600	0.000191005
120	600	0.000186871
120	600	0.000186817
120	600	0.000186009
120	600	0.000188291
120	600	0.000193817
120	600	0.000193803
120	600	0.000237853
120	600	0.000237775
120	600	0.000243045
120	600	0.000231013
120	600	0.000237882
120	600	0.000228297
120	600	0.000237795
120	600	0.000227525
120	600	0.000232571
120	600	0.000270405
120	600	0.000227447
120	600	0.000227513
120	600	0.000227524
120	600	0.000227431
120	600	0.000229578
120	600	0.000232179
120	600	0.000227564
120	600	0.000227533
120	600	0.000224343
120	600	0.000252126
120	600	0.000209288
120	600	0.000215753
120	600	0.000201215
120	600	0.000206128
120	600	0.000201268
120	600	0.000201319
120	600	0.000227554
120	600	0.000227415
120	600	0.000224527
120	600	0.000237810
120	600	0.000237899
120	600	0.000228304
120	600	0.000240170
120	600	0.000249111
120	600	0.000249209
120	600	0.000239141
120	600	0.000290584
120	600	0.000278964
120	600	0.000282375
120	600	0.000327063
120	600	0.000327118
120	600	0.000326860
120	600	0.000326920
120	600	0.000339700
120	600	0.000313914
120	600	0.000327003
120	600	0.000313881
120	600	0.000337503
120	600	0.000332216
120	600	0.000327079
120	600	0.000313866
120	600	0.000323086
120	600	0.000326983
120	600	0.000326927
120	600	0.000298933
120	600	0.000313873
120	600	0.000337765
120	600	0.000326922
120	600	0.000307696
120	600	0.000323451
120	600	0.000336712
120	600	0.000314041
120	600	0.000327100
120	600	0.000336123
120	600	0.000338449
120	600	0.000327097
120	600	0.000327090
120	600	0.000327119
120	600	0.000334872
120	600	0.000327071
120	600	0.000327042
250	128	0.000076360
250	128	0.000077439
250	128	0.000076370
250	128	0.000077420
250	128	0.000075885
250	128	0.000077436
250	128	0.000075845
250	128	0.000077447
250	128	0.000077457
250	128	0.000076343
250	128	0.000076315
250	128	0.000077471
250	128	0.000077464
250	128	0.000077469
250	128	0.000077431
250	128	0.000077417
250	128	0.000077433
250	128	0.000075827
250	128	0.000077424
250	128	0.000077470
250	128	0.000077449
250	128	0.000077478
250	128	0.000077437
250	128	0.000082863
250	128	0.000077455
250	128	0.000076326
250	128	0.000077399
250	128	0.000075864
250	128	0.000077463
250	128	0.000077482
250	128	0.000082223
250	128	0.000075856
250	128	0.000075857
250	128	0.000077455
250	128	0.000077478
250	128	0.000077481
250	128	0.000077453
250	128	0.000077419
250	128	0.000077412
250	128	0.000075877
250	128	0.000075847
250	128	0.000082504
250	128	0.000077468
250	128	0.000077457
250	128	0.000075896
250	128	0.000077427
250	128	0.000080546
250	128	0.000077403
250	128	0.000077471
250	128	0.000077476
250	128	0.000076304
250	128	0.000082393
250	128	0.000077448
250	128	0.000077471
250	128	0.000077487
250	128	0.000077403
250	128	0.000085579
250	128	0.000090383
250	128	0.000077438
250	128	0.000090365
250	128	0.000089082
250	128	0.000094283
250	128	0.000094354
250	128	0.000094285
250	128	0.000094288
250	128	0.000101736
250	128	0.000101162
250	128	0.000103288
250	128	0.000103248
250	128	0.000101123
250	128	0.000120500
250	128	0.000120487
250	128	0.000127243
250	128	0.000135601
250	128	0.000135520
250	128	0.000132755
250	128	0.000135594
250	128	0.000127609
250	128	0.000135568
250	128	0.000132766
250	128	0.000127521
250	128	0.000135511
250	128	0.000135589
250	128	0.000135542
250	128	0.000135537
250	128	0.000135560
250	128	0.000135565
250	128	0.000132806
250	128	0.000132757
250	128	0.000132778
250	128	0.000135585
250	128	0.000133599
250	128	0.000135534
250	128	0.000135518
250	128	0.000135496
250	128	0.000133565
250	128	0.000135510
250	128	0.000135620
250	128	0.000132758
250	128	0.000132756
250	256	0.000158630
250	256	0.000152805
250	256	0.000152848
250	256	0.000152837
250	256	0.000152823
250	256	0.000152824
250	256	0.000150566
250	256	0.000152865
250	256	0.000152787
250	256	0.000152871
250	256	0.000156987
250	256	0.000150581
250	256	0.000152854
250	256	0.000149645
250	256	0.000152839
250	256	0.000153595
250	256	0.000152889
250	256	0.000152861
250	256	0.000160214
250	256	0.000152788
250	256	0.000152828
250	256	0.000152806
250	256	0.000149595
250	256	0.000152812
250	256	0.000154783
250	256	0.000152833
250	256	0.000152835
250	256	0.000152825
250	256	0.000152812
250	256	0.000152855
250	256	0.000155977
250	256	0.000152811
250	256	0.000149660
250	256	0.000155847
250	256	0.000152784
250	256	0.000149644
250	256	0.000152842
250	256	0.000152795
250	256	0.000152789
250	256	0.000152811
250	256	0.000152856
250	256	0.000155255
250	256	0.000163442
250	256	0.000158501
250	256	0.000158465
250	256	0.000162914
250	256	0.000158485
250	256	0.000158485
250	256	0.000160726
250	256	0.000161161
250	256	0.000167609
250	256	0.000175211
250	256	0.000171193
250	256	0.000194537
250	256	0.000194458
250	256	0.000190506
250	256	0.000194511
250	256	0.000213916
250	256	0.000210771
250	256	0.000213931
250	256	0.000218209
250	256	0.000219732
250	256	0.000246232
250	256	0.000233037
250	256	0.000233500
250	256	0.000220492
250	256	0.000210775
250	256	0.000213930
250	256	0.000213984
250	256	0.000213943
250	256	0.000237709
250	256	0.000232784
250	256	0.000237717
250	256	0.000251744
250	256	0.000251706
250	256	0.000304756
250	256	0.000267553
250	256	0.000267427
250	256	0.000267439
250	256	0.000261884
250	256	0.000251686
250	256	0.000267427
250	256	0.000302589
250	256	0.000274991
250	256	0.000267400
250	256	0.000267430
250	256	0.000274304
250	256	0.000285242
250	256	0.000275192
250	256	0.000267386
250	256	0.000267556
250	256	0.000267457
250	256	0.000267397
250	256	0.000267449
250	256	0.000267424
250	256	0.000279078
250	256	0.000263515
250	256	0.000263481
250	256	0.000267496
250	256	0.000267503
250	380	0.000231296
250	380	0.000232690
250	380	0.000221466
250	380	0.000221097
250	380	0.000225876
250	380	0.000227775
250	380	0.000231613
250	380	0.000225829
250	380	0.000225854
250	380	0.000221120
250	380	0.000229326
250	380	0.000225819
250	380	0.000221103
250	380	0.000225873
250	380	0.000225809
250	380	0.000225905
250	380	0.000221142
250	380	0.000225804
250	380	0.000225875
250	380	0.000231143
250	380	0.000225858
250	380	0.000225820
250	380	0.000222501
250	380	0.000230601
250	380	0.000225883
250	380	0.000225873
250	380	0.000225840
250	380	0.000225885
250	380	0.000242922
250	380	0.000225849
250	380	0.000221113
250	380	0.000222481
250	380	0.000258241
250	380	0.000258975
250	380	0.000252934
250	380	0.000247669
250	380	0.000249140
250	380	0.000252960
250	380	0.000252898
250	380	0.000263514
250	380	0.000268142
250	380	0.000268790
250	380	0.000325593
250	380	0.000336451
250	380	0.000322502
250	380	0.000340003
250	380	0.000332852
250	380	0.000327815
250	380	0.000332846
250	380	0.000332822
250	380	0.000345032
250	380	0.000371891
250	380	0.000376356
250	380	0.000374527
250	380	0.000395223
250	380	0.000398037
250	380	0.000386374
250	380	0.000386959
250	380	0.000364188
250	380	0.000391196
250	380	0.000389284
250	380	0.000372043
250	380	0.000405611
250	380	0.000403583
250	380	0.000389309
250	380	0.000385238
250	380	0.000408150
250	380	0.000395232
250	380	0.000380874
250	380	0.000414943
250	380	0.000395275
250	380	0.000383095
250	380	0.000395255
250	380	0.000395209
250	380	0.000386305
250	380	0.000402934
250	380	0.000395274
250	380	0.000371971
250	380	0.000386086
250	380	0.000384849
250	380	0.000405895
250	380	0.000396487
250	380	0.000386920
250	380	0.000372003
250	380	0.000398310
250	380	0.000387006
250	380	0.000389349
250	380	0.000403859
250	380	0.000390676
250	380	0.000395197
250	380	0.000395193
250	380	0.000426913
250	380	0.000395194
250	380	0.000395259
250	380	0.000404003
250	380	0.000367313
250	380	0.000395160
250	380	0.000383259
250	380	0.000387007
250	380	0.000395158
250	510	0.000302390
250	510	0.000302391
250	510	0.000302409
250	510	0.000302442
250	510	0.000302398
250	510	0.000302368
250	510	0.000302352
250	510	0.000302368
250	510	0.000306891
250	510	0.000307484
250	510	0.000296017
250	510	0.000302429
250	510	0.000302426
250	510	0.000305165
250	510	0.000296074
250	510	0.000302437
250	510	0.000306360
250	510	0.000306807
250	510	0.000296068
250	510	0.000302366
250	510	0.000302368
250	510	0.000297841
250	510	0.000296023
250	510	0.000302433
250	510	0.000302367
250	510	0.000307967
250	510	0.000330536
250	510	0.000325691
250	510	0.000325696
250	510	0.000345424
250	510	0.000347611
250	510	0.000352783
250	510	0.000362832
250	510	0.000376737
250	510	0.000384894
250	510	0.000396376
250	510	0.000403224
250	510	0.000420203
250	510	0.000454569
250	510	0.000436223
250	510	0.000517583
250	510	0.000543364
250	510	0.000505176
250	510	0.000547290
250	510	0.000528314
250	510	0.000524313
250	510	0.000529244
250	510	0.000535870
250	510	0.000518177
250	510	0.000534828
250	510	0.000529255
250	510	0.000544599
250	510	0.000521328
250	510	0.000523342
250	510	0.000518101
250	510	0.000508674
250	510	0.000521313
250	510	0.000528533
250	510	0.000521414
250	510	0.000529261
250	510	0.000517728
250	510	0.000529289
250	510	0.000493173
250	510	0.000534269
250	510	0.000529271
250	510	0.000539889
250	510	0.000538678
250	510	0.000505566
250	510	0.000532982
250	510	0.000521398
250	510	0.000536260
250	510	0.000514192
250	510	0.000529169
250	510	0.000511791
250	510	0.000498062
250	510	0.000529203
250	510	0.000533448
250	510	0.000554212
250	510	0.000523774
250	510	0.000518020
250	510	0.000537715
250	510	0.000538089
250	510	0.000540212
250	510	0.000536087
250	510	0.000533015
250	510	0.000529264
250	510	0.000529730
250	510	0.000505565
250	510	0.000524952
250	510	0.000528136
250	510	0.000529187
250	510	0.000510879
250	510	0.000496561
250	510	0.000529286
250	510	0.000527434
250	510	0.000529246
250	510	0.000539502
250	510	0.000537865
250	510	0.000529278
250	510	0.000498134
250	600	0.000360945
250	600	0.000357517
250	600	0.000360677
250	600	0.000363803
250	600	0.000360117
250	600	0.000350029
250	600	0.000348003
250	600	0.000355483
250	600	0.000355392
250	600	0.000347885
250	600	0.000347899
250	600	0.000355325
250	600	0.000348049
250	600	0.000347902
250	600	0.000355524
250	600	0.000361510
250	600	0.000371258
250	600	0.000355014
250	600	0.000360667
250	600	0.000361288
250	600	0.000361829
250	600	0.000365301
250	600	0.000357638
250	600	0.000353632
250	600	0.000355425
250	600	0.000347903
250	600	0.000347922
250	600	0.000359192
250	600	0.000426228
250	600	0.000432621
250	600	0.000398109
250	600	0.000398007
250	600	0.000398059
250	600	0.000421982
250	600	0.000449935
250	600	0.000422773
250	600	0.000404453
250	600	0.000402894
250	600	0.000410322
250	600	0.000419414
250	600	0.000414682
250	600	0.000414679
250	600	0.000473938
250	600	0.000473917
250	600	0.000560504
250	600	0.000541307
250	600	0.000578114
250	600	0.000628311
250	600	0.000642673
250	600	0.000621981
250	600	0.000620955
250	600	0.000621941
250	600	0.000630500
250	600	0.000620219
250	600	0.000622034
250	600	0.000620034
250	600	0.000626669
250	600	0.000589933
250	600	0.000631739
250	600	0.000645592
250	600	0.000609854
250	600	0.000619264
250	600	0.000629575
250	600	0.000621907
250	600	0.000494980
250	600	0.000505432
250	600	0.000497526
250	600	0.000629214
250	600	0.000578114
250	600	0.000592060
250	600	0.000585454
250	600	0.000598534
250	600	0.000585462
250	600	0.000594251
250	600	0.000573142
250	600	0.000594840
250	600	0.000621085
250	600	0.000561195
250	600	0.000552827
250	600	0.000591610
250	600	0.000585463
250	600	0.000580164
250	600	0.000621899
250	600	0.000613170
250	600	0.000622089
250	600	0.000607301
250	600	0.000621927
250	600	0.000610513
250	600	0.000622029
250	600	0.000609297
250	600	0.000621867
250	600	0.000630829
250	600	0.000621920
250	600	0.000605596
250	600	0.000622012
250	600	0.000607655
250	600	0.000620390
250	600	0.000652259
250	600	0.000623829
250	600	0.000623569
380	128	0.000114207
380	128	0.000112630
380	128	0.000114185
380	128	0.000114209
380	128	0.000112606
380	128	0.000114183
380	128	0.000112617
380	128	0.000112651
380	128	0.000114228
380	128	0.000114235
380	128	0.000117434
380	128	0.000112669
380	128	0.000114211
380	128	0.000114240
380	128	0.000114222
380	128	0.000118603
380	128	0.000114208
380	128	0.000118347
380	128	0.000114168
380	128	0.000113080
380	128	0.000114223
380	128	0.000114229
380	128	0.000119561
380	128	0.000114238
380	128	0.000114185
380	128	0.000114238
380	128	0.000114205
380	128	0.000114216
380	128	0.000114244
380	128	0.000114188
380	128	0.000114199
380	128	0.000112627
380	128	0.000112620
380	128	0.000114197
380	128	0.000114177
380	128	0.000117825
380	128	0.000114187
380	128	0.000113111
380	128	0.000114248
380	128	0.000114254
380	128	0.000114191
380	128	0.000112635
380	128	0.000114185
380	128	0.000114218
380	128	0.000114237
380	128	0.000128362
380	128	0.000114186
380	128	0.000114200
380	128	0.000120386
380	128	0.000133255
380	128	0.000133229
380	128	0.000133166
380	128	0.000133242
380	128	0.000145402
380	128	0.000145353
380	128	0.000145383
380	128	0.000150102
380	128	0.000158341
380	128	0.000159952
380	128	0.000158335
380	128	0.000159904
380	128	0.000177794
380	128	0.000175220
380	128	0.000177720
380	128	0.000196211
380	128	0.000188136
380	128	0.000188141
380	128	0.000197076
380	128	0.000197099
380	128	0.000199856
380	128	0.000199921
380	128	0.000199790
380	128	0.000185480
380	128	0.000199868
380	128	0.000199895
380	128	0.000208325
380	128	0.000201879
380	128	0.000228950
380	128	0.000199963
380	128	0.000199901
380	128	0.000190221
380	128	0.000197090
380	128	0.000199876
380	128	0.000199848
380	128	0.000199917
380	128	0.000199835
380	128	0.000199849
380	128	0.000197154
380	128	0.000207954
380	128	0.000207857
380	128	0.000235312
380	128	0.000207404
380	128	0.000197814
380	128	0.000199933
380	128	0.000199318
380	128	0.000199873
380	128	0.000197132
380	128	0.000199885
380	128	0.000186216
380	128	0.000199836
380	256	0.000225300
380	256	0.000225321
380	256	0.000225304
380	256	0.000228459
380	256	0.000225333
380	256	0.000225339
380	256	0.000225315
380	256	0.000225344
380	256	0.000230473
380	256	0.000222145
380	256	0.000225303
380	256	0.000225318
380	256	0.000225317
380	256	0.000229987
380	256	0.000225320
380	256	0.000225354
380	256	0.000225746
380	256	0.000232726
380	256	0.000225355
380	256	0.000222123
380	256	0.000229452
380	256	0.000230465
380	256	0.000225333
380	256	0.000225339
380	256	0.000231225
380	256	0.000225324
380	256	0.000225356
380	256	0.000227300
380	256	0.000257871
380	256	0.000260384
380	256	0.000278647
380	256	0.000272254
380	256	0.000271533
380	256	0.000274261
380	256	0.000280768
380	256	0.000300419
380	256	0.000296574
380	256	0.000300365
380	256	0.000312271
380	256	0.000315429
380	256	0.000315548
380	256	0.000350494
380	256	0.000350474
380	256	0.000400999
380	256	0.000394294
380	256	0.000394366
380	256	0.000435257
380	256	0.000394305
380	256	0.000371113
380	256	0.000407419
380	256	0.000394385
380	256	0.000365906
380	256	0.000402294
380	256	0.000394392
380	256	0.000365902
380	256	0.000384477
380	256	0.000404622
380	256	0.000388786
380	256	0.000424879
380	256	0.000388763
380	256	0.000371084
380	256	0.000387601
380	256	0.000379505
380	256	0.000388791
380	256	0.000403914
380	256	0.000394579
380	256	0.000394328
380	256	0.000401755
380	256	0.000384558
380	256	0.000394324
380	256	0.000394321
380	256	0.000380798
380	256	0.000392711
380	256	0.000394354
380	256	0.000391480
380	256	0.000394300
380	256	0.000367369
380	256	0.000406391
380	256	0.000400157
380	256	0.000388733
380	256	0.000394316
380	256	0.000403548
380	256	0.000394352
380	256	0.000373359
380	256	0.000407242
380	256	0.000394352
380	256	0.000365898
380	256	0.000417853
380	256	0.000390401
380	256	0.000394382
380	256	0.000415201
380	256	0.000390350
380	256	0.000394302
380	256	0.000413740
380	256	0.000394602
380	256	0.000394293
380	256	0.000392619
380	256	0.000401967
380	256	0.000394379
380	256	0.000367424
380	380	0.000329599
380	380	0.000332929
380	380	0.000332933
380	380	0.000332974
380	380	0.000332916
380	380	0.000332954
380	380	0.000332993
380	380	0.000332932
380	380	0.000333001
380	380	0.000332983
380	380	0.000328257
380	380	0.000328243
380	380	0.000332936
380	380	0.000332976
380	380	0.000328263
380	380	0.000338553
380	380	0.000337392
380	380	0.000337402
380	380	0.000353609
380	380	0.000328255
380	380	0.000332933
380	380	0.000333014
380	380	0.000328204
380	380	0.000329592
380	380	0.000332967
380	380	0.000338269
380	380	0.000337058
380	380	0.000328180
380	380	0.000333034
380	380	0.000345336
380	380	0.000345273
380	380	0.000340396
380	380	0.000372949
380	380	0.000372955
380	380	0.000372953
380	380	0.000401413
380	380	0.000429879
380	380	0.000427841
380	380	0.000439511
380	380	0.000443979
380	380	0.000444018
380	380	0.000452685
380	380	0.000475129
380	380	0.000517978
380	380	0.000527200
380	380	0.000582688
380	380	0.000569621
380	380	0.000485679
380	380	0.000490670
380	380	0.000498433
380	380	0.000490720
380	380	0.000545544
380	380	0.000612203
380	380	0.000586075
380	380	0.000582663
380	380	0.000553949
380	380	0.000548419
380	380	0.000594428
380	380	0.000574383
380	380	0.000580340
380	380	0.000576847
380	380	0.000582637
380	380	0.000589191
380	380	0.000574405
380	380	0.000579278
380	380	0.000582770
380	380	0.000572348
380	380	0.000574422
380	380	0.000567747
380	380	0.000588032
380	380	0.000612685
380	380	0.000588929
380	380	0.000587984
380	380	0.000591195
380	380	0.000585708
380	380	0.000582761
380	380	0.000586155
380	380	0.000582631
380	380	0.000589740
380	380	0.000574502
380	380	0.000580013
380	380	0.000582724
380	380	0.000552642
380	380	0.000499509
380	380	0.000490701
380	380	0.000490802
380	380	0.000493752
380	380	0.000522685
380	380	0.000466213
380	380	0.000466145
380	380	0.000447677
380	380	0.000447613
380	380	0.000451650
380	380	0.000394274
380	380	0.000396424
380	380	0.000382895
380	380	0.000443920
380	380	0.000443995
380	380	0.000460270
380	380	0.000474298
380	510	0.000445830
380	510	0.000445856
380	510	0.000452960
380	510	0.000447767
380	510	0.000452549
380	510	0.000450890
380	510	0.000450881
380	510	0.000449993
380	510	0.000446500
380	510	0.000451958
380	510	0.000449722
380	510	0.000452155
380	510	0.000451698
380	510	0.000450962
380	510	0.000451633
380	510	0.000445773
380	510	0.000439460
380	510	0.000445804
380	510	0.000445798
380	510	0.000445828
380	510	0.000439440
380	510	0.000445825
380	510	0.000445876
380	510	0.000445854
380	510	0.000445786
380	510	0.000451771
380	510	0.000450790
380	510	0.000450851
380	510	0.000452219
380	510	0.000445449
380	510	0.000450576
380	510	0.000451050
380	510	0.000498801
380	510	0.000452171
380	510	0.000451007
380	510	0.000458356
380	510	0.000480133
380	510	0.000480188
380	510	0.000479389
380	510	0.000445774
380	510	0.000445826
380	510	0.000460740
380	510	0.000499309
380	510	0.000505917
380	510	0.000484706
380	510	0.000485226
380	510	0.000482270
380	510	0.000585914
380	510	0.000607726
380	510	0.000598815
380	510	0.000585903
380	510	0.000624783
380	510	0.000594496
380	510	0.000744322
380	510	0.000738917
380	510	0.000734268
380	510	0.000752701
380	510	0.000700273
380	510	0.000700406
380	510	0.000717026
380	510	0.000704789
380	510	0.000629247
380	510	0.000632935
380	510	0.000594484
380	510	0.000601334
380	510	0.000593904
380	510	0.000594390
380	510	0.000592513
380	510	0.000607155
380	510	0.000569551
380	510	0.000575468
380	510	0.000573353
380	510	0.000594480
380	510	0.000616454
380	510	0.000664702
380	510	0.000662564
380	510	0.000645068
380	510	0.000624150
380	510	0.000552269
380	510	0.000545158
380	510	0.000525799
380	510	0.000485141
380	510	0.000486752
380	510	0.000480145
380	510	0.000480096
380	510	0.000480101
380	510	0.000470885
380	510	0.000445849
380	510	0.000439431
380	510	0.000462348
380	510	0.000468706
380	510	0.000477318
380	510	0.000525902
380	510	0.000525731
380	510	0.000520201
380	510	0.000520100
380	510	0.000520174
380	510	0.000577014
380	510	0.000567460
380	510	0.000598865
380	600	0.000529225
380	600	0.000524063
380	600	0.000523991
380	600	0.000529604
380	600	0.000530347
380	600	0.000536390
380	600	0.000523968
380	600	0.000523920
380	600	0.000523977
380	600	0.000522675
380	600	0.000528743
380	600	0.000529906
380	600	0.000527627
380	600	0.000516436
380	600	0.000523967
380	600	0.000524017
380	600	0.000523997
380	600	0.000529609
380	600	0.000548339
380	600	0.000549424
380	600	0.000550117
380	600	0.000586875
380	600	0.000595284
380	600	0.000723024
380	600	0.000735398
380	600	0.000727768
380	600	0.000752438
380	600	0.000737788
380	600	0.000723061
380	600	0.000704812
380	600	0.000733613
380	600	0.000822889
380	600	0.000857141
380	600	0.000871645
380	600	0.000856638
380	600	0.000814569
380	600	0.000793266
380	600	0.000776514
380	600	0.000782310
380	600	0.000741819
380	600	0.000726224
380	600	0.000748291
380	600	0.000726998
380	600	0.000741887
380	600	0.000739809
380	600	0.000698701
380	600	0.000714023
380	600	0.000548257
380	600	0.000543438
380	600	0.000543436
380	600	0.000543296
380	600	0.000553850
380	600	0.000587671
380	600	0.000586912
380	600	0.000683648
380	600	0.000825810
380	600	0.000759216
380	600	0.000733650
380	600	0.000912127
380	600	0.000901535
380	600	0.000916018
380	600	0.000925451
380	600	0.000924592
380	600	0.000923182
380	600	0.000907360
380	600	0.000888742
380	600	0.000869943
380	600	0.000870961
380	600	0.000821349
380	600	0.000892662
380	600	0.000918523
380	600	0.000909964
380	600	0.000867641
380	600	0.000868778
380	600	0.000916007
380	600	0.000900616
380	600	0.000869902
380	600	0.000920081
380	600	0.000922432
380	600	0.000923624
380	600	0.000927396
380	600	0.000926169
380	600	0.000919072
380	600	0.000924851
380	600	0.000941579
380	600	0.000889105
380	600	0.000896038
380	600	0.000913543
380	600	0.000904630
380	600	0.000867357
380	600	0.000863069
380	600	0.000934028
380	600	0.000905089
380	600	0.000916310
380	600	0.000911754
380	600	0.000928002
380	600	0.000926173
380	600	0.000922852
380	600	0.000923477
380	600	0.000920874
510	128	0.000156720
510	128	0.000151009
510	128	0.000150969
510	128	0.000149410
510	128	0.000155759
510	128	0.000149396
510	128	0.000149854
510	128	0.000150967
510	128	0.000155881
510	128	0.000150977
510	128	0.000149389
510	128	0.000149831
510	128	0.000149835
510	128	0.000150986
510	128	0.000150948
510	128	0.000156494
510	128	0.000151009
510	128	0.000150970
510	128	0.000159559
510	128	0.000150947
510	128	0.000150973
510	128	0.000154668
510	128	0.000149412
510	128	0.000150970
510	128	0.000154597
510	128	0.000150980
510	128	0.000150985
510	128	0.000156574
510	128	0.000156575
510	128	0.000156547
510	128	0.000156554
510	128	0.000173709
510	128	0.000156568
510	128	0.000156542
510	128	0.000156572
510	128	0.000181700
510	128	0.000176116
510	128	0.000174839
510	128	0.000174318
510	128	0.000187404
510	128	0.000181882
510	128	0.000183408
510	128	0.000183780
510	128	0.000181898
510	128	0.000181843
510	128	0.000189947
510	128	0.000211351
510	128	0.000211396
510	128	0.000211362
510	128	0.000206490
510	128	0.000199201
510	128	0.000199292
510	128	0.000201357
510	128	0.000222499
510	128	0.000228291
510	128	0.000228725
510	128	0.000226272
510	128	0.000231578
510	128	0.000231204
510	128	0.000255859
510	128	0.000258213
510	128	0.000248653
510	128	0.000246819
510	128	0.000248663
510	128	0.000263523
510	128	0.000264212
510	128	0.000273464
510	128	0.000264214
510	128	0.000264174
510	128	0.000264215
510	128	0.000264220
510	128	0.000267369
510	128	0.000273569
510	128	0.000264215
510	128	0.000264230
510	128	0.000264236
510	128	0.000248675
510	128	0.000273880
510	128	0.000262071
510	128	0.000264196
510	128	0.000264206
510	128	0.000264187
510	128	0.000313793
510	128	0.000264315
510	128	0.000262227
510	128	0.000264198
510	128	0.000272882
510	128	0.000264215
510	128	0.000264227
510	128	0.000248658
510	128	0.000256789
510	128	0.000274418
510	128	0.000264214
510	128	0.000264193
510	128	0.000264267
510	128	0.000248614
510	128	0.000248667
510	128	0.000264220
510	128	0.000262570
510	128	0.000261412
510	256	0.000294686
510	256	0.000295560
510	256	0.000297811
510	256	0.000297849
510	256	0.000297806
510	256	0.000304131
510	256	0.000301481
510	256	0.000305439
510	256	0.000294672
510	256	0.000297807
510	256	0.000294630
510	256	0.000297882
510	256	0.000302336
510	256	0.000303758
510	256	0.000297871
510	256	0.000297829
510	256	0.000297835
510	256	0.000297833
510	256	0.000312662
510	256	0.000300761
510	256	0.000297864
510	256	0.000294674
510	256	0.000297853
510	256	0.000297856
510	256	0.000303472
510	256	0.000300145
510	256	0.000297854
510	256	0.000297869
510	256	0.000297879
510	256	0.000297828
510	256	0.000297835
510	256	0.000297837
510	256	0.000317930
510	256	0.000302088
510	256	0.000309800
510	256	0.000320749
510	256	0.000320767
510	256	0.000341258
510	256	0.000347451
510	256	0.000347453
510	256	0.000363387
510	256	0.000375027
510	256	0.000385016
510	256	0.000403498
510	256	0.000418153
510	256	0.000397067
510	256	0.000416976
510	256	0.000416938
510	256	0.000447078
510	256	0.000445793
510	256	0.000438924
510	256	0.000523630
510	256	0.000505367
510	256	0.000515644
510	256	0.000501567
510	256	0.000515598
510	256	0.000520827
510	256	0.000517205
510	256	0.000526656
510	256	0.000500548
510	256	0.000490485
510	256	0.000529056
510	256	0.000515576
510	256	0.000531993
510	256	0.000521217
510	256	0.000515824
510	256	0.000521182
510	256	0.000523509
510	256	0.000490557
510	256	0.000498720
510	256	0.000526831
510	256	0.000560354
510	256	0.000589147
510	256	0.000496937
510	256	0.000536447
510	256	0.000490523
510	256	0.000522686
510	256	0.000521202
510	256	0.000501853
510	256	0.000521177
510	256	0.000515090
510	256	0.000494479
510	256	0.000490552
510	256	0.000507559
510	256	0.000515655
510	256	0.000502220
510	256	0.000534989
510	256	0.000521262
510	256	0.000515015
510	256	0.000463295
510	256	0.000466470
510	256	0.000471808
510	256	0.000470466
510	256	0.000463266
510	256	0.000469567
510	256	0.000458394
510	256	0.000498843
510	256	0.000496697
510	256	0.000521191
510	256	0.000502242
510	380	0.000440096
510	380	0.000440143
510	380	0.000440145
510	380	0.000435366
510	380	0.000436679
510	380	0.000450435
510	380	0.000440627
510	380	0.000444889
510	380	0.000445090
510	380	0.000455213
510	380	0.000436704
510	380	0.000445466
510	380	0.000444816
510	380	0.000445230
510	380	0.000435676
510	380	0.000435343
510	380	0.000440080
510	380	0.000440142
510	380	0.000436720
510	380	0.000440121
510	380	0.000446427
510	380	0.000467345
510	380	0.000495293
510	380	0.000497806
510	380	0.000619355
510	380	0.000616161
510	380	0.000729613
510	380	0.000778554
510	380	0.000729889
510	380	0.000770193
510	380	0.000776925
510	380	0.000767246
510	380	0.000778066
510	380	0.000729063
510	380	0.000773455
510	380	0.000761915
510	380	0.000766395
510	380	0.000761326
510	380	0.000772585
510	380	0.000758467
510	380	0.000789001
510	380	0.000764260
510	380	0.000888661
510	380	0.000776267
510	380	0.000794157
510	380	0.000780227
510	380	0.000735433
510	380	0.000733750
510	380	0.000748893
510	380	0.000785821
510	380	0.000732583
510	380	0.000776846
510	380	0.000761846
510	380	0.000773699
510	380	0.000757832
510	380	0.000770145
510	380	0.000759913
510	380	0.000770884
510	380	0.000768169
510	380	0.000769131
510	380	0.000724841
510	380	0.000767753
510	380	0.000765935
510	380	0.000768113
510	380	0.000719281
510	380	0.000781520
510	380	0.000770669
510	380	0.000794054
510	380	0.000769850
510	380	0.000770193
510	380	0.000788358
510	380	0.000747795
510	380	0.000771087
510	380	0.000768996
510	380	0.000732291
510	380	0.000776430
510	380	0.000778406
510	380	0.000768280
510	380	0.000769674
510	380	0.000765449
510	380	0.000764202
510	380	0.000756896
510	380	0.000779039
510	380	0.000768782
510	380	0.000762260
510	380	0.000748479
510	380	0.000764321
510	380	0.000786923
510	380	0.000775143
510	380	0.000765672
510	380	0.000779648
510	380	0.000777974
510	380	0.000779157
510	380	0.000726021
510	380	0.000782445
510	380	0.000770725
510	380	0.000736432
510	380	0.000740129
510	380	0.000781255
510	380	0.000779119
510	510	0.000593761
510	510	0.000589249
510	510	0.000582876
510	510	0.000594026
510	510	0.000592003
510	510	0.000589269
510	510	0.000589273
510	510	0.000594119
510	510	0.000595045
510	510	0.000594421
510	510	0.000589246
510	510	0.000582880
510	510	0.000590476
510	510	0.000594499
510	510	0.000589251
510	510	0.000589253
510	510	0.000596248
510	510	0.000591236
510	510	0.000595336
510	510	0.000584755
510	510	0.000589300
510	510	0.000596452
510	510	0.000594037
510	510	0.000589272
510	510	0.000589309
510	510	0.000741532
510	510	0.000711847
510	510	0.000751349
510	510	0.000749929
510	510	0.000753791
510	510	0.000769525
510	510	0.000757189
510	510	0.000755945
510	510	0.000756026
510	510	0.000756865
510	510	0.000757074
510	510	0.000770270
510	510	0.000757524
510	510	0.000756876
510	510	0.000756448
510	510	0.000758929
510	510	0.000749913
510	510	0.000761801
510	510	0.000757806
510	510	0.000769593
510	510	0.000866026
510	510	0.000873116
510	510	0.000868334
510	510	0.001020515
510	510	0.000978855
510	510	0.001030086
510	510	0.001009373
510	510	0.000975773
510	510	0.000894168
510	510	0.000878664
510	510	0.000872438
510	510	0.000904884
510	510	0.000927008
510	510	0.000980249
510	510	0.001003124
510	510	0.001040774
510	510	0.001024965
510	510	0.001035941
510	510	0.001034849
510	510	0.001027202
510	510	0.000983865
510	510	0.001032319
510	510	0.000976585
510	510	0.001016925
510	510	0.001029882
510	510	0.001030272
510	510	0.000981713
510	510	0.001058062
510	510	0.001036005
510	510	0.001032334
510	510	0.001022538
510	510	0.001053982
510	510	0.001039733
510	510	0.001039109
510	510	0.000979729
510	510	0.001026751
510	510	0.001024334
510	510	0.001024696
510	510	0.001032099
510	510	0.001036209
510	510	0.001044388
510	510	0.000975922
510	510	0.001031476
510	510	0.001047302
510	510	0.001036405
510	510	0.000988063
510	510	0.001038785
510	510	0.001018764
510	510	0.001021587
510	510	0.001024200
510	510	0.001038215
510	510	0.001022792
510	510	0.001018910
510	510	0.001041009
510	510	0.001021778
510	600	0.000697430
510	600	0.000698719
510	600	0.000697889
510	600	0.000687147
510	600	0.000700160
510	600	0.000697699
510	600	0.000692552
510	600	0.000691824
510	600	0.000703681
510	600	0.000692582
510	600	0.000700530
510	600	0.000698183
510	600	0.000695999
510	600	0.000695712
510	600	0.000692471
510	600	0.000698220
510	600	0.000721697
510	600	0.000718144
510	600	0.000720003
510	600	0.000725127
510	600	0.000827650
510	600	0.000923398
510	600	0.001154976
510	600	0.001184885
510	600	0.001179807
510	600	0.001219229
510	600	0.001084318
510	600	0.001161675
510	600	0.001192575
510	600	0.001145603
510	600	0.001169160
510	600	0.001174317
510	600	0.001171038
510	600	0.001074514
510	600	0.001144921
510	600	0.001213622
510	600	0.001210437
510	600	0.001184463
510	600	0.001145531
510	600	0.001167186
510	600	0.001211221
510	600	0.001208715
510	600	0.001145935
510	600	0.001158743
510	600	0.001215948
510	600	0.001144232
510	600	0.001026552
510	600	0.001031420
510	600	0.001081752
510	600	0.001208717
510	600	0.001073136
510	600	0.000975637
510	600	0.000975135
510	600	0.000960189
510	600	0.000921509
510	600	0.000904367
510	600	0.000891667
510	600	0.000850209
510	600	0.000848840
510	600	0.000889847
510	600	0.000889711
510	600	0.000885801
510	600	0.000886021
510	600	0.000888224
510	600	0.000977092
510	600	0.000976037
510	600	0.000932024
510	600	0.001063455
510	600	0.001155070
510	600	0.001133528
510	600	0.001160200
510	600	0.001160656
510	600	0.001153195
510	600	0.001145532
510	600	0.001079306
510	600	0.001117853
510	600	0.001207116
510	600	0.001216190
510	600	0.001179130
510	600	0.001145707
510	600	0.001218053
510	600	0.001220688
510	600	0.001145604
510	600	0.001142203
510	600	0.001168869
510	600	0.001144341
510	600	0.001220865
510	600	0.001206139
510	600	0.001210779
510	600	0.001144216
510	600	0.001174741
510	600	0.001190519
510	600	0.001137793
510	600	0.001167647
510	600	0.001140668
510	600	0.001137978
510	600	0.001157003
510	600	0.001137001
510	600	0.001189005
510	600	0.001168798
600	128	0.000177784
600	128	0.000177794
600	128	0.000175294
600	128	0.000177769
600	128	0.000177754
600	128	0.000177765
600	128	0.000184330
600	128	0.000177770
600	128	0.000174876
600	128	0.000183606
600	128	0.000177774
600	128	0.000175307
600	128	0.000182694
600	128	0.000177764
600	128	0.000177741
600	128	0.000177814
600	128	0.000181998
600	128	0.000177796
600	128	0.000177783
600	128	0.000185516
600	128	0.000177818
600	128	0.000177766
600	128	0.000177781
600	128	0.000177739
600	128	0.000174855
600	128	0.000224668
600	128	0.000183411
600	128	0.000177793
600	128	0.000177781
600	128	0.000183196
600	128	0.000177767
600	128	0.000177768
600	128	0.000177770
600	128	0.000177769
600	128	0.000199073
600	128	0.000195870
600	128	0.000199101
600	128	0.000203464
600	128	0.000199103
600	128	0.000199062
600	128	0.000199131
600	128	0.000202967
600	128	0.000216437
600	128	0.000216401
600	128	0.000216404
600	128	0.000212850
600	128	0.000216695
600	128	0.000221027
600	128	0.000216433
600	128	0.000214349
600	128	0.000207394
600	128	0.000207419
600	128	0.000207405
600	128	0.000237022
600	128	0.000244024
600	128	0.000244468
600	128	0.000271144
600	128	0.000265432
600	128	0.000262003
600	128	0.000248898
600	128	0.000255511
600	128	0.000254843
600	128	0.000292796
600	128	0.000292860
600	128	0.000290257
600	128	0.000292804
600	128	0.000311070
600	128	0.000319187
600	128	0.000306022
600	128	0.000311132
600	128	0.000318695
600	128	0.000287964
600	128	0.000311099
600	128	0.000288792
600	128	0.000306004
600	128	0.000323150
600	128	0.000311074
600	128	0.000311080
600	128	0.000323464
600	128	0.000322426
600	128	0.000305954
600	128	0.000306794
600	128	0.000305977
600	128	0.000305245
600	128	0.000292891
600	128	0.000312231
600	128	0.000311113
600	128	0.000292792
600	128	0.000323451
600	128	0.000294111
600	128	0.000311087
600	128	0.000306803
600	128	0.000287995
600	128	0.000346102
600	128	0.000297632
600	128	0.000311109
600	128	0.000306768
600	128	0.000312519
600	128	0.000308026
600	128	0.000305984
600	256	0.000350711
600	256	0.000350777
600	256	0.000350770
600	256	0.000350777
600	256	0.000350747
600	256	0.000350756
600	256	0.000350737
600	256	0.000350773
600	256	0.000350739
600	256	0.000344853
600	256	0.000350751
600	256	0.000350736
600	256	0.000344868
600	256	0.000350751
600	256	0.000344849
600	256	0.000350755
600	256	0.000350717
600	256	0.000426950
600	256	0.000426972
600	256	0.000546339
600	256	0.000545582
600	256	0.000638925
600	256	0.000603459
600	256	0.000605451
600	256	0.000613792
600	256	0.000621071
600	256	0.000613780
600	256	0.000624999
600	256	0.000598715
600	256	0.000613802
600	256	0.000601642
600	256	0.000613784
600	256	0.000623381
600	256	0.000605036
600	256	0.000611087
600	256	0.000603484
600	256	0.000621494
600	256	0.000622160
600	256	0.000613748
600	256	0.000607414
600	256	0.000592392
600	256	0.000550945
600	256	0.000537903
600	256	0.000551900
600	256	0.000552684
600	256	0.000621423
600	256	0.000613803
600	256	0.000620789
600	256	0.000605027
600	256	0.000607085
600	256	0.000605088
600	256	0.000587424
600	256	0.000629866
600	256	0.000567908
600	256	0.000595773
600	256	0.000613801
600	256	0.000610527
600	256	0.000620312
600	256	0.000580900
600	256	0.000607503
600	256	0.000570471
600	256	0.000601309
600	256	0.000613780
600	256	0.000582407
600	256	0.000613824
600	256	0.000625111
600	256	0.000613854
600	256	0.000596436
600	256	0.000613754
600	256	0.000620673
600	256	0.000642021
600	256	0.000603528
600	256	0.000617953
600	256	0.000619543
600	256	0.000619441
600	256	0.000638610
600	256	0.000613801
600	256	0.000618840
600	256	0.000613532
600	256	0.000616401
600	256	0.000591363
600	256	0.000613808
600	256	0.000582033
600	256	0.000613758
600	256	0.000639533
600	256	0.000584425
600	256	0.000618054
600	256	0.000619985
600	256	0.000584758
600	256	0.000610248
600	256	0.000613775
600	256	0.000603521
600	256	0.000643798
600	256	0.000613801
600	256	0.000576233
600	256	0.000613800
600	256	0.000596814
600	256	0.000614671
600	256	0.000615275
600	256	0.000613850
600	380	0.000521339
600	380	0.000509511
600	380	0.000518348
600	380	0.000518341
600	380	0.000523023
600	380	0.000529456
600	380	0.000523343
600	380	0.000518363
600	380	0.000518305
600	380	0.000518301
600	380	0.000528176
600	380	0.000514997
600	380	0.000523513
600	380	0.000518319
600	380	0.000509517
600	380	0.000518305
600	380	0.000523603
600	380	0.000526410
600	380	0.000524154
600	380	0.000509522
600	380	0.000518275
600	380	0.000574171
600	380	0.000563129
600	380	0.000562371
600	380	0.000742102
600	380	0.000731591
600	380	0.000695134
600	380	0.000775332
600	380	0.000851727
600	380	0.000935198
600	380	0.000902679
600	380	0.000912384
600	380	0.000865301
600	380	0.000861883
600	380	0.000817312
600	380	0.000813070
600	380	0.000859478
600	380	0.000869183
600	380	0.000902890
600	380	0.000910014
600	380	0.000887873
600	380	0.000859100
600	380	0.000827294
600	380	0.000806260
600	380	0.000770335
600	380	0.000783522
600	380	0.000809530
600	380	0.000814872
600	380	0.000812976
600	380	0.000911378
600	380	0.000915332
600	380	0.000890800
600	380	0.000718062
600	380	0.000729623
600	380	0.000887289
600	380	0.000904199
600	380	0.000936312
600	380	0.000889810
600	380	0.000861762
600	380	0.000770238
600	380	0.000790582
600	380	0.000898913
600	380	0.000899430
600	380	0.000841496
600	380	0.000896666
600	380	0.000891927
600	380	0.000886383
600	380	0.000888371
600	380	0.000899618
600	380	0.000888068
600	380	0.000912687
600	380	0.000901182
600	380	0.000857280
600	380	0.000913057
600	380	0.000860557
600	380	0.000908316
600	380	0.000886962
600	380	0.000913500
600	380	0.000914772
600	380	0.000912681
600	380	0.000983223
600	380	0.000904965
600	380	0.000905640
600	380	0.000771951
600	380	0.000768262
600	380	0.000806240
600	380	0.000812071
600	380	0.000869209
600	380	0.000909490
600	380	0.000915764
600	380	0.000930064
600	380	0.000914536
600	380	0.000904492
600	380	0.000888363
600	380	0.000886840
600	380	0.000907764
600	380	0.000918573
600	380	0.000885328
600	380	0.000915975
600	380	0.000860471
600	510	0.000698285
600	510	0.000700457
600	510	0.000694009
600	510	0.000699123
600	510	0.000693954
600	510	0.000705016
600	510	0.000701386
600	510	0.000693987
600	510	0.000687375
600	510	0.000709904
600	510	0.000693982
600	510	0.000690862
600	510	0.000704207
600	510	0.000682168
600	510	0.000696131
600	510	0.000712290
600	510	0.000694001
600	510	0.000699290
600	510	0.000711708
600	510	0.000693963
600	510	0.000699805
600	510	0.000714427
600	510	0.000682234
600	510	0.000698281
600	510	0.000704857
600	510	0.000693989
600	510	0.000703109
600	510	0.000694599
600	510	0.000697712
600	510	0.000696681
600	510	0.000739798
600	510	0.000685833
600	510	0.000702099
600	510	0.000684030
600	510	0.000686559
600	510	0.000701004
600	510	0.000694026
600	510	0.000699002
600	510	0.000701217
600	510	0.000709796
600	510	0.000815008
600	510	0.000875459
600	510	0.000892943
600	510	0.000850383
600	510	0.000836909
600	510	0.000846696
600	510	0.000870046
600	510	0.000809700
600	510	0.000817763
600	510	0.000809684
600	510	0.000805004
600	510	0.000781061
600	510	0.000784101
600	510	0.000886685
600	510	0.000892801
600	510	0.000935483
600	510	0.000991730
600	510	0.000979427
600	510	0.001248915
600	510	0.001086550
600	510	0.001122037
600	510	0.001149725
600	510	0.001190849
600	510	0.001152050
600	510	0.001198243
600	510	0.001144376
600	510	0.001134735
600	510	0.001232786
600	510	0.001212936
600	510	0.001211052
600	510	0.001173269
600	510	0.001222592
600	510	0.001231525
600	510	0.001177875
600	510	0.001221778
600	510	0.001210724
600	510	0.001133061
600	510	0.001148333
600	510	0.001223933
600	510	0.001216342
600	510	0.001190491
600	510	0.001179845
600	510	0.001222709
600	510	0.001151449
600	510	0.001117879
600	510	0.001028028
600	510	0.000976458
600	510	0.000986908
600	510	0.001028197
600	510	0.001076524
600	510	0.001068492
600	510	0.001018432
600	510	0.000933815
600	510	0.000932952
600	510	0.001188139
600	510	0.001224226
600	510	0.001147484
600	510	0.001222443
600	510	0.001244366
600	510	0.001179506
600	600	0.000822448
600	600	0.000815564
600	600	0.000820935
600	600	0.000815554
600	600	0.000821102
600	600	0.000820440
600	600	0.000830579
600	600	0.000818554
600	600	0.000821831
600	600	0.000850645
600	600	0.000887888
600	600	0.001040663
600	600	0.001094849
600	600	0.001347579
600	600	0.001425539
600	600	0.001389764
600	600	0.001390223
600	600	0.001252260
600	600	0.001346553
600	600	0.001148754
600	600	0.001228566
600	600	0.001280103
600	600	0.000965623
600	600	0.001002138
600	600	0.001044469
600	600	0.001084520
600	600	0.001091147
600	600	0.000820510
600	600	0.000820438
600	600	0.000859976
600	600	0.000850035
600	600	0.000838208
600	600	0.000923569
600	600	0.000996375
600	600	0.000970611
600	600	0.000954020
600	600	0.000955697
600	600	0.000943883
600	600	0.000845852
600	600	0.000851037
600	600	0.000847880
600	600	0.000845063
600	600	0.000808929
600	600	0.000818973
600	600	0.000815668
600	600	0.000819170
600	600	0.000815603
600	600	0.000822047
600	600	0.000916555
600	600	0.000885571
600	600	0.000815588
600	600	0.000828433
600	600	0.000819937
600	600	0.000834213
600	600	0.000851768
600	600	0.000808677
600	600	0.000855464
600	600	0.000819019
600	600	0.000821807
600	600	0.000820251
600	600	0.000998834
600	600	0.000993384
600	600	0.000945192
600	600	0.000905873
600	600	0.000893536
600	600	0.000882795
600	600	0.000878352
600	600	0.000857118
600	600	0.000849017
600	600	0.000821734
600	600	0.000803884
600	600	0.000849495
600	600	0.000848255
600	600	0.000850104
600	600	0.000854598
600	600	0.000859233
600	600	0.000848576
600	600	0.000825827
600	600	0.000815619
600	600	0.000816675
600	600	0.000817708
600	600	0.000915755
600	600	0.000922869
600	600	0.000865728
600	600	0.000873903
600	600	0.000849371
600	600	0.000851805
600	600	0.000831470
600	600	0.000854934
600	600	0.000835047
600	600	0.000866166
600	600	0.000835418
600	600	0.000853469
600	600	0.000836613
600	600	0.000892645
600	600	0.001002491
600	600	0.000989119
600	600	0.000996915
600	600	0.001029473
600	600	0.001084798
