120	128	0.000005285
120	128	0.000005270
120	128	0.000004966
120	128	0.000004954
120	128	0.000004984
120	128	0.000005260
120	128	0.000004885
120	128	0.000005291
120	128	0.000004916
120	128	0.000004960
120	128	0.000005310
120	128	0.000004953
120	128	0.000004914
120	128	0.000004934
120	128	0.000004980
120	128	0.000005298
120	128	0.000004939
120	128	0.000004939
120	128	0.000004982
120	128	0.000004982
120	128	0.000005013
120	128	0.000004958
120	128	0.000005295
120	128	0.000004926
120	128	0.000004847
120	128	0.000004949
120	128	0.000005240
120	128	0.000004923
120	128	0.000004966
120	128	0.000004929
120	128	0.000004969
120	128	0.000004966
120	128	0.000006221
120	128	0.000006187
120	128	0.000006181
120	128	0.000005807
120	128	0.000005799
120	128	0.000006604
120	128	0.000006573
120	128	0.000007118
120	128	0.000006612
120	128	0.000007015
120	128	0.000006564
120	128	0.000006594
120	128	0.000006627
120	128	0.000006582
120	128	0.000008676
120	128	0.000008645
120	128	0.000009208
120	128	0.000008624
120	128	0.000008691
120	128	0.000009253
120	128	0.000008678
120	128	0.000008654
120	128	0.000008692
120	128	0.000008589
120	128	0.000009210
120	128	0.000009218
120	128	0.000009336
120	128	0.000008737
120	128	0.000008663
120	128	0.000008680
120	128	0.000008711
120	128	0.000008667
120	128	0.000008692
120	128	0.000008588
120	128	0.000008636
120	128	0.000008679
120	128	0.000009158
120	128	0.000008707
120	128	0.000008693
120	128	0.000009258
120	128	0.000008544
120	128	0.000008691
120	128	0.000019993
120	128	0.000008826
120	128	0.000027095
120	128	0.000008196
120	128	0.000009176
120	128	0.000008654
120	128	0.000008573
120	128	0.000009242
120	128	0.000008598
120	128	0.000008713
120	128	0.000009244
120	128	0.000009273
120	128	0.000009246
120	128	0.000008659
120	128	0.000008709
120	128	0.000008747
120	128	0.000009227
120	128	0.000009286
120	128	0.000008661
120	128	0.000009218
120	128	0.000009273
120	128	0.000008628
120	128	0.000009262
120	128	0.000008115
120	128	0.000009310
120	128	0.000008758
120	256	0.000010620
120	256	0.000011350
120	256	0.000011339
120	256	0.000010622
120	256	0.000011346
120	256	0.000010693
120	256	0.000010688
120	256	0.000011355
120	256	0.000010651
120	256	0.000010623
120	256	0.000010643
120	256	0.000011387
120	256	0.000010658
120	256	0.000010650
120	256	0.000010644
120	256	0.000010653
120	256	0.000010663
120	256	0.000010671
120	256	0.000010710
120	256	0.000010704
120	256	0.000011450
120	256	0.000010621
120	256	0.000011371
120	256	0.000010652
120	256	0.000010720
120	256	0.000010659
120	256	0.000011428
120	256	0.000011495
120	256	0.000012231
120	256	0.000011485
120	256	0.000011464
120	256	0.000012215
120	256	0.000014238
120	256	0.000010685
120	256	0.000010621
120	256	0.000010712
120	256	0.000011395
120	256	0.000010669
120	256	0.000010643
120	256	0.000010351
120	256	0.000010647
120	256	0.000010665
120	256	0.000010396
120	256	0.000010673
120	256	0.000010670
120	256	0.000011387
120	256	0.000010648
120	256	0.000010646
120	256	0.000010662
120	256	0.000010664
120	256	0.000010662
120	256	0.000010646
120	256	0.000010672
120	256	0.000010668
120	256	0.000010588
120	256	0.000010653
120	256	0.000010692
120	256	0.000010738
120	256	0.000010657
120	256	0.000010620
120	256	0.000010655
120	256	0.000011402
120	256	0.000010639
120	256	0.000010711
120	256	0.000010639
120	256	0.000010643
120	256	0.000010653
120	256	0.000011346
120	256	0.000010680
120	256	0.000010678
120	256	0.000011374
120	256	0.000010648
120	256	0.000011374
120	256	0.000011377
120	256	0.000010632
120	256	0.000010664
120	256	0.000010671
120	256	0.000011348
120	256	0.000011353
120	256	0.000010674
120	256	0.000010747
120	256	0.000010624
120	256	0.000010663
120	256	0.000010691
120	256	0.000010675
120	256	0.000010665
120	256	0.000010715
120	256	0.000010653
120	256	0.000010698
120	256	0.000011402
120	256	0.000010629
120	256	0.000010657
120	256	0.000011367
120	256	0.000010651
120	256	0.000011352
120	256	0.000010378
120	256	0.000010685
120	256	0.000010627
120	256	0.000011347
120	256	0.000011330
120	380	0.000014736
120	380	0.000014689
120	380	0.000016034
120	380	0.000014674
120	380	0.000015757
120	380	0.000015765
120	380	0.000014737
120	380	0.000015766
120	380	0.000014727
120	380	0.000014792
120	380	0.000015752
120	380	0.000014721
120	380	0.000014722
120	380	0.000014725
120	380	0.000014762
120	380	0.000014726
120	380	0.000015765
120	380	0.000014697
120	380	0.000015768
120	380	0.000015737
120	380	0.000014636
120	380	0.000014740
120	380	0.000015834
120	380	0.000014447
120	380	0.000014708
120	380	0.000015734
120	380	0.000015737
120	380	0.000014694
120	380	0.000014707
120	380	0.000014706
120	380	0.000014744
120	380	0.000014738
120	380	0.000014699
120	380	0.000014660
120	380	0.000015747
120	380	0.000014719
120	380	0.000015812
120	380	0.000015802
120	380	0.000014735
120	380	0.000015796
120	380	0.000014799
120	380	0.000014750
120	380	0.000014734
120	380	0.000014432
120	380	0.000015750
120	380	0.000014722
120	380	0.000014736
120	380	0.000014700
120	380	0.000014679
120	380	0.000014685
120	380	0.000014695
120	380	0.000014772
120	380	0.000014684
120	380	0.000014728
120	380	0.000014696
120	380	0.000014743
120	380	0.000015770
120	380	0.000015770
120	380	0.000014734
120	380	0.000014773
120	380	0.000020791
120	380	0.000014478
120	380	0.000018834
120	380	0.000014736
120	380	0.000014707
120	380	0.000014723
120	380	0.000014822
120	380	0.000014715
120	380	0.000014691
120	380	0.000014732
120	380	0.000014698
120	380	0.000014765
120	380	0.000014735
120	380	0.000014657
120	380	0.000014698
120	380	0.000014718
120	380	0.000014720
120	380	0.000014745
120	380	0.000014735
120	380	0.000014736
120	380	0.000014766
120	380	0.000014727
120	380	0.000014744
120	380	0.000015501
120	380	0.000014682
120	380	0.000014744
120	380	0.000014403
120	380	0.000015785
120	380	0.000015772
120	380	0.000015798
120	380	0.000014712
120	380	0.000015790
120	380	0.000014683
120	380	0.000014627
120	380	0.000014693
120	380	0.000014719
120	380	0.000014934
120	380	0.000014831
120	380	0.000014719
120	380	0.000014698
120	510	0.000020678
120	510	0.000019243
120	510	0.000019235
120	510	0.000020668
120	510	0.000019277
120	510	0.000020685
120	510	0.000020682
120	510	0.000024059
120	510	0.000020680
120	510	0.000019248
120	510	0.000019290
120	510	0.000019209
120	510	0.000019254
120	510	0.000025583
120	510	0.000019258
120	510	0.000019251
120	510	0.000019218
120	510	0.000019295
120	510	0.000019286
120	510	0.000019228
120	510	0.000019216
120	510	0.000019252
120	510	0.000019259
120	510	0.000019243
120	510	0.000019285
120	510	0.000020780
120	510	0.000019201
120	510	0.000019261
120	510	0.000019217
120	510	0.000020705
120	510	0.000020741
120	510	0.000019261
120	510	0.000024202
120	510	0.000020725
120	510	0.000019226
120	510	0.000019255
120	510	0.000019300
120	510	0.000019266
120	510	0.000020722
120	510	0.000020677
120	510	0.000019277
120	510	0.000024108
120	510	0.000022514
120	510	0.000024212
120	510	0.000024167
120	510	0.000022425
120	510	0.000023478
120	510	0.000023378
120	510	0.000023434
120	510	0.000023493
120	510	0.000029868
120	510	0.000023772
120	510	0.000025307
120	510	0.000027608
120	510	0.000025713
120	510	0.000025662
120	510	0.000019250
120	510	0.000019225
120	510	0.000025655
120	510	0.000020663
120	510	0.000019275
120	510	0.000019254
120	510	0.000019264
120	510	0.000019207
120	510	0.000019291
120	510	0.000019269
120	510	0.000019279
120	510	0.000019274
120	510	0.000019243
120	510	0.000019223
120	510	0.000019260
120	510	0.000019286
120	510	0.000019239
120	510	0.000019246
120	510	0.000019221
120	510	0.000019228
120	510	0.000019215
120	510	0.000019253
120	510	0.000019281
120	510	0.000019245
120	510	0.000019350
120	510	0.000019175
120	510	0.000020700
120	510	0.000019273
120	510	0.000019288
120	510	0.000019301
120	510	0.000020668
120	510	0.000019283
120	510	0.000019246
120	510	0.000020671
120	510	0.000019223
120	510	0.000019235
120	510	0.000020702
120	510	0.000019230
120	510	0.000019255
120	510	0.000019248
120	510	0.000019207
120	510	0.000019299
120	510	0.000019257
120	510	0.000019260
120	600	0.000023061
120	600	0.000024747
120	600	0.000023055
120	600	0.000024716
120	600	0.000022998
120	600	0.000024703
120	600	0.000023014
120	600	0.000023032
120	600	0.000029633
120	600	0.000022985
120	600	0.000024702
120	600	0.000024702
120	600	0.000024703
120	600	0.000023034
120	600	0.000023042
120	600	0.000023035
120	600	0.000023004
120	600	0.000024726
120	600	0.000023052
120	600	0.000023095
120	600	0.000023028
120	600	0.000023040
120	600	0.000024743
120	600	0.000023030
120	600	0.000023034
120	600	0.000023023
120	600	0.000022983
120	600	0.000023053
120	600	0.000023088
120	600	0.000023105
120	600	0.000023073
120	600	0.000022989
120	600	0.000022998
120	600	0.000023245
120	600	0.000022958
120	600	0.000024712
120	600	0.000023045
120	600	0.000022995
120	600	0.000023015
120	600	0.000022977
120	600	0.000023009
120	600	0.000024716
120	600	0.000023040
120	600	0.000023006
120	600	0.000022985
120	600	0.000023092
120	600	0.000024764
120	600	0.000023007
120	600	0.000035514
120	600	0.000028010
120	600	0.000027974
120	600	0.000028025
120	600	0.000034613
120	600	0.000032181
120	600	0.000032244
120	600	0.000032264
120	600	0.000032211
120	600	0.000035795
120	600	0.000035822
120	600	0.000035814
120	600	0.000035776
120	600	0.000034612
120	600	0.000032276
120	600	0.000034614
120	600	0.000032182
120	600	0.000032215
120	600	0.000032209
120	600	0.000032211
120	600	0.000032276
120	600	0.000034640
120	600	0.000036507
120	600	0.000033960
120	600	0.000033773
120	600	0.000036481
120	600	0.000028577
120	600	0.000035521
120	600	0.000038519
120	600	0.000035849
120	600	0.000033914
120	600	0.000033910
120	600	0.000033974
120	600	0.000033976
120	600	0.000037464
120	600	0.000037895
120	600	0.000037970
120	600	0.000037878
120	600	0.000040680
120	600	0.000100797
120	600	0.000037964
120	600	0.000040255
120	600	0.000040244
120	600	0.000043260
120	600	0.000040393
120	600	0.000040363
120	600	0.000043279
120	600	0.000040302
120	600	0.000040314
120	600	0.000043311
120	600	0.000043909
120	600	0.000043228
250	128	0.000009357
250	128	0.000009491
250	128	0.000009405
250	128	0.000009384
250	128	0.000009885
250	128	0.000008370
250	128	0.000008326
250	128	0.000008173
250	128	0.000010650
250	128	0.000008164
250	128	0.000010144
250	128	0.000009483
250	128	0.000010761
250	128	0.000009395
250	128	0.000009370
250	128	0.000008117
250	128	0.000011979
250	128	0.000011937
250	128	0.000011897
250	128	0.000009822
250	128	0.000010769
250	128	0.000008157
250	128	0.000008195
250	128	0.000009673
250	128	0.000011869
250	128	0.000010782
250	128	0.000012076
250	128	0.000012074
250	128	0.000010707
250	128	0.000008326
250	128	0.000009354
250	128	0.000008198
250	128	0.000009558
250	128	0.000011960
250	128	0.000009406
250	128	0.000010161
250	128	0.000009722
250	128	0.000010147
250	128	0.000009379
250	128	0.000009478
250	128	0.000008321
250	128	0.000011907
250	128	0.000010793
250	128	0.000009343
250	128	0.000011844
250	128	0.000011924
250	128	0.000008124
250	128	0.000011870
250	128	0.000008148
250	128	0.000008118
250	128	0.000009361
250	128	0.000011993
250	128	0.000010592
250	128	0.000009362
250	128	0.000009609
250	128	0.000008359
250	128	0.000010601
250	128	0.000011912
250	128	0.000010363
250	128	0.000009603
250	128	0.000010630
250	128	0.000011892
250	128	0.000009369
250	128	0.000008097
250	128	0.000011864
250	128	0.000009411
250	128	0.000012054
250	128	0.000012019
250	128	0.000011900
250	128	0.000009529
250	128	0.000008586
250	128	0.000012026
250	128	0.000010263
250	128	0.000010741
250	128	0.000010852
250	128	0.000011979
250	128	0.000011975
250	128	0.000008321
250	128	0.000009801
250	128	0.000011982
250	128	0.000011946
250	128	0.000012404
250	128	0.000010762
250	128	0.000010283
250	128	0.000009364
250	128	0.000010651
250	128	0.000010587
250	128	0.000010706
250	128	0.000008127
250	128	0.000009726
250	128	0.000008154
250	128	0.000008379
250	128	0.000008349
250	128	0.000008476
250	128	0.000008127
250	128	0.000009334
250	128	0.000009488
250	128	0.000010675
250	128	0.000008396
250	128	0.000009456
250	256	0.000020770
250	256	0.000020918
250	256	0.000018613
250	256	0.000020679
250	256	0.000018178
250	256	0.000018618
250	256	0.000020942
250	256	0.000018191
250	256	0.000026754
250	256	0.000020609
250	256	0.000020648
250	256	0.000025778
250	256	0.000020692
250	256	0.000020626
250	256	0.000018158
250	256	0.000025572
250	256	0.000029770
250	256	0.000018143
250	256	0.000018169
250	256	0.000021033
250	256	0.000018151
250	256	0.000018651
250	256	0.000025612
250	256	0.000023505
250	256	0.000025111
250	256	0.000020906
250	256	0.000023049
250	256	0.000020601
250	256	0.000018578
250	256	0.000018111
250	256	0.000023051
250	256	0.000022073
250	256	0.000025916
250	256	0.000020637
250	256	0.000025675
250	256	0.000020848
250	256	0.000024997
250	256	0.000025122
250	256	0.000025255
250	256	0.000025632
250	256	0.000020988
250	256	0.000018126
250	256	0.000018185
250	256	0.000020962
250	256	0.000025668
250	256	0.000024774
250	256	0.000018165
250	256	0.000025568
250	256	0.000018647
250	256	0.000028697
250	256	0.000020627
250	256	0.000027976
250	256	0.000018144
250	256	0.000023119
250	256	0.000028038
250	256	0.000025652
250	256	0.000018629
250	256	0.000025818
250	256	0.000024985
250	256	0.000018555
250	256	0.000018170
250	256	0.000024854
250	256	0.000024604
250	256	0.000025610
250	256	0.000020756
250	256	0.000025582
250	256	0.000018555
250	256	0.000022738
250	256	0.000024786
250	256	0.000025749
250	256	0.000023097
250	256	0.000021351
250	256	0.000021187
250	256	0.000025134
250	256	0.000018114
250	256	0.000020682
250	256	0.000025563
250	256	0.000022457
250	256	0.000023671
250	256	0.000018165
250	256	0.000018593
250	256	0.000020620
250	256	0.000028171
250	256	0.000025636
250	256	0.000023329
250	256	0.000018235
250	256	0.000025758
250	256	0.000018159
250	256	0.000018079
250	256	0.000018170
250	256	0.000025582
250	256	0.000018023
250	256	0.000020629
250	256	0.000022090
250	256	0.000025718
250	256	0.000025599
250	256	0.000025001
250	256	0.000018597
250	256	0.000018182
250	256	0.000026804
250	380	0.000025444
250	380	0.000035778
250	380	0.000032043
250	380	0.000035707
250	380	0.000028315
250	380	0.000030665
250	380	0.000031153
250	380	0.000031082
250	380	0.000025388
250	380	0.000032763
250	380	0.000036039
250	380	0.000028401
250	380	0.000035780
250	380	0.000028770
250	380	0.000035683
250	380	0.000024747
250	380	0.000035711
250	380	0.000024641
250	380	0.000035778
250	380	0.000028853
250	380	0.000031527
250	380	0.000029121
250	380	0.000025379
250	380	0.000035991
250	380	0.000028873
250	380	0.000035953
250	380	0.000030548
250	380	0.000034121
250	380	0.000025321
250	380	0.000028331
250	380	0.000036007
250	380	0.000025336
250	380	0.000028941
250	380	0.000024684
250	380	0.000035670
250	380	0.000028340
250	380	0.000032625
250	380	0.000027797
250	380	0.000025364
250	380	0.000024125
250	380	0.000035953
250	380	0.000028876
250	380	0.000028333
250	380	0.000035756
250	380	0.000028477
250	380	0.000032024
250	380	0.000028352
250	380	0.000028889
250	380	0.000082995
250	380	0.000035674
250	380	0.000028887
250	380	0.000026902
250	380	0.000032090
250	380	0.000031411
250	380	0.000028410
250	380	0.000028367
250	380	0.000035700
250	380	0.000029890
250	380	0.000036011
250	380	0.000028346
250	380	0.000033201
250	380	0.000032480
250	380	0.000035761
250	380	0.000028354
250	380	0.000035765
250	380	0.000028334
250	380	0.000035769
250	380	0.000035737
250	380	0.000041015
250	380	0.000025326
250	380	0.000033181
250	380	0.000024717
250	380	0.000024645
250	380	0.000036299
250	380	0.000052206
250	380	0.000036200
250	380	0.000035679
250	380	0.000025834
250	380	0.000025369
250	380	0.000032451
250	380	0.000028330
250	380	0.000028885
250	380	0.000036009
250	380	0.000032669
250	380	0.000036082
250	380	0.000025495
250	380	0.000032464
250	380	0.000035989
250	380	0.000029155
250	380	0.000024809
250	380	0.000024215
250	380	0.000035079
250	380	0.000028353
250	380	0.000035928
250	380	0.000028355
250	380	0.000028903
250	380	0.000024681
250	380	0.000035952
250	380	0.000032466
250	380	0.000025356
250	510	0.000037774
250	510	0.000032164
250	510	0.000037045
250	510	0.000046896
250	510	0.000033626
250	510	0.000043305
250	510	0.000041968
250	510	0.000032173
250	510	0.000032179
250	510	0.000038527
250	510	0.000038565
250	510	0.000038578
250	510	0.000047384
250	510	0.000037053
250	510	0.000037058
250	510	0.000032164
250	510	0.000037096
250	510	0.000047325
250	510	0.000046839
250	510	0.000047359
250	510	0.000043332
250	510	0.000037072
250	510	0.000032163
250	510	0.000033025
250	510	0.000037846
250	510	0.000037079
250	510	0.000033074
250	510	0.000037104
250	510	0.000037034
250	510	0.000047276
250	510	0.000038160
250	510	0.000033055
250	510	0.000038171
250	510	0.000039827
250	510	0.000034277
250	510	0.000038439
250	510	0.000039208
250	510	0.000039170
250	510	0.000050198
250	510	0.000051440
250	510	0.000062722
250	510	0.000054464
250	510	0.000061832
250	510	0.000051445
250	510	0.000072723
250	510	0.000051036
250	510	0.000049410
250	510	0.000069987
250	510	0.000047357
250	510	0.000045031
250	510	0.000052936
250	510	0.000047118
250	510	0.000045102
250	510	0.000051937
250	510	0.000066156
250	510	0.000103812
250	510	0.000063548
250	510	0.000052990
250	510	0.000056176
250	510	0.000066082
250	510	0.000083772
250	510	0.000066107
250	510	0.000059195
250	510	0.000082238
250	510	0.000082270
250	510	0.000082220
250	510	0.000064914
250	510	0.000064015
250	510	0.000059237
250	510	0.000067461
250	510	0.000056296
250	510	0.000066803
250	510	0.000064886
250	510	0.000082242
250	510	0.000067470
250	510	0.000056325
250	510	0.000082821
250	510	0.000057949
250	510	0.000057849
250	510	0.000081346
250	510	0.000052893
250	510	0.000064952
250	510	0.000066112
250	510	0.000068748
250	510	0.000084092
250	510	0.000071132
250	510	0.000082432
250	510	0.000057827
250	510	0.000082261
250	510	0.000076370
250	510	0.000057886
250	510	0.000056312
250	510	0.000057895
250	510	0.000089832
250	510	0.000066094
250	510	0.000056307
250	510	0.000059193
250	510	0.000058851
250	510	0.000092162
250	510	0.000082708
250	600	0.000046179
250	600	0.000045292
250	600	0.000056477
250	600	0.000046676
250	600	0.000040361
250	600	0.000039774
250	600	0.000038694
250	600	0.000039754
250	600	0.000038656
250	600	0.000040647
250	600	0.000058903
250	600	0.000042983
250	600	0.000040648
250	600	0.000040651
250	600	0.000056496
250	600	0.000039735
250	600	0.000039748
250	600	0.000046326
250	600	0.000038048
250	600	0.000056005
250	600	0.000056058
250	600	0.000042119
250	600	0.000056221
250	600	0.000045820
250	600	0.000044497
250	600	0.000039713
250	600	0.000056426
250	600	0.000041452
250	600	0.000050894
250	600	0.000045324
250	600	0.000057274
250	600	0.000056150
250	600	0.000038707
250	600	0.000056122
250	600	0.000040439
250	600	0.000038699
250	600	0.000044507
250	600	0.000056870
250	600	0.000044525
250	600	0.000045826
250	600	0.000040393
250	600	0.000044487
250	600	0.000052404
250	600	0.000056101
250	600	0.000045277
250	600	0.000039755
250	600	0.000039771
250	600	0.000044463
250	600	0.000044467
250	600	0.000050854
250	600	0.000041462
250	600	0.000038708
250	600	0.000068089
250	600	0.000050821
250	600	0.000073272
250	600	0.000056230
250	600	0.000046025
250	600	0.000045709
250	600	0.000056643
250	600	0.000049932
250	600	0.000054990
250	600	0.000056544
250	600	0.000044475
250	600	0.000038652
250	600	0.000056024
250	600	0.000056020
250	600	0.000045991
250	600	0.000055994
250	600	0.000056013
250	600	0.000050871
250	600	0.000045305
250	600	0.000056134
250	600	0.000056026
250	600	0.000039760
250	600	0.000049608
250	600	0.000056052
250	600	0.000039760
250	600	0.000046208
250	600	0.000045369
250	600	0.000038658
250	600	0.000057160
250	600	0.000056558
250	600	0.000050303
250	600	0.000056748
250	600	0.000039928
250	600	0.000045735
250	600	0.000050995
250	600	0.000044487
250	600	0.000039735
250	600	0.000056084
250	600	0.000038644
250	600	0.000038735
250	600	0.000038635
250	600	0.000038677
250	600	0.000045771
250	600	0.000039705
250	600	0.000046410
250	600	0.000056032
250	600	0.000056052
250	600	0.000050324
380	128	0.000018102
380	128	0.000018108
380	128	0.000018094
380	128	0.000018105
380	128	0.000016338
380	128	0.000018086
380	128	0.000018080
380	128	0.000018113
380	128	0.000018101
380	128	0.000018112
380	128	0.000018097
380	128	0.000018110
380	128	0.000018088
380	128	0.000018090
380	128	0.000018076
380	128	0.000016297
380	128	0.000018124
380	128	0.000018093
380	128	0.000018142
380	128	0.000018098
380	128	0.000018124
380	128	0.000018108
380	128	0.000022064
380	128	0.000018149
380	128	0.000018105
380	128	0.000018126
380	128	0.000018102
380	128	0.000018094
380	128	0.000018156
380	128	0.000018152
380	128	0.000018182
380	128	0.000018083
380	128	0.000018066
380	128	0.000018138
380	128	0.000018121
380	128	0.000018079
380	128	0.000018180
380	128	0.000020285
380	128	0.000020264
380	128	0.000020263
380	128	0.000020278
380	128	0.000020256
380	128	0.000023003
380	128	0.000023056
380	128	0.000023008
380	128	0.000023012
380	128	0.000023123
380	128	0.000018117
380	128	0.000018121
380	128	0.000018123
380	128	0.000022607
380	128	0.000018096
380	128	0.000018109
380	128	0.000018184
380	128	0.000018089
380	128	0.000018173
380	128	0.000018105
380	128	0.000018086
380	128	0.000018128
380	128	0.000018117
380	128	0.000018055
380	128	0.000018112
380	128	0.000018106
380	128	0.000018078
380	128	0.000016735
380	128	0.000018182
380	128	0.000018059
380	128	0.000018095
380	128	0.000018092
380	128	0.000018080
380	128	0.000018104
380	128	0.000018083
380	128	0.000018090
380	128	0.000018137
380	128	0.000018105
380	128	0.000018096
380	128	0.000016767
380	128	0.000018114
380	128	0.000018068
380	128	0.000018094
380	128	0.000017271
380	128	0.000018174
380	128	0.000018122
380	128	0.000018060
380	128	0.000018082
380	128	0.000018102
380	128	0.000018074
380	128	0.000018110
380	128	0.000018107
380	128	0.000018079
380	128	0.000018121
380	128	0.000023984
380	128	0.000018081
380	128	0.000018105
380	128	0.000018117
380	128	0.000018150
380	128	0.000018091
380	128	0.000018123
380	128	0.000018208
380	128	0.000018143
380	256	0.000039252
380	256	0.000039216
380	256	0.000039263
380	256	0.000039229
380	256	0.000039263
380	256	0.000039245
380	256	0.000039266
380	256	0.000039297
380	256	0.000039218
380	256	0.000039244
380	256	0.000038444
380	256	0.000036552
380	256	0.000039249
380	256	0.000039243
380	256	0.000039239
380	256	0.000039240
380	256	0.000039246
380	256	0.000039240
380	256	0.000039248
380	256	0.000039238
380	256	0.000039261
380	256	0.000038412
380	256	0.000039268
380	256	0.000039244
380	256	0.000039257
380	256	0.000039273
380	256	0.000039275
380	256	0.000039236
380	256	0.000039228
380	256	0.000039234
380	256	0.000039240
380	256	0.000036502
380	256	0.000035608
380	256	0.000039231
380	256	0.000039213
380	256	0.000039268
380	256	0.000092545
380	256	0.000039261
380	256	0.000039225
380	256	0.000039242
380	256	0.000039267
380	256	0.000039227
380	256	0.000038442
380	256	0.000039238
380	256	0.000061868
380	256	0.000052321
380	256	0.000052327
380	256	0.000039261
380	256	0.000039248
380	256	0.000039240
380	256	0.000039251
380	256	0.000039230
380	256	0.000039278
380	256	0.000039208
380	256	0.000039265
380	256	0.000039227
380	256	0.000039220
380	256	0.000039252
380	256	0.000039225
380	256	0.000039240
380	256	0.000039276
380	256	0.000039276
380	256	0.000039262
380	256	0.000038329
380	256	0.000039258
380	256	0.000039250
380	256	0.000039232
380	256	0.000039276
380	256	0.000039260
380	256	0.000039254
380	256	0.000039285
380	256	0.000039224
380	256	0.000039253
380	256	0.000038301
380	256	0.000039273
380	256	0.000039231
380	256	0.000039266
380	256	0.000039247
380	256	0.000039210
380	256	0.000039233
380	256	0.000038412
380	256	0.000039269
380	256	0.000036526
380	256	0.000039289
380	256	0.000037691
380	256	0.000039231
380	256	0.000039240
380	256	0.000039234
380	256	0.000039241
380	256	0.000039251
380	256	0.000039260
380	256	0.000039271
380	256	0.000038348
380	256	0.000039244
380	256	0.000037645
380	256	0.000039245
380	256	0.000039272
380	256	0.000039264
380	256	0.000039249
380	256	0.000039295
380	380	0.000055012
380	380	0.000054918
380	380	0.000054969
380	380	0.000054928
380	380	0.000054913
380	380	0.000054946
380	380	0.000054921
380	380	0.000051964
380	380	0.000054954
380	380	0.000054964
380	380	0.000054922
380	380	0.000054945
380	380	0.000054962
380	380	0.000050928
380	380	0.000054955
380	380	0.000054969
380	380	0.000054960
380	380	0.000054975
380	380	0.000054962
380	380	0.000054914
380	380	0.000054997
380	380	0.000054934
380	380	0.000054920
380	380	0.000054971
380	380	0.000054959
380	380	0.000054957
380	380	0.000051977
380	380	0.000054970
380	380	0.000050896
380	380	0.000054955
380	380	0.000054130
380	380	0.000054956
380	380	0.000054943
380	380	0.000054146
380	380	0.000053969
380	380	0.000056839
380	380	0.000056933
380	380	0.000057007
380	380	0.000056974
380	380	0.000057035
380	380	0.000061510
380	380	0.000061546
380	380	0.000060510
380	380	0.000061559
380	380	0.000054915
380	380	0.000054913
380	380	0.000054919
380	380	0.000054922
380	380	0.000054971
380	380	0.000054027
380	380	0.000049576
380	380	0.000054988
380	380	0.000054915
380	380	0.000054967
380	380	0.000099467
380	380	0.000054918
380	380	0.000054120
380	380	0.000054925
380	380	0.000054917
380	380	0.000054976
380	380	0.000054898
380	380	0.000054894
380	380	0.000054964
380	380	0.000050926
380	380	0.000054976
380	380	0.000054987
380	380	0.000054961
380	380	0.000054961
380	380	0.000054932
380	380	0.000054920
380	380	0.000054906
380	380	0.000054945
380	380	0.000059820
380	380	0.000054925
380	380	0.000061085
380	380	0.000054932
380	380	0.000054929
380	380	0.000054921
380	380	0.000054956
380	380	0.000054940
380	380	0.000054970
380	380	0.000054990
380	380	0.000054935
380	380	0.000054939
380	380	0.000054945
380	380	0.000059222
380	380	0.000054989
380	380	0.000054938
380	380	0.000054914
380	380	0.000054963
380	380	0.000054984
380	380	0.000054873
380	380	0.000054979
380	380	0.000054996
380	380	0.000053998
380	380	0.000051960
380	380	0.000054904
380	380	0.000054923
380	380	0.000054140
380	380	0.000054962
380	510	0.000072272
380	510	0.000072274
380	510	0.000072299
380	510	0.000072366
380	510	0.000072318
380	510	0.000072334
380	510	0.000072328
380	510	0.000077617
380	510	0.000072301
380	510	0.000072303
380	510	0.000072301
380	510	0.000072333
380	510	0.000088960
380	510	0.000072329
380	510	0.000072281
380	510	0.000072313
380	510	0.000072318
380	510	0.000072276
380	510	0.000072338
380	510	0.000072307
380	510	0.000066857
380	510	0.000066914
380	510	0.000072316
380	510	0.000072336
380	510	0.000072343
380	510	0.000072310
380	510	0.000072390
380	510	0.000071334
380	510	0.000072338
380	510	0.000072248
380	510	0.000072344
380	510	0.000072338
380	510	0.000072302
380	510	0.000072303
380	510	0.000072337
380	510	0.000129757
380	510	0.000072333
380	510	0.000072332
380	510	0.000073086
380	510	0.000072302
380	510	0.000077901
380	510	0.000077850
380	510	0.000082500
380	510	0.000077880
380	510	0.000077915
380	510	0.000081962
380	510	0.000088016
380	510	0.000088060
380	510	0.000088065
380	510	0.000101201
380	510	0.000101215
380	510	0.000106152
380	510	0.000101256
380	510	0.000111430
380	510	0.000112474
380	510	0.000112452
380	510	0.000112530
380	510	0.000112474
380	510	0.000112563
380	510	0.000114794
380	510	0.000123773
380	510	0.000130056
380	510	0.000125298
380	510	0.000138543
380	510	0.000119151
380	510	0.000126495
380	510	0.000126504
380	510	0.000119194
380	510	0.000126549
380	510	0.000126536
380	510	0.000126606
380	510	0.000126519
380	510	0.000126561
380	510	0.000126594
380	510	0.000126585
380	510	0.000126604
380	510	0.000126602
380	510	0.000126501
380	510	0.000119061
380	510	0.000126493
380	510	0.000126573
380	510	0.000126493
380	510	0.000127927
380	510	0.000126581
380	510	0.000119155
380	510	0.000126495
380	510	0.000126520
380	510	0.000126500
380	510	0.000126592
380	510	0.000126533
380	510	0.000126652
380	510	0.000126495
380	510	0.000126646
380	510	0.000126551
380	510	0.000126618
380	510	0.000127863
380	510	0.000126552
380	510	0.000126542
380	510	0.000126472
380	510	0.000126482
380	600	0.000086345
380	600	0.000086339
380	600	0.000086427
380	600	0.000086351
380	600	0.000086367
380	600	0.000086425
380	600	0.000086340
380	600	0.000086426
380	600	0.000086418
380	600	0.000086428
380	600	0.000091713
380	600	0.000086430
380	600	0.000086353
380	600	0.000086346
380	600	0.000086394
380	600	0.000086412
380	600	0.000086433
380	600	0.000077785
380	600	0.000086322
380	600	0.000086339
380	600	0.000086421
380	600	0.000086380
380	600	0.000086354
380	600	0.000086385
380	600	0.000090484
380	600	0.000086446
380	600	0.000090911
380	600	0.000086328
380	600	0.000086337
380	600	0.000086338
380	600	0.000086408
380	600	0.000086423
380	600	0.000086365
380	600	0.000086314
380	600	0.000086340
380	600	0.000106689
380	600	0.000086428
380	600	0.000086380
380	600	0.000086319
380	600	0.000086342
380	600	0.000086441
380	600	0.000086328
380	600	0.000086429
380	600	0.000086414
380	600	0.000086338
380	600	0.000086370
380	600	0.000086318
380	600	0.000092936
380	600	0.000093094
380	600	0.000092989
380	600	0.000093063
380	600	0.000093071
380	600	0.000112367
380	600	0.000109971
380	600	0.000109899
380	600	0.000109896
380	600	0.000137676
380	600	0.000109879
380	600	0.000110019
380	600	0.000109906
380	600	0.000127256
380	600	0.000127325
380	600	0.000127236
380	600	0.000127251
380	600	0.000134465
380	600	0.000134298
380	600	0.000134142
380	600	0.000127224
380	600	0.000127309
380	600	0.000127249
380	600	0.000127390
380	600	0.000151090
380	600	0.000175672
380	600	0.000151253
380	600	0.000151330
380	600	0.000140017
380	600	0.000151235
380	600	0.000151099
380	600	0.000151265
380	600	0.000151078
380	600	0.000151186
380	600	0.000151132
380	600	0.000151091
380	600	0.000151214
380	600	0.000151256
380	600	0.000151280
380	600	0.000151090
380	600	0.000151105
380	600	0.000151087
380	600	0.000142403
380	600	0.000142330
380	600	0.000151249
380	600	0.000151069
380	600	0.000152819
380	600	0.000150773
380	600	0.000142290
380	600	0.000165808
380	600	0.000142226
380	600	0.000151112
380	600	0.000151108
510	128	0.000021095
510	128	0.000021967
510	128	0.000021949
510	128	0.000021126
510	128	0.000026100
510	128	0.000021932
510	128	0.000021989
510	128	0.000021924
510	128	0.000021932
510	128	0.000021944
510	128	0.000021952
510	128	0.000022035
510	128	0.000021988
510	128	0.000021961
510	128	0.000021988
510	128	0.000021936
510	128	0.000021952
510	128	0.000021958
510	128	0.000021938
510	128	0.000021937
510	128	0.000021945
510	128	0.000022044
510	128	0.000021144
510	128	0.000021942
510	128	0.000021914
510	128	0.000021956
510	128	0.000021978
510	128	0.000021966
510	128	0.000022037
510	128	0.000020159
510	128	0.000021967
510	128	0.000021933
510	128	0.000021966
510	128	0.000022001
510	128	0.000021944
510	128	0.000021982
510	128	0.000022088
510	128	0.000021979
510	128	0.000021935
510	128	0.000021980
510	128	0.000021984
510	128	0.000021926
510	128	0.000021959
510	128	0.000022011
510	128	0.000021995
510	128	0.000021948
510	128	0.000022048
510	128	0.000021971
510	128	0.000028983
510	128	0.000021962
510	128	0.000021948
510	128	0.000022004
510	128	0.000021967
510	128	0.000022077
510	128	0.000022081
510	128	0.000021986
510	128	0.000021941
510	128	0.000021960
510	128	0.000021999
510	128	0.000022055
510	128	0.000021942
510	128	0.000021957
510	128	0.000021958
510	128	0.000020627
510	128	0.000022061
510	128	0.000022075
510	128	0.000021955
510	128	0.000020125
510	128	0.000022045
510	128	0.000021966
510	128	0.000021932
510	128	0.000022048
510	128	0.000022075
510	128	0.000021947
510	128	0.000022034
510	128	0.000021942
510	128	0.000021991
510	128	0.000021952
510	128	0.000020125
510	128	0.000021969
510	128	0.000021979
510	128	0.000021956
510	128	0.000022073
510	128	0.000021974
510	128	0.000020643
510	128	0.000022082
510	128	0.000021068
510	128	0.000022043
510	128	0.000021961
510	128	0.000021978
510	128	0.000022012
510	128	0.000021989
510	128	0.000022086
510	128	0.000022072
510	128	0.000020624
510	128	0.000021956
510	128	0.000022046
510	128	0.000022072
510	128	0.000021967
510	128	0.000021953
510	256	0.000044433
510	256	0.000048091
510	256	0.000048090
510	256	0.000048067
510	256	0.000048117
510	256	0.000048113
510	256	0.000048123
510	256	0.000048110
510	256	0.000048079
510	256	0.000048093
510	256	0.000048059
510	256	0.000048088
510	256	0.000048096
510	256	0.000052722
510	256	0.000045404
510	256	0.000051704
510	256	0.000048091
510	256	0.000048104
510	256	0.000048032
510	256	0.000047040
510	256	0.000048111
510	256	0.000048081
510	256	0.000048066
510	256	0.000048077
510	256	0.000048089
510	256	0.000048065
510	256	0.000044431
510	256	0.000048116
510	256	0.000048111
510	256	0.000048118
510	256	0.000048082
510	256	0.000048090
510	256	0.000046487
510	256	0.000048095
510	256	0.000045378
510	256	0.000048099
510	256	0.000048119
510	256	0.000048059
510	256	0.000053521
510	256	0.000046821
510	256	0.000048093
510	256	0.000048124
510	256	0.000062114
510	256	0.000048085
510	256	0.000052819
510	256	0.000048099
510	256	0.000048112
510	256	0.000048091
510	256	0.000048123
510	256	0.000048119
510	256	0.000083523
510	256	0.000048072
510	256	0.000048111
510	256	0.000048101
510	256	0.000054180
510	256	0.000048092
510	256	0.000048057
510	256	0.000048081
510	256	0.000048107
510	256	0.000048090
510	256	0.000048101
510	256	0.000048102
510	256	0.000046808
510	256	0.000048063
510	256	0.000048681
510	256	0.000048104
510	256	0.000048100
510	256	0.000048102
510	256	0.000048124
510	256	0.000048113
510	256	0.000048098
510	256	0.000048069
510	256	0.000044445
510	256	0.000048083
510	256	0.000048116
510	256	0.000048096
510	256	0.000048103
510	256	0.000048116
510	256	0.000048130
510	256	0.000048090
510	256	0.000046511
510	256	0.000051200
510	256	0.000048146
510	256	0.000051629
510	256	0.000048099
510	256	0.000052512
510	256	0.000048074
510	256	0.000048106
510	256	0.000048139
510	256	0.000048116
510	256	0.000048115
510	256	0.000048090
510	256	0.000048064
510	256	0.000048087
510	256	0.000048097
510	256	0.000048090
510	256	0.000045377
510	256	0.000048108
510	256	0.000045366
510	256	0.000048121
510	380	0.000067011
510	380	0.000066965
510	380	0.000066921
510	380	0.000066967
510	380	0.000066935
510	380	0.000066976
510	380	0.000062923
510	380	0.000066950
510	380	0.000066948
510	380	0.000066959
510	380	0.000066958
510	380	0.000067006
510	380	0.000066989
510	380	0.000066986
510	380	0.000066922
510	380	0.000066938
510	380	0.000066949
510	380	0.000065673
510	380	0.000065713
510	380	0.000066937
510	380	0.000066937
510	380	0.000066991
510	380	0.000066972
510	380	0.000066956
510	380	0.000066956
510	380	0.000066963
510	380	0.000066923
510	380	0.000066935
510	380	0.000066961
510	380	0.000066988
510	380	0.000066937
510	380	0.000062894
510	380	0.000065835
510	380	0.000066931
510	380	0.000066942
510	380	0.000065661
510	380	0.000066984
510	380	0.000066974
510	380	0.000066994
510	380	0.000060471
510	380	0.000066924
510	380	0.000066943
510	380	0.000066927
510	380	0.000066939
510	380	0.000063977
510	380	0.000066961
510	380	0.000078148
510	380	0.000071811
510	380	0.000078177
510	380	0.000078119
510	380	0.000078118
510	380	0.000081551
510	380	0.000066945
510	380	0.000071843
510	380	0.000066926
510	380	0.000066940
510	380	0.000066997
510	380	0.000066985
510	380	0.000066984
510	380	0.000067007
510	380	0.000066934
510	380	0.000066952
510	380	0.000115729
510	380	0.000089276
510	380	0.000089252
510	380	0.000087593
510	380	0.000098632
510	380	0.000098630
510	380	0.000098591
510	380	0.000080068
510	380	0.000066999
510	380	0.000066956
510	380	0.000066944
510	380	0.000089321
510	380	0.000089213
510	380	0.000110241
510	380	0.000110391
510	380	0.000110295
510	380	0.000110262
510	380	0.000112006
510	380	0.000117169
510	380	0.000117213
510	380	0.000117131
510	380	0.000111979
510	380	0.000117181
510	380	0.000117228
510	380	0.000117215
510	380	0.000117140
510	380	0.000117175
510	380	0.000117154
510	380	0.000117226
510	380	0.000117121
510	380	0.000117139
510	380	0.000117216
510	380	0.000111967
510	380	0.000110236
510	380	0.000117170
510	380	0.000117220
510	380	0.000117218
510	380	0.000117236
510	510	0.000087937
510	510	0.000087974
510	510	0.000087988
510	510	0.000082530
510	510	0.000087976
510	510	0.000088503
510	510	0.000087970
510	510	0.000088688
510	510	0.000087927
510	510	0.000087970
510	510	0.000091685
510	510	0.000087968
510	510	0.000087921
510	510	0.000088022
510	510	0.000087913
510	510	0.000087936
510	510	0.000087962
510	510	0.000087990
510	510	0.000087895
510	510	0.000087918
510	510	0.000087943
510	510	0.000087939
510	510	0.000092562
510	510	0.000087958
510	510	0.000087955
510	510	0.000087924
510	510	0.000087941
510	510	0.000087929
510	510	0.000080643
510	510	0.000080702
510	510	0.000088755
510	510	0.000087943
510	510	0.000092946
510	510	0.000087969
510	510	0.000088000
510	510	0.000087972
510	510	0.000088008
510	510	0.000088963
510	510	0.000087950
510	510	0.000087941
510	510	0.000087967
510	510	0.000087944
510	510	0.000087916
510	510	0.000087938
510	510	0.000088731
510	510	0.000087925
510	510	0.000087931
510	510	0.000098453
510	510	0.000098513
510	510	0.000098463
510	510	0.000098555
510	510	0.000102589
510	510	0.000102649
510	510	0.000102584
510	510	0.000102659
510	510	0.000102646
510	510	0.000098549
510	510	0.000098444
510	510	0.000098479
510	510	0.000098523
510	510	0.000090307
510	510	0.000098490
510	510	0.000090380
510	510	0.000099358
510	510	0.000098488
510	510	0.000098555
510	510	0.000098502
510	510	0.000098494
510	510	0.000098543
510	510	0.000103361
510	510	0.000101260
510	510	0.000117213
510	510	0.000117213
510	510	0.000126952
510	510	0.000129718
510	510	0.000129583
510	510	0.000129671
510	510	0.000127763
510	510	0.000144913
510	510	0.000144822
510	510	0.000144887
510	510	0.000153975
510	510	0.000153948
510	510	0.000153861
510	510	0.000153951
510	510	0.000153909
510	510	0.000153969
510	510	0.000153907
510	510	0.000153981
510	510	0.000153915
510	510	0.000153952
510	510	0.000153884
510	510	0.000153938
510	510	0.000153878
510	510	0.000144399
510	510	0.000144847
510	510	0.000154000
510	510	0.000153966
510	510	0.000153993
510	510	0.000154025
510	600	0.000105249
510	600	0.000105188
510	600	0.000110404
510	600	0.000105221
510	600	0.000105268
510	600	0.000110170
510	600	0.000105181
510	600	0.000105252
510	600	0.000105219
510	600	0.000105307
510	600	0.000101137
510	600	0.000098398
510	600	0.000102666
510	600	0.000105195
510	600	0.000105194
510	600	0.000105305
510	600	0.000105302
510	600	0.000113708
510	600	0.000105185
510	600	0.000105279
510	600	0.000105201
510	600	0.000105201
510	600	0.000105258
510	600	0.000105222
510	600	0.000105266
510	600	0.000111262
510	600	0.000106085
510	600	0.000105302
510	600	0.000105182
510	600	0.000105160
510	600	0.000105142
510	600	0.000112153
510	600	0.000113319
510	600	0.000121065
510	600	0.000113340
510	600	0.000112491
510	600	0.000122784
510	600	0.000122726
510	600	0.000122724
510	600	0.000127794
510	600	0.000128046
510	600	0.000128088
510	600	0.000103911
510	600	0.000128043
510	600	0.000133852
510	600	0.000147386
510	600	0.000147341
510	600	0.000148544
510	600	0.000165059
510	600	0.000169065
510	600	0.000163665
510	600	0.000155030
510	600	0.000155142
510	600	0.000155159
510	600	0.000156650
510	600	0.000169226
510	600	0.000172953
510	600	0.000163818
510	600	0.000189958
510	600	0.000159252
510	600	0.000184103
510	600	0.000173252
510	600	0.000184170
510	600	0.000184069
510	600	0.000184179
510	600	0.000184239
510	600	0.000184216
510	600	0.000184056
510	600	0.000185714
510	600	0.000181905
510	600	0.000194030
510	600	0.000184111
510	600	0.000206629
510	600	0.000191912
510	600	0.000187876
510	600	0.000180533
510	600	0.000204847
510	600	0.000189710
510	600	0.000184226
510	600	0.000189525
510	600	0.000184078
510	600	0.000185682
510	600	0.000184121
510	600	0.000184056
510	600	0.000184068
510	600	0.000184089
510	600	0.000185725
510	600	0.000184085
510	600	0.000184056
510	600	0.000184059
510	600	0.000184146
510	600	0.000184113
510	600	0.000173246
510	600	0.000184197
510	600	0.000173251
510	600	0.000184162
510	600	0.000184235
510	600	0.000184131
510	600	0.000184198
510	600	0.000175386
600	128	0.000028087
600	128	0.000028086
600	128	0.000028084
600	128	0.000028071
600	128	0.000028100
600	128	0.000028088
600	128	0.000028087
600	128	0.000028083
600	128	0.000028042
600	128	0.000027255
600	128	0.000028095
600	128	0.000028073
600	128	0.000028101
600	128	0.000028080
600	128	0.000028201
600	128	0.000028045
600	128	0.000028064
600	128	0.000028088
600	128	0.000028074
600	128	0.000028122
600	128	0.000028099
600	128	0.000028069
600	128	0.000028179
600	128	0.000026244
600	128	0.000028028
600	128	0.000028062
600	128	0.000028063
600	128	0.000028087
600	128	0.000028059
600	128	0.000028174
600	128	0.000027756
600	128	0.000035114
600	128	0.000029118
600	128	0.000029101
600	128	0.000029134
600	128	0.000029120
600	128	0.000029220
600	128	0.000034711
600	128	0.000035725
600	128	0.000035872
600	128	0.000035759
600	128	0.000035662
600	128	0.000041374
600	128	0.000041560
600	128	0.000041404
600	128	0.000041337
600	128	0.000049126
600	128	0.000049173
600	128	0.000049112
600	128	0.000049138
600	128	0.000049121
600	128	0.000049135
600	128	0.000049155
600	128	0.000049090
600	128	0.000049190
600	128	0.000049131
600	128	0.000049177
600	128	0.000049178
600	128	0.000049125
600	128	0.000049128
600	128	0.000049129
600	128	0.000049171
600	128	0.000049157
600	128	0.000060900
600	128	0.000049140
600	128	0.000049163
600	128	0.000049152
600	128	0.000049166
600	128	0.000049126
600	128	0.000049357
600	128	0.000049138
600	128	0.000046202
600	128	0.000049160
600	128	0.000049126
600	128	0.000049154
600	128	0.000049174
600	128	0.000049168
600	128	0.000049140
600	128	0.000049131
600	128	0.000049199
600	128	0.000049104
600	128	0.000049125
600	128	0.000052382
600	128	0.000049103
600	128	0.000049099
600	128	0.000057520
600	128	0.000049114
600	128	0.000049151
600	128	0.000049174
600	128	0.000049177
600	128	0.000047720
600	128	0.000049158
600	128	0.000046769
600	128	0.000049155
600	128	0.000049123
600	128	0.000049071
600	128	0.000047691
600	128	0.000049106
600	128	0.000046231
600	128	0.000049151
600	256	0.000061068
600	256	0.000061058
600	256	0.000061071
600	256	0.000061081
600	256	0.000061076
600	256	0.000061089
600	256	0.000061068
600	256	0.000061084
600	256	0.000061075
600	256	0.000071180
600	256	0.000061089
600	256	0.000061098
600	256	0.000059497
600	256	0.000059507
600	256	0.000061090
600	256	0.000061066
600	256	0.000061073
600	256	0.000057443
600	256	0.000061080
600	256	0.000061090
600	256	0.000063300
600	256	0.000063352
600	256	0.000063354
600	256	0.000063338
600	256	0.000063342
600	256	0.000075818
600	256	0.000077751
600	256	0.000075730
600	256	0.000076144
600	256	0.000095001
600	256	0.000095048
600	256	0.000094989
600	256	0.000095030
600	256	0.000100575
600	256	0.000100599
600	256	0.000100605
600	256	0.000107185
600	256	0.000114604
600	256	0.000114311
600	256	0.000147370
600	256	0.000101888
600	256	0.000115918
600	256	0.000106894
600	256	0.000106908
600	256	0.000102157
600	256	0.000106921
600	256	0.000106931
600	256	0.000106956
600	256	0.000106909
600	256	0.000106891
600	256	0.000104255
600	256	0.000106905
600	256	0.000100632
600	256	0.000106918
600	256	0.000106958
600	256	0.000106916
600	256	0.000106882
600	256	0.000102171
600	256	0.000106909
600	256	0.000106916
600	256	0.000106946
600	256	0.000106933
600	256	0.000106858
600	256	0.000106911
600	256	0.000106926
600	256	0.000106902
600	256	0.000106933
600	256	0.000106901
600	256	0.000106898
600	256	0.000104070
600	256	0.000106888
600	256	0.000117322
600	256	0.000127945
600	256	0.000106906
600	256	0.000106970
600	256	0.000106925
600	256	0.000106872
600	256	0.000106926
600	256	0.000106918
600	256	0.000106944
600	256	0.000106944
600	256	0.000106923
600	256	0.000106914
600	256	0.000100573
600	256	0.000106910
600	256	0.000106885
600	256	0.000106905
600	256	0.000106929
600	256	0.000106872
600	256	0.000106907
600	256	0.000106912
600	256	0.000106902
600	256	0.000106878
600	256	0.000106892
600	256	0.000106929
600	256	0.000106926
600	256	0.000104103
600	256	0.000106870
600	256	0.000106892
600	256	0.000106915
600	380	0.000085508
600	380	0.000085494
600	380	0.000085448
600	380	0.000085443
600	380	0.000088403
600	380	0.000085477
600	380	0.000085451
600	380	0.000085486
600	380	0.000085481
600	380	0.000085500
600	380	0.000085459
600	380	0.000085450
600	380	0.000083992
600	380	0.000085440
600	380	0.000085433
600	380	0.000080187
600	380	0.000082531
600	380	0.000085442
600	380	0.000085669
600	380	0.000085449
600	380	0.000085437
600	380	0.000089289
600	380	0.000085470
600	380	0.000085461
600	380	0.000085468
600	380	0.000086968
600	380	0.000088625
600	380	0.000088694
600	380	0.000088643
600	380	0.000088636
600	380	0.000088626
600	380	0.000104023
600	380	0.000103989
600	380	0.000104046
600	380	0.000104008
600	380	0.000104050
600	380	0.000132936
600	380	0.000133001
600	380	0.000132968
600	380	0.000140854
600	380	0.000140743
600	380	0.000140825
600	380	0.000149562
600	380	0.000149477
600	380	0.000149580
600	380	0.000149575
600	380	0.000149615
600	380	0.000149577
600	380	0.000149570
600	380	0.000149598
600	380	0.000149577
600	380	0.000149558
600	380	0.000149633
600	380	0.000149627
600	380	0.000149653
600	380	0.000140711
600	380	0.000149633
600	380	0.000149509
600	380	0.000149611
600	380	0.000149628
600	380	0.000149541
600	380	0.000149567
600	380	0.000149532
600	380	0.000140803
600	380	0.000149532
600	380	0.000149638
600	380	0.000148133
600	380	0.000140831
600	380	0.000149618
600	380	0.000147319
600	380	0.000149634
600	380	0.000149617
600	380	0.000149627
600	380	0.000146982
600	380	0.000149564
600	380	0.000149578
600	380	0.000140727
600	380	0.000149557
600	380	0.000149604
600	380	0.000134111
600	380	0.000149549
600	380	0.000149601
600	380	0.000149580
600	380	0.000149609
600	380	0.000149662
600	380	0.000149510
600	380	0.000149644
600	380	0.000140755
600	380	0.000149641
600	380	0.000149531
600	380	0.000149612
600	380	0.000149608
600	380	0.000149562
600	380	0.000149546
600	380	0.000140877
600	380	0.000149565
600	380	0.000149639
600	380	0.000149555
600	380	0.000149631
600	380	0.000149582
600	510	0.000112437
600	510	0.000112442
600	510	0.000112431
600	510	0.000117072
600	510	0.000112461
600	510	0.000112485
600	510	0.000112455
600	510	0.000112489
600	510	0.000118167
600	510	0.000112488
600	510	0.000112506
600	510	0.000112471
600	510	0.000112462
600	510	0.000112497
600	510	0.000111031
600	510	0.000112513
600	510	0.000112460
600	510	0.000112446
600	510	0.000112425
600	510	0.000112450
600	510	0.000119602
600	510	0.000112487
600	510	0.000112503
600	510	0.000112431
600	510	0.000112463
600	510	0.000112517
600	510	0.000112411
600	510	0.000112458
600	510	0.000122418
600	510	0.000112418
600	510	0.000117924
600	510	0.000112511
600	510	0.000112462
600	510	0.000112413
600	510	0.000112391
600	510	0.000153600
600	510	0.000112451
600	510	0.000112413
600	510	0.000112463
600	510	0.000112439
600	510	0.000112488
600	510	0.000112475
600	510	0.000112445
600	510	0.000112445
600	510	0.000112458
600	510	0.000112432
600	510	0.000116618
600	510	0.000116644
600	510	0.000116613
600	510	0.000116646
600	510	0.000116633
600	510	0.000121102
600	510	0.000121111
600	510	0.000121142
600	510	0.000126268
600	510	0.000131255
600	510	0.000131243
600	510	0.000137010
600	510	0.000131260
600	510	0.000131184
600	510	0.000149983
600	510	0.000176638
600	510	0.000149937
600	510	0.000165179
600	510	0.000165692
600	510	0.000165728
600	510	0.000165794
600	510	0.000185179
600	510	0.000185226
600	510	0.000185314
600	510	0.000185170
600	510	0.000182794
600	510	0.000182683
600	510	0.000174991
600	510	0.000175029
600	510	0.000174990
600	510	0.000196851
600	510	0.000196742
600	510	0.000192421
600	510	0.000185183
600	510	0.000185183
600	510	0.000197304
600	510	0.000196877
600	510	0.000196870
600	510	0.000185284
600	510	0.000186501
600	510	0.000185207
600	510	0.000196875
600	510	0.000196792
600	510	0.000196891
600	510	0.000185206
600	510	0.000185229
600	510	0.000186483
600	510	0.000164028
600	510	0.000143128
600	510	0.000150142
600	510	0.000143082
600	510	0.000123215
600	510	0.000111234
600	510	0.000112502
600	600	0.000134445
600	600	0.000134424
600	600	0.000134427
600	600	0.000134363
600	600	0.000134434
600	600	0.000134365
600	600	0.000142115
600	600	0.000134414
600	600	0.000134372
600	600	0.000140311
600	600	0.000134394
600	600	0.000134327
600	600	0.000134466
600	600	0.000134352
600	600	0.000134947
600	600	0.000134431
600	600	0.000134441
600	600	0.000134306
600	600	0.000134414
600	600	0.000134335
600	600	0.000134369
600	600	0.000134340
600	600	0.000134458
600	600	0.000134414
600	600	0.000134409
600	600	0.000139622
600	600	0.000134426
600	600	0.000134421
600	600	0.000133149
600	600	0.000134328
600	600	0.000134429
600	600	0.000134435
600	600	0.000134348
600	600	0.000182321
600	600	0.000134340
600	600	0.000134363
600	600	0.000139628
600	600	0.000134364
600	600	0.000132840
600	600	0.000134340
600	600	0.000134424
600	600	0.000134336
600	600	0.000134360
600	600	0.000134430
600	600	0.000139344
600	600	0.000138725
600	600	0.000139346
600	600	0.000135740
600	600	0.000139432
600	600	0.000139345
600	600	0.000144242
600	600	0.000139361
600	600	0.000139377
600	600	0.000139326
600	600	0.000144730
600	600	0.000144741
600	600	0.000144680
600	600	0.000144681
600	600	0.000144679
600	600	0.000170984
600	600	0.000172117
600	600	0.000201585
600	600	0.000189446
600	600	0.000197960
600	600	0.000198046
600	600	0.000206685
600	600	0.000208975
600	600	0.000209072
600	600	0.000235082
600	600	0.000236796
600	600	0.000245948
600	600	0.000235245
600	600	0.000235194
600	600	0.000235097
600	600	0.000235269
600	600	0.000221393
600	600	0.000235309
600	600	0.000221454
600	600	0.000299686
600	600	0.000235090
600	600	0.000270928
600	600	0.000235118
600	600	0.000235270
600	600	0.000235130
600	600	0.000235110
600	600	0.000235223
600	600	0.000243019
600	600	0.000235259
600	600	0.000235270
600	600	0.000235135
600	600	0.000235147
600	600	0.000235257
600	600	0.000249778
600	600	0.000235101
600	600	0.000242650
600	600	0.000244980
600	600	0.000235097
600	600	0.000235104
600	600	0.000235143
600	600	0.000235153
