120	128	0.000178609
120	128	0.000178742
120	128	0.000178398
120	128	0.000178404
120	128	0.000178389
120	128	0.000171968
120	128	0.000180655
120	128	0.000172770
120	128	0.000178395
120	128	0.000171758
120	128	0.000178499
120	128	0.000178522
120	128	0.000172047
120	128	0.000172911
120	128	0.000178398
120	128	0.000172082
120	128	0.000178418
120	128	0.000178385
120	128	0.000171918
120	128	0.000178660
120	128	0.000178356
120	128	0.000178425
120	128	0.000182021
120	128	0.000178652
120	128	0.000172227
120	128	0.000184356
120	128	0.000173927
120	128	0.000172468
120	128	0.000173717
120	128	0.000172397
120	128	0.000178925
120	128	0.000178512
120	128	0.000192548
120	128	0.000185473
120	128	0.000186305
120	128	0.000191471
120	128	0.000200892
120	128	0.000200157
120	128	0.000201862
120	128	0.000252661
120	128	0.000209598
120	128	0.000210036
120	128	0.000209538
120	128	0.000217509
120	128	0.000253888
120	128	0.000256029
120	128	0.000267786
120	128	0.000268618
120	128	0.000267893
120	128	0.000291821
120	128	0.000283438
120	128	0.000282859
120	128	0.000350515
120	128	0.000317404
120	128	0.000302525
120	128	0.000312310
120	128	0.000299212
120	128	0.000301261
120	128	0.000301920
120	128	0.000333883
120	128	0.000304877
120	128	0.000301083
120	128	0.000312242
120	128	0.000312641
120	128	0.000308754
120	128	0.000312052
120	128	0.000302259
120	128	0.000300688
120	128	0.000301434
120	128	0.000284774
120	128	0.000314086
120	128	0.000329417
120	128	0.000301955
120	128	0.000301281
120	128	0.000294014
120	128	0.000310799
120	128	0.000318820
120	128	0.000312173
120	128	0.000301157
120	128	0.000300928
120	128	0.000312301
120	128	0.000319671
120	128	0.000347949
120	128	0.000301080
120	128	0.000302518
120	128	0.000302699
120	128	0.000300493
120	128	0.000313347
120	128	0.000310517
120	128	0.000301061
120	128	0.000302033
120	128	0.000300916
120	128	0.000317415
120	128	0.000318421
120	128	0.000303287
120	128	0.000301795
120	128	0.000304214
120	128	0.000284374
120	128	0.000336396
120	128	0.000312103
120	256	0.000340814
120	256	0.000355371
120	256	0.000355479
120	256	0.000341928
120	256	0.000355559
120	256	0.000355504
120	256	0.000355324
120	256	0.000355467
120	256	0.000338018
120	256	0.000365466
120	256	0.000368238
120	256	0.000340607
120	256	0.000340853
120	256	0.000340048
120	256	0.000341812
120	256	0.000339879
120	256	0.000348486
120	256	0.000348578
120	256	0.000349216
120	256	0.000341697
120	256	0.000340808
120	256	0.000339755
120	256	0.000341937
120	256	0.000348335
120	256	0.000351975
120	256	0.000339445
120	256	0.000355600
120	256	0.000343566
120	256	0.000355588
120	256	0.000355424
120	256	0.000361238
120	256	0.000360426
120	256	0.000340252
120	256	0.000341954
120	256	0.000355812
120	256	0.000340392
120	256	0.000340247
120	256	0.000359938
120	256	0.000379134
120	256	0.000346115
120	256	0.000360239
120	256	0.000355596
120	256	0.000355870
120	256	0.000344249
120	256	0.000340241
120	256	0.000346516
120	256	0.000359868
120	256	0.000346485
120	256	0.000339367
120	256	0.000397103
120	256	0.000398276
120	256	0.000397181
120	256	0.000401482
120	256	0.000452230
120	256	0.000434141
120	256	0.000480721
120	256	0.000473357
120	256	0.000463245
120	256	0.000433246
120	256	0.000432797
120	256	0.000435134
120	256	0.000437277
120	256	0.000452257
120	256	0.000477944
120	256	0.000496853
120	256	0.000489648
120	256	0.000563942
120	256	0.000593057
120	256	0.000623444
120	256	0.000603027
120	256	0.000630126
120	256	0.000598117
120	256	0.000570366
120	256	0.000590692
120	256	0.000644513
120	256	0.000600539
120	256	0.000607806
120	256	0.000606365
120	256	0.000599320
120	256	0.000592588
120	256	0.000599210
120	256	0.000608762
120	256	0.000598896
120	256	0.000600044
120	256	0.000633280
120	256	0.000597146
120	256	0.000623415
120	256	0.000596844
120	256	0.000598158
120	256	0.000597346
120	256	0.000589597
120	256	0.000606330
120	256	0.000581336
120	256	0.000610906
120	256	0.000628806
120	256	0.000576324
120	256	0.000625979
120	256	0.000626290
120	256	0.000625256
120	256	0.000638775
120	380	0.000520491
120	380	0.000526271
120	380	0.000526285
120	380	0.000502588
120	380	0.000525191
120	380	0.000502956
120	380	0.000502122
120	380	0.000503178
120	380	0.000526683
120	380	0.000503764
120	380	0.000509947
120	380	0.000509459
120	380	0.000513515
120	380	0.000527853
120	380	0.000508169
120	380	0.000528807
120	380	0.000520157
120	380	0.000511913
120	380	0.000514981
120	380	0.000508517
120	380	0.000529936
120	380	0.000529657
120	380	0.000527973
120	380	0.000509272
120	380	0.000509583
120	380	0.000525884
120	380	0.000677798
120	380	0.000649208
120	380	0.000613450
120	380	0.000541594
120	380	0.000569020
120	380	0.000643805
120	380	0.000621989
120	380	0.000618947
120	380	0.000614041
120	380	0.000623301
120	380	0.000569811
120	380	0.000572720
120	380	0.000579322
120	380	0.000602189
120	380	0.000586329
120	380	0.000657054
120	380	0.000646906
120	380	0.000655641
120	380	0.000703939
120	380	0.000718865
120	380	0.000783718
120	380	0.000818534
120	380	0.000775966
120	380	0.000754385
120	380	0.000776569
120	380	0.000781592
120	380	0.000757671
120	380	0.000804714
120	380	0.000844112
120	380	0.000883139
120	380	0.000887872
120	380	0.000838443
120	380	0.000908621
120	380	0.000845996
120	380	0.000917819
120	380	0.000883680
120	380	0.000886822
120	380	0.000835516
120	380	0.000896192
120	380	0.000867731
120	380	0.000880367
120	380	0.000904221
120	380	0.000890184
120	380	0.000887780
120	380	0.000895260
120	380	0.000859499
120	380	0.000885122
120	380	0.000885079
120	380	0.000904672
120	380	0.000841319
120	380	0.000884502
120	380	0.000908473
120	380	0.000872382
120	380	0.000887464
120	380	0.000902778
120	380	0.000829482
120	380	0.000868880
120	380	0.000846825
120	380	0.000887037
120	380	0.000838917
120	380	0.000901857
120	380	0.000919556
120	380	0.000880740
120	380	0.000914668
120	380	0.000887351
120	380	0.000877261
120	380	0.000891714
120	380	0.000910016
120	380	0.000879029
120	380	0.000924041
120	380	0.000893254
120	380	0.000919654
120	380	0.000920681
120	380	0.000921075
120	510	0.000673210
120	510	0.000705518
120	510	0.000678826
120	510	0.000705936
120	510	0.000674282
120	510	0.000680306
120	510	0.000690568
120	510	0.000673599
120	510	0.000678923
120	510	0.000700482
120	510	0.000681254
120	510	0.000705915
120	510	0.000711349
120	510	0.000679277
120	510	0.000679521
120	510	0.000672851
120	510	0.000673746
120	510	0.000743080
120	510	0.000731476
120	510	0.000776123
120	510	0.000774790
120	510	0.000784077
120	510	0.000790757
120	510	0.000818552
120	510	0.000860720
120	510	0.000948389
120	510	0.000973008
120	510	0.000976059
120	510	0.001003605
120	510	0.001160278
120	510	0.001139998
120	510	0.001186195
120	510	0.001172810
120	510	0.001126643
120	510	0.001121908
120	510	0.001269465
120	510	0.001181481
120	510	0.001211012
120	510	0.001185257
120	510	0.001204852
120	510	0.001168372
120	510	0.001159964
120	510	0.001139722
120	510	0.001151314
120	510	0.001189881
120	510	0.001186501
120	510	0.001148140
120	510	0.001138660
120	510	0.001085772
120	510	0.001099410
120	510	0.001190548
120	510	0.001007322
120	510	0.000946904
120	510	0.000963586
120	510	0.000954013
120	510	0.001137751
120	510	0.001082361
120	510	0.001093284
120	510	0.001187015
120	510	0.001188374
120	510	0.001172658
120	510	0.001184234
120	510	0.001187207
120	510	0.001179829
120	510	0.001130444
120	510	0.001097300
120	510	0.001066428
120	510	0.001205800
120	510	0.001184639
120	510	0.001243125
120	510	0.001187870
120	510	0.001239747
120	510	0.001171376
120	510	0.001196749
120	510	0.001181246
120	510	0.001144582
120	510	0.001190845
120	510	0.001215742
120	510	0.001138855
120	510	0.001188234
120	510	0.001162239
120	510	0.000961772
120	510	0.000984651
120	510	0.001202501
120	510	0.001215407
120	510	0.001241661
120	510	0.001185575
120	510	0.001192529
120	510	0.001190832
120	510	0.001180953
120	510	0.001177502
120	510	0.001241035
120	510	0.001215722
120	510	0.001165135
120	510	0.001172632
120	510	0.001223488
120	510	0.001214555
120	510	0.001205542
120	510	0.001186522
120	510	0.001193525
120	600	0.000830878
120	600	0.000800689
120	600	0.000791581
120	600	0.000828792
120	600	0.000806836
120	600	0.000836371
120	600	0.000819358
120	600	0.000796923
120	600	0.000799008
120	600	0.000811280
120	600	0.000833164
120	600	0.000820142
120	600	0.000791655
120	600	0.000800585
120	600	0.000860758
120	600	0.000867889
120	600	0.001165087
120	600	0.001210455
120	600	0.001375431
120	600	0.001407077
120	600	0.001422625
120	600	0.001297053
120	600	0.001184146
120	600	0.001245200
120	600	0.001291860
120	600	0.001316262
120	600	0.001038263
120	600	0.001082809
120	600	0.001070487
120	600	0.001122256
120	600	0.001111863
120	600	0.001068892
120	600	0.001056653
120	600	0.001030303
120	600	0.001218644
120	600	0.001292455
120	600	0.001209768
120	600	0.001200004
120	600	0.001182307
120	600	0.001229686
120	600	0.001271406
120	600	0.001267638
120	600	0.001359322
120	600	0.001382823
120	600	0.001324147
120	600	0.001302918
120	600	0.001369641
120	600	0.001318626
120	600	0.001343707
120	600	0.001363109
120	600	0.001396256
120	600	0.001254131
120	600	0.001365609
120	600	0.001356210
120	600	0.001349757
120	600	0.001243473
120	600	0.001299479
120	600	0.001353178
120	600	0.001430381
120	600	0.001413196
120	600	0.001404961
120	600	0.001424001
120	600	0.001386094
120	600	0.001405913
120	600	0.001396764
120	600	0.001376060
120	600	0.001324274
120	600	0.001335686
120	600	0.001356721
120	600	0.001300091
120	600	0.001184438
120	600	0.001295839
120	600	0.001213953
120	600	0.001121978
120	600	0.001072967
120	600	0.001139484
120	600	0.001425191
120	600	0.001186281
120	600	0.001174660
120	600	0.001059757
120	600	0.001068221
120	600	0.001062239
120	600	0.001360778
120	600	0.001201167
120	600	0.001195154
120	600	0.001266035
120	600	0.001449081
120	600	0.001432618
120	600	0.001450025
120	600	0.001407994
120	600	0.001259464
120	600	0.001368957
120	600	0.001467126
120	600	0.001316521
120	600	0.001201983
120	600	0.001229936
120	600	0.001376819
120	600	0.001312393
120	600	0.001117757
120	600	0.001143785
250	128	0.000335390
250	128	0.000340719
250	128	0.000339464
250	128	0.000340894
250	128	0.000330403
250	128	0.000330104
250	128	0.000334700
250	128	0.000330096
250	128	0.000336449
250	128	0.000338543
250	128	0.000329837
250	128	0.000330880
250	128	0.000329181
250	128	0.000329871
250	128	0.000330321
250	128	0.000335351
250	128	0.000336981
250	128	0.000359642
250	128	0.000341416
250	128	0.000334722
250	128	0.000329684
250	128	0.000334831
250	128	0.000334662
250	128	0.000329398
250	128	0.000375710
250	128	0.000375664
250	128	0.000375987
250	128	0.000411158
250	128	0.000407872
250	128	0.000410806
250	128	0.000479272
250	128	0.000471378
250	128	0.000525895
250	128	0.000551172
250	128	0.000562423
250	128	0.000577084
250	128	0.000593391
250	128	0.000597565
250	128	0.000593830
250	128	0.000583111
250	128	0.000594056
250	128	0.000585618
250	128	0.000576693
250	128	0.000577829
250	128	0.000549452
250	128	0.000587207
250	128	0.000576147
250	128	0.000595013
250	128	0.000576508
250	128	0.000566307
250	128	0.000578485
250	128	0.000594981
250	128	0.000606190
250	128	0.000576880
250	128	0.000565898
250	128	0.000591909
250	128	0.000590812
250	128	0.000586366
250	128	0.000566025
250	128	0.000598435
250	128	0.000590390
250	128	0.000594527
250	128	0.000582088
250	128	0.000567436
250	128	0.000576932
250	128	0.000592871
250	128	0.000588263
250	128	0.000576798
250	128	0.000618303
250	128	0.000578395
250	128	0.000564906
250	128	0.000579228
250	128	0.000563072
250	128	0.000587198
250	128	0.000541898
250	128	0.000635517
250	128	0.000586224
250	128	0.000592725
250	128	0.000578060
250	128	0.000559662
250	128	0.000578589
250	128	0.000578626
250	128	0.000585678
250	128	0.000557774
250	128	0.000570668
250	128	0.000572284
250	128	0.000561224
250	128	0.000582605
250	128	0.000585593
250	128	0.000609491
250	128	0.000618203
250	128	0.000590524
250	128	0.000551522
250	128	0.000635492
250	128	0.000577545
250	128	0.000549833
250	128	0.000607285
250	128	0.000580583
250	128	0.000585052
250	128	0.000577822
250	256	0.000655795
250	256	0.000661338
250	256	0.000663833
250	256	0.000666905
250	256	0.000671416
250	256	0.000661424
250	256	0.000663232
250	256	0.000666806
250	256	0.000654991
250	256	0.000662255
250	256	0.000660776
250	256	0.000671933
250	256	0.000654912
250	256	0.000666755
250	256	0.000670758
250	256	0.000672190
250	256	0.000672198
250	256	0.000653670
250	256	0.000655341
250	256	0.000664311
250	256	0.000666302
250	256	0.000663110
250	256	0.000667048
250	256	0.000672960
250	256	0.000662787
250	256	0.000661479
250	256	0.000655053
250	256	0.000855248
250	256	0.000838379
250	256	0.000852068
250	256	0.000840612
250	256	0.000887197
250	256	0.000873435
250	256	0.000881298
250	256	0.000881129
250	256	0.000901435
250	256	0.000887070
250	256	0.001038692
250	256	0.000976947
250	256	0.000986124
250	256	0.000995498
250	256	0.000975598
250	256	0.000971321
250	256	0.001004252
250	256	0.001045045
250	256	0.000818316
250	256	0.000803981
250	256	0.000805970
250	256	0.000799105
250	256	0.000995420
250	256	0.000949152
250	256	0.000798350
250	256	0.000805100
250	256	0.000815674
250	256	0.000815390
250	256	0.000989571
250	256	0.000947382
250	256	0.000803346
250	256	0.000811422
250	256	0.000805093
250	256	0.000811660
250	256	0.000796763
250	256	0.000810755
250	256	0.000937357
250	256	0.000926004
250	256	0.000877922
250	256	0.001021422
250	256	0.001155006
250	256	0.001178097
250	256	0.001159249
250	256	0.001135511
250	256	0.001136755
250	256	0.001140955
250	256	0.001128816
250	256	0.001139261
250	256	0.001141768
250	256	0.001146588
250	256	0.001120650
250	256	0.001164370
250	256	0.001173555
250	256	0.001137893
250	256	0.001106576
250	256	0.001151661
250	256	0.001169034
250	256	0.001162022
250	256	0.001160212
250	256	0.001154120
250	256	0.001182554
250	256	0.001097490
250	256	0.001163857
250	256	0.001139881
250	256	0.001149155
250	256	0.001141109
250	256	0.001198135
250	256	0.001159531
250	256	0.001091678
250	256	0.001146888
250	256	0.001088014
250	256	0.001133146
250	256	0.001160952
250	380	0.000978864
250	380	0.000987471
250	380	0.000977156
250	380	0.000986908
250	380	0.001006076
250	380	0.000974865
250	380	0.000988845
250	380	0.000976734
250	380	0.000973979
250	380	0.000978485
250	380	0.000975506
250	380	0.000997151
250	380	0.001050969
250	380	0.001073732
250	380	0.001362927
250	380	0.001567270
250	380	0.001669147
250	380	0.001619534
250	380	0.001620421
250	380	0.001632519
250	380	0.001661135
250	380	0.001446881
250	380	0.001400720
250	380	0.001301558
250	380	0.001243737
250	380	0.001338192
250	380	0.001367212
250	380	0.001020555
250	380	0.001024433
250	380	0.001298100
250	380	0.001239567
250	380	0.001207837
250	380	0.001196481
250	380	0.001203147
250	380	0.001209662
250	380	0.001306231
250	380	0.001303808
250	380	0.001206566
250	380	0.001162246
250	380	0.001153461
250	380	0.001153447
250	380	0.001159466
250	380	0.001208150
250	380	0.001198498
250	380	0.001248339
250	380	0.001363434
250	380	0.001055925
250	380	0.001063634
250	380	0.001363460
250	380	0.001281123
250	380	0.001242254
250	380	0.001240356
250	380	0.001330924
250	380	0.001379904
250	380	0.001301172
250	380	0.001192970
250	380	0.001214679
250	380	0.001249276
250	380	0.001003202
250	380	0.000972449
250	380	0.001012123
250	380	0.001026215
250	380	0.001014550
250	380	0.001024514
250	380	0.000968170
250	380	0.000986413
250	380	0.001005292
250	380	0.000983481
250	380	0.000989712
250	380	0.001014099
250	380	0.001061544
250	380	0.001085657
250	380	0.001094298
250	380	0.001098320
250	380	0.001100287
250	380	0.001210190
250	380	0.001245430
250	380	0.001318978
250	380	0.001301961
250	380	0.001394602
250	380	0.001627825
250	380	0.001666658
250	380	0.001615050
250	380	0.001532552
250	380	0.001627315
250	380	0.001605025
250	380	0.001700708
250	380	0.001645498
250	380	0.001666800
250	380	0.001671964
250	380	0.001665558
250	380	0.001668132
250	380	0.001719521
250	380	0.001603099
250	380	0.001674648
250	380	0.001641950
250	380	0.001618188
250	380	0.001601640
250	380	0.001243547
250	380	0.001213567
250	510	0.001306385
250	510	0.001329488
250	510	0.001322261
250	510	0.001309129
250	510	0.001313044
250	510	0.001308500
250	510	0.001330204
250	510	0.001304780
250	510	0.001326736
250	510	0.001340163
250	510	0.001328859
250	510	0.001361919
250	510	0.001314433
250	510	0.001318031
250	510	0.001315586
250	510	0.001305181
250	510	0.001307463
250	510	0.001301657
250	510	0.001324081
250	510	0.001307585
250	510	0.001305081
250	510	0.001306090
250	510	0.001310268
250	510	0.001312880
250	510	0.001309037
250	510	0.001352804
250	510	0.001430609
250	510	0.001540269
250	510	0.001394319
250	510	0.001302927
250	510	0.001304333
250	510	0.001314589
250	510	0.001611826
250	510	0.001549125
250	510	0.001607841
250	510	0.001649599
250	510	0.001610862
250	510	0.001462259
250	510	0.001435625
250	510	0.001306075
250	510	0.001312789
250	510	0.001330019
250	510	0.001363326
250	510	0.001418969
250	510	0.001385651
250	510	0.001305187
250	510	0.001733345
250	510	0.001570663
250	510	0.001498340
250	510	0.001927643
250	510	0.001741172
250	510	0.001929595
250	510	0.001590825
250	510	0.001504789
250	510	0.001424892
250	510	0.001482251
250	510	0.001567164
250	510	0.001530879
250	510	0.001428965
250	510	0.001323393
250	510	0.001321482
250	510	0.001411726
250	510	0.001549190
250	510	0.001741843
250	510	0.001795247
250	510	0.001668712
250	510	0.001580625
250	510	0.001739677
250	510	0.002168679
250	510	0.002152629
250	510	0.002175056
250	510	0.002168369
250	510	0.002222463
250	510	0.002222822
250	510	0.002172005
250	510	0.002226137
250	510	0.002155170
250	510	0.002206369
250	510	0.002213817
250	510	0.002152236
250	510	0.002125506
250	510	0.002138454
250	510	0.001911266
250	510	0.001655707
250	510	0.001606276
250	510	0.001532925
250	510	0.001759127
250	510	0.001470468
250	510	0.001321562
250	510	0.001302361
250	510	0.001303877
250	510	0.001316313
250	510	0.001319582
250	510	0.001381988
250	510	0.001462958
250	510	0.001591787
250	510	0.001609471
250	510	0.001661235
250	510	0.001781558
250	510	0.001897774
250	600	0.001539210
250	600	0.001530370
250	600	0.001529723
250	600	0.001529752
250	600	0.001543370
250	600	0.001535214
250	600	0.001535642
250	600	0.001553315
250	600	0.001529810
250	600	0.001575367
250	600	0.001533702
250	600	0.001577842
250	600	0.001541569
250	600	0.001555027
250	600	0.001545624
250	600	0.001529691
250	600	0.001573933
250	600	0.001536204
250	600	0.001554135
250	600	0.001530454
250	600	0.001600515
250	600	0.001674645
250	600	0.001651580
250	600	0.001649719
250	600	0.001788857
250	600	0.001852432
250	600	0.002108386
250	600	0.001991547
250	600	0.001916604
250	600	0.001973230
250	600	0.001941379
250	600	0.001807803
250	600	0.001968228
250	600	0.002544608
250	600	0.002623618
250	600	0.002601199
250	600	0.002583558
250	600	0.002087626
250	600	0.002484824
250	600	0.002661926
250	600	0.002561374
250	600	0.002529430
250	600	0.002235847
250	600	0.001952715
250	600	0.002044262
250	600	0.001990444
250	600	0.002120517
250	600	0.002605165
250	600	0.002171132
250	600	0.002526963
250	600	0.002084382
250	600	0.001603378
250	600	0.001839161
250	600	0.001793926
250	600	0.001754033
250	600	0.002226266
250	600	0.002083706
250	600	0.002134638
250	600	0.002076823
250	600	0.002222386
250	600	0.001966019
250	600	0.002317065
250	600	0.002596970
250	600	0.002526799
250	600	0.002582616
250	600	0.002290822
250	600	0.002594307
250	600	0.002301591
250	600	0.002477130
250	600	0.002307978
250	600	0.002437022
250	600	0.002638453
250	600	0.002554325
250	600	0.002575170
250	600	0.002526585
250	600	0.002581037
250	600	0.002587918
250	600	0.002598694
250	600	0.002525942
250	600	0.002517830
250	600	0.002606978
250	600	0.002527197
250	600	0.002586421
250	600	0.002562811
250	600	0.002531271
250	600	0.002603675
250	600	0.002625853
250	600	0.002547886
250	600	0.002528731
250	600	0.002547438
250	600	0.002596302
250	600	0.002538486
250	600	0.002539275
250	600	0.002412002
250	600	0.001796210
250	600	0.002220847
250	600	0.001775603
250	600	0.002138178
250	600	0.002582437
250	600	0.002623696
380	128	0.000497095
380	128	0.000493824
380	128	0.000488775
380	128	0.000489573
380	128	0.000483129
380	128	0.000490962
380	128	0.000482569
380	128	0.000491161
380	128	0.000491195
380	128	0.000484498
380	128	0.000483580
380	128	0.000483211
380	128	0.000488446
380	128	0.000488466
380	128	0.000500096
380	128	0.000483158
380	128	0.000488543
380	128	0.000483320
380	128	0.000494979
380	128	0.000510166
380	128	0.000507740
380	128	0.000535307
380	128	0.000546930
380	128	0.000529278
380	128	0.000576015
380	128	0.000565114
380	128	0.000588591
380	128	0.000587607
380	128	0.000601123
380	128	0.000551775
380	128	0.000553840
380	128	0.000547162
380	128	0.000614565
380	128	0.000622291
380	128	0.000590673
380	128	0.000569910
380	128	0.000577436
380	128	0.000680172
380	128	0.000683407
380	128	0.000645868
380	128	0.000659029
380	128	0.000773941
380	128	0.000769943
380	128	0.000629337
380	128	0.000615014
380	128	0.000619962
380	128	0.000625233
380	128	0.000690573
380	128	0.000781484
380	128	0.000780245
380	128	0.000815674
380	128	0.000770859
380	128	0.000767301
380	128	0.000736471
380	128	0.000720753
380	128	0.000685913
380	128	0.000695238
380	128	0.000679689
380	128	0.000652138
380	128	0.000658559
380	128	0.000752688
380	128	0.000762588
380	128	0.000760127
380	128	0.000795808
380	128	0.000856797
380	128	0.000844112
380	128	0.000858129
380	128	0.000845553
380	128	0.000861150
380	128	0.000839364
380	128	0.000839811
380	128	0.000814495
380	128	0.000800462
380	128	0.000857460
380	128	0.000861042
380	128	0.000837905
380	128	0.000834598
380	128	0.000844928
380	128	0.000847641
380	128	0.000835559
380	128	0.000859195
380	128	0.000871114
380	128	0.000825655
380	128	0.000854953
380	128	0.000848578
380	128	0.000838839
380	128	0.000870243
380	128	0.000851676
380	128	0.000859795
380	128	0.000849177
380	128	0.000803441
380	128	0.000853332
380	128	0.000838179
380	128	0.000835111
380	128	0.000844429
380	128	0.000874042
380	128	0.000844016
380	128	0.000835336
380	128	0.000863177
380	128	0.000853079
380	256	0.000967709
380	256	0.000969905
380	256	0.000983708
380	256	0.000969588
380	256	0.000965659
380	256	0.000972213
380	256	0.000979924
380	256	0.000968751
380	256	0.000974386
380	256	0.000972334
380	256	0.000972284
380	256	0.000984306
380	256	0.000967864
380	256	0.000980022
380	256	0.001005550
380	256	0.001004324
380	256	0.000980403
380	256	0.000976591
380	256	0.000961114
380	256	0.000972995
380	256	0.001230331
380	256	0.001281916
380	256	0.001352564
380	256	0.001496073
380	256	0.001435577
380	256	0.001357413
380	256	0.001285042
380	256	0.001438152
380	256	0.001375814
380	256	0.001313571
380	256	0.001665907
380	256	0.001480425
380	256	0.001632220
380	256	0.001598900
380	256	0.001540176
380	256	0.001688370
380	256	0.001618220
380	256	0.001663185
380	256	0.001506030
380	256	0.001647579
380	256	0.001645923
380	256	0.001617188
380	256	0.001717637
380	256	0.001629164
380	256	0.001596717
380	256	0.001662140
380	256	0.001627367
380	256	0.001702385
380	256	0.001677061
380	256	0.001652154
380	256	0.001680502
380	256	0.001608849
380	256	0.001527130
380	256	0.001699855
380	256	0.001661433
380	256	0.001633105
380	256	0.001644896
380	256	0.001690003
380	256	0.001687565
380	256	0.001634506
380	256	0.001672328
380	256	0.001628453
380	256	0.001614357
380	256	0.001640608
380	256	0.001661098
380	256	0.001651918
380	256	0.001290682
380	256	0.001459727
380	256	0.001393186
380	256	0.001292973
380	256	0.001252135
380	256	0.001338727
380	256	0.001597926
380	256	0.001669950
380	256	0.001640448
380	256	0.001626059
380	256	0.001630027
380	256	0.001637629
380	256	0.001642088
380	256	0.001679604
380	256	0.001594964
380	256	0.001663548
380	256	0.001639733
380	256	0.001595850
380	256	0.001513764
380	256	0.001514359
380	256	0.001587283
380	256	0.001633578
380	256	0.001639445
380	256	0.001694313
380	256	0.001645746
380	256	0.001657456
380	256	0.001598216
380	256	0.001600141
380	256	0.001517489
380	256	0.001642176
380	256	0.001585561
380	256	0.001592173
380	256	0.001611276
380	256	0.001641548
380	380	0.001428675
380	380	0.001441608
380	380	0.001442086
380	380	0.001447566
380	380	0.001429384
380	380	0.001450265
380	380	0.001439136
380	380	0.001428145
380	380	0.001445652
380	380	0.001450444
380	380	0.001438933
380	380	0.001440208
380	380	0.001641553
380	380	0.002040725
380	380	0.002389183
380	380	0.002292750
380	380	0.002357854
380	380	0.002420423
380	380	0.002420000
380	380	0.001912901
380	380	0.002264023
380	380	0.001826241
380	380	0.002246939
380	380	0.001752643
380	380	0.002230816
380	380	0.002412409
380	380	0.002313432
380	380	0.001825919
380	380	0.002131927
380	380	0.001669458
380	380	0.001845196
380	380	0.001818737
380	380	0.001965233
380	380	0.002319179
380	380	0.002185075
380	380	0.002235440
380	380	0.002445877
380	380	0.002184877
380	380	0.001889121
380	380	0.001880009
380	380	0.001914797
380	380	0.001897864
380	380	0.001754681
380	380	0.001907128
380	380	0.001552118
380	380	0.001677345
380	380	0.001797085
380	380	0.001735523
380	380	0.001674846
380	380	0.001844167
380	380	0.001509947
380	380	0.001572539
380	380	0.002001258
380	380	0.002450429
380	380	0.002324207
380	380	0.002350540
380	380	0.002203889
380	380	0.002369801
380	380	0.002105310
380	380	0.002295403
380	380	0.001935337
380	380	0.002364544
380	380	0.002381000
380	380	0.002360553
380	380	0.002428558
380	380	0.002434773
380	380	0.002355107
380	380	0.002461975
380	380	0.002407619
380	380	0.002443577
380	380	0.002406628
380	380	0.002397071
380	380	0.002427079
380	380	0.002364585
380	380	0.002468203
380	380	0.002276122
380	380	0.002392546
380	380	0.002012392
380	380	0.001546802
380	380	0.001748669
380	380	0.001862102
380	380	0.001767028
380	380	0.002023160
380	380	0.002015489
380	380	0.001901832
380	380	0.001460392
380	380	0.001497528
380	380	0.001609016
380	380	0.001610481
380	380	0.002126077
380	380	0.001685532
380	380	0.002013896
380	380	0.002325800
380	380	0.002410365
380	380	0.002369315
380	380	0.002380903
380	380	0.002473765
380	380	0.002409503
380	380	0.002430405
380	380	0.002380308
380	510	0.001923144
380	510	0.001935966
380	510	0.001950844
380	510	0.001918391
380	510	0.001932533
380	510	0.001915161
380	510	0.001931803
380	510	0.001915132
380	510	0.001954852
380	510	0.001927336
380	510	0.001975193
380	510	0.002163994
380	510	0.002609889
380	510	0.002460906
380	510	0.002702534
380	510	0.003193860
380	510	0.002560094
380	510	0.002003489
380	510	0.002342112
380	510	0.003213717
380	510	0.003243797
380	510	0.003233794
380	510	0.003289500
380	510	0.003249410
380	510	0.003066405
380	510	0.003218447
380	510	0.002558956
380	510	0.003101672
380	510	0.002768695
380	510	0.002952125
380	510	0.002364063
380	510	0.003079222
380	510	0.002284887
380	510	0.001926968
380	510	0.001933257
380	510	0.001952174
380	510	0.001919998
380	510	0.001915597
380	510	0.001939173
380	510	0.001915994
380	510	0.001911108
380	510	0.001928762
380	510	0.002352536
380	510	0.001988532
380	510	0.002235639
380	510	0.002874998
380	510	0.002570547
380	510	0.002566798
380	510	0.002428291
380	510	0.002580636
380	510	0.002213755
380	510	0.002413521
380	510	0.001998224
380	510	0.002482264
380	510	0.001917666
380	510	0.002432705
380	510	0.003151337
380	510	0.003067273
380	510	0.003174119
380	510	0.002726759
380	510	0.003174526
380	510	0.002971267
380	510	0.003192725
380	510	0.002457329
380	510	0.002885117
380	510	0.003246821
380	510	0.002738191
380	510	0.003146004
380	510	0.002769752
380	510	0.003086387
380	510	0.002506351
380	510	0.002912857
380	510	0.002554151
380	510	0.002826170
380	510	0.003164237
380	510	0.003077880
380	510	0.003196536
380	510	0.002732540
380	510	0.003242917
380	510	0.003225141
380	510	0.003220480
380	510	0.003225159
380	510	0.003051764
380	510	0.003247697
380	510	0.002705354
380	510	0.003164432
380	510	0.002896184
380	510	0.003244679
380	510	0.002668239
380	510	0.002851180
380	510	0.002554307
380	510	0.002834810
380	510	0.002259034
380	510	0.002620462
380	510	0.002267844
380	510	0.002546619
380	510	0.003045382
380	510	0.002612367
380	510	0.002948899
380	510	0.002450053
380	600	0.002267808
380	600	0.002266335
380	600	0.002274948
380	600	0.002281491
380	600	0.002257528
380	600	0.002267753
380	600	0.002339445
380	600	0.002259246
380	600	0.002256174
380	600	0.002268819
380	600	0.002281366
380	600	0.002290690
380	600	0.002353304
380	600	0.002865096
380	600	0.002616947
380	600	0.002952381
380	600	0.003636306
380	600	0.003066187
380	600	0.003489905
380	600	0.002847414
380	600	0.003127565
380	600	0.002610984
380	600	0.003233327
380	600	0.002621924
380	600	0.002759237
380	600	0.002431937
380	600	0.002738660
380	600	0.002277188
380	600	0.002874239
380	600	0.003280375
380	600	0.003060849
380	600	0.002998122
380	600	0.002869376
380	600	0.003124251
380	600	0.003544684
380	600	0.002878830
380	600	0.003176869
380	600	0.002606018
380	600	0.003211917
380	600	0.002681300
380	600	0.003141409
380	600	0.003616483
380	600	0.003389841
380	600	0.003724833
380	600	0.003773337
380	600	0.003733878
380	600	0.003446361
380	600	0.002632411
380	600	0.003382917
380	600	0.003697857
380	600	0.003446510
380	600	0.003829298
380	600	0.003784150
380	600	0.003613649
380	600	0.003795529
380	600	0.003639735
380	600	0.003719384
380	600	0.003426327
380	600	0.003814427
380	600	0.003772293
380	600	0.003769607
380	600	0.003762005
380	600	0.003756182
380	600	0.003699362
380	600	0.003823726
380	600	0.003717020
380	600	0.003588033
380	600	0.003744789
380	600	0.003483662
380	600	0.003796859
380	600	0.003786530
380	600	0.003727567
380	600	0.003769678
380	600	0.003683670
380	600	0.003696540
380	600	0.003012563
380	600	0.002398047
380	600	0.002731599
380	600	0.002293705
380	600	0.002835753
380	600	0.003722589
380	600	0.003706453
380	600	0.003714656
380	600	0.003637251
380	600	0.003187188
380	600	0.003603316
380	600	0.003154166
380	600	0.003586689
380	600	0.002904608
380	600	0.003153482
380	600	0.002588909
380	600	0.003416221
380	600	0.003718402
380	600	0.003335152
380	600	0.003729028
380	600	0.003185083
380	600	0.003675522
380	600	0.002811031
380	600	0.003408102
380	600	0.002698947
510	128	0.000647556
510	128	0.000647162
510	128	0.000647181
510	128	0.000651418
510	128	0.000647179
510	128	0.000641139
510	128	0.000639434
510	128	0.000646133
510	128	0.000651474
510	128	0.000652965
510	128	0.000639611
510	128	0.000654657
510	128	0.000646189
510	128	0.000648588
510	128	0.000645750
510	128	0.000640004
510	128	0.000647350
510	128	0.000664861
510	128	0.000677015
510	128	0.000667635
510	128	0.000899965
510	128	0.000910663
510	128	0.001064959
510	128	0.001024064
510	128	0.001011582
510	128	0.001009134
510	128	0.001050883
510	128	0.001149291
510	128	0.001116116
510	128	0.001078053
510	128	0.000859132
510	128	0.000859937
510	128	0.000863703
510	128	0.000858131
510	128	0.000866825
510	128	0.000931995
510	128	0.000946586
510	128	0.001118264
510	128	0.001113717
510	128	0.001065212
510	128	0.001113912
510	128	0.001106436
510	128	0.001141796
510	128	0.001098263
510	128	0.001129531
510	128	0.001132951
510	128	0.001137500
510	128	0.001117077
510	128	0.001062688
510	128	0.001065094
510	128	0.001062830
510	128	0.001149972
510	128	0.001149295
510	128	0.001146289
510	128	0.001111460
510	128	0.000958351
510	128	0.000948632
510	128	0.001004236
510	128	0.000971070
510	128	0.000928579
510	128	0.000881622
510	128	0.000830799
510	128	0.000824825
510	128	0.000640303
510	128	0.000652515
510	128	0.000754078
510	128	0.000723047
510	128	0.000750801
510	128	0.000798106
510	128	0.000755531
510	128	0.000792258
510	128	0.000792102
510	128	0.000792354
510	128	0.000784433
510	128	0.000801476
510	128	0.000787887
510	128	0.000795429
510	128	0.000790181
510	128	0.000784910
510	128	0.000787830
510	128	0.000787880
510	128	0.000786062
510	128	0.000793898
510	128	0.000785953
510	128	0.000753743
510	128	0.000746383
510	128	0.000931678
510	128	0.000951525
510	128	0.000903777
510	128	0.000906472
510	128	0.000903064
510	128	0.000925792
510	128	0.001004597
510	128	0.001062000
510	128	0.001043024
510	128	0.001004694
510	128	0.000971438
510	128	0.000948449
510	128	0.000961501
510	128	0.000956994
510	256	0.001287879
510	256	0.001287320
510	256	0.001280459
510	256	0.001283480
510	256	0.001297359
510	256	0.001276555
510	256	0.001297384
510	256	0.001275203
510	256	0.001297279
510	256	0.001284108
510	256	0.001322995
510	256	0.001284164
510	256	0.001286670
510	256	0.001289321
510	256	0.001319643
510	256	0.001632388
510	256	0.001493794
510	256	0.001592596
510	256	0.001608613
510	256	0.001573766
510	256	0.001348507
510	256	0.001383335
510	256	0.001450616
510	256	0.001510351
510	256	0.001416027
510	256	0.001283535
510	256	0.001276270
510	256	0.001278929
510	256	0.001277732
510	256	0.001302701
510	256	0.001279288
510	256	0.001283331
510	256	0.001278684
510	256	0.001293092
510	256	0.001323404
510	256	0.001391455
510	256	0.001513509
510	256	0.001576767
510	256	0.001388434
510	256	0.001323045
510	256	0.001376463
510	256	0.001457529
510	256	0.001469608
510	256	0.001394007
510	256	0.001286053
510	256	0.001288158
510	256	0.001280179
510	256	0.001426421
510	256	0.001452142
510	256	0.001375926
510	256	0.001305009
510	256	0.001352313
510	256	0.001646673
510	256	0.002115282
510	256	0.001649915
510	256	0.001785550
510	256	0.001690886
510	256	0.001489310
510	256	0.001441672
510	256	0.001310780
510	256	0.001365363
510	256	0.001723645
510	256	0.001554978
510	256	0.001750402
510	256	0.001660491
510	256	0.001615568
510	256	0.001720559
510	256	0.001707783
510	256	0.001502500
510	256	0.001791688
510	256	0.002007163
510	256	0.002014938
510	256	0.001938894
510	256	0.001951728
510	256	0.001943952
510	256	0.001957443
510	256	0.001892397
510	256	0.001902397
510	256	0.001929946
510	256	0.001928900
510	256	0.001964115
510	256	0.002125153
510	256	0.002153551
510	256	0.002117877
510	256	0.002154601
510	256	0.002152043
510	256	0.002082978
510	256	0.002103962
510	256	0.002023545
510	256	0.002095789
510	256	0.001924354
510	256	0.002115829
510	256	0.002204744
510	256	0.002182181
510	256	0.002211935
510	256	0.002175161
510	256	0.002162822
510	256	0.002142114
510	256	0.002190648
510	256	0.002191926
510	380	0.001919648
510	380	0.001911621
510	380	0.001904267
510	380	0.001917770
510	380	0.001892436
510	380	0.001916054
510	380	0.001895976
510	380	0.001892944
510	380	0.001905727
510	380	0.002045452
510	380	0.002667208
510	380	0.002658977
510	380	0.003063494
510	380	0.002495408
510	380	0.002963559
510	380	0.003214389
510	380	0.003156099
510	380	0.003174712
510	380	0.002985314
510	380	0.003205193
510	380	0.003129401
510	380	0.003165901
510	380	0.003194815
510	380	0.003182376
510	380	0.003118786
510	380	0.003151625
510	380	0.003193615
510	380	0.003145484
510	380	0.002757703
510	380	0.003148444
510	380	0.002709345
510	380	0.003071616
510	380	0.002794031
510	380	0.003096171
510	380	0.002224330
510	380	0.001902211
510	380	0.002148886
510	380	0.001952053
510	380	0.002165803
510	380	0.001977809
510	380	0.002168780
510	380	0.002922224
510	380	0.003175104
510	380	0.003160205
510	380	0.002984863
510	380	0.003176789
510	380	0.003010660
510	380	0.003174731
510	380	0.003163258
510	380	0.003147623
510	380	0.003210117
510	380	0.003186767
510	380	0.003125115
510	380	0.003003978
510	380	0.003088038
510	380	0.002902967
510	380	0.003099813
510	380	0.003184819
510	380	0.003162142
510	380	0.003125827
510	380	0.003111847
510	380	0.003135002
510	380	0.003194410
510	380	0.002987560
510	380	0.003211591
510	380	0.003076252
510	380	0.002727128
510	380	0.003073032
510	380	0.002766841
510	380	0.003093094
510	380	0.002304776
510	380	0.003139170
510	380	0.003167494
510	380	0.003004727
510	380	0.003136442
510	380	0.003038758
510	380	0.002948883
510	380	0.003192794
510	380	0.003009508
510	380	0.002225655
510	380	0.001910865
510	380	0.002185814
510	380	0.001922778
510	380	0.002146747
510	380	0.002578458
510	380	0.002069727
510	380	0.002672679
510	380	0.003070222
510	380	0.002881677
510	380	0.003042572
510	380	0.002593657
510	380	0.003016816
510	380	0.002616587
510	380	0.002895530
510	380	0.002315057
510	380	0.002735545
510	380	0.002237698
510	380	0.001895947
510	380	0.001892250
510	380	0.001894130
510	510	0.002543325
510	510	0.002534972
510	510	0.002534954
510	510	0.002545492
510	510	0.003607753
510	510	0.004016712
510	510	0.003326330
510	510	0.003899042
510	510	0.003096118
510	510	0.003578105
510	510	0.002931874
510	510	0.003897226
510	510	0.004054015
510	510	0.003691887
510	510	0.004001669
510	510	0.003243913
510	510	0.003749600
510	510	0.002950827
510	510	0.003493506
510	510	0.002895684
510	510	0.003097194
510	510	0.003019311
510	510	0.002898651
510	510	0.002554820
510	510	0.003328297
510	510	0.003579597
510	510	0.003008531
510	510	0.003281564
510	510	0.003189776
510	510	0.003646553
510	510	0.003014627
510	510	0.003374788
510	510	0.002870072
510	510	0.003128189
510	510	0.002616877
510	510	0.003169066
510	510	0.002608590
510	510	0.003280027
510	510	0.003520775
510	510	0.002897969
510	510	0.002547151
510	510	0.002671511
510	510	0.002594021
510	510	0.002839024
510	510	0.002561666
510	510	0.002700075
510	510	0.002535963
510	510	0.002559021
510	510	0.002540454
510	510	0.002541986
510	510	0.002534443
510	510	0.002550844
510	510	0.002554845
510	510	0.002538184
510	510	0.002562018
510	510	0.002557005
510	510	0.002543369
510	510	0.002551027
510	510	0.002551403
510	510	0.002604546
510	510	0.002831299
510	510	0.002645467
510	510	0.003067878
510	510	0.002541339
510	510	0.002728237
510	510	0.002549008
510	510	0.002546340
510	510	0.002533542
510	510	0.002561040
510	510	0.002563637
510	510	0.002567400
510	510	0.002548968
510	510	0.002544998
510	510	0.002545931
510	510	0.002559008
510	510	0.002542820
510	510	0.002535653
510	510	0.002551117
510	510	0.002565282
510	510	0.002549116
510	510	0.002552345
510	510	0.002549073
510	510	0.002795933
510	510	0.003537492
510	510	0.003285064
510	510	0.003928421
510	510	0.003319335
510	510	0.003467546
510	510	0.002795988
510	510	0.002974219
510	510	0.002576313
510	510	0.002984651
510	510	0.002635490
510	510	0.002698652
510	510	0.002572700
510	510	0.003046690
510	510	0.003824819
510	510	0.003153429
510	510	0.003508495
510	510	0.002950806
510	600	0.003004749
510	600	0.002994071
510	600	0.002997401
510	600	0.004384874
510	600	0.004988964
510	600	0.004349707
510	600	0.004563309
510	600	0.003901660
510	600	0.004314377
510	600	0.003176159
510	600	0.002989818
510	600	0.003008174
510	600	0.002983966
510	600	0.002992738
510	600	0.002982634
510	600	0.002997819
510	600	0.003098718
510	600	0.003754007
510	600	0.003113001
510	600	0.003615083
510	600	0.002984342
510	600	0.003262307
510	600	0.003004552
510	600	0.003004852
510	600	0.003037439
510	600	0.003000688
510	600	0.002986076
510	600	0.002986679
510	600	0.003018490
510	600	0.002985415
510	600	0.003002501
510	600	0.002981914
510	600	0.003018918
510	600	0.003004962
510	600	0.002989910
510	600	0.003001394
510	600	0.003026282
510	600	0.002987360
510	600	0.002988245
510	600	0.003000999
510	600	0.002992110
510	600	0.002999203
510	600	0.003001884
510	600	0.002999922
510	600	0.003003262
510	600	0.003088583
510	600	0.002984227
510	600	0.002978554
510	600	0.002988473
510	600	0.003188784
510	600	0.002992304
510	600	0.002983399
510	600	0.002993196
510	600	0.003180755
510	600	0.003003414
510	600	0.002983250
510	600	0.002987927
510	600	0.003186540
510	600	0.003009067
510	600	0.002995879
510	600	0.003008518
510	600	0.003162974
510	600	0.003004779
510	600	0.002982982
510	600	0.003004448
510	600	0.003069743
510	600	0.002993758
510	600	0.003088031
510	600	0.003001896
510	600	0.003174945
510	600	0.003193901
510	600	0.003703308
510	600	0.003047028
510	600	0.003727986
510	600	0.003113109
510	600	0.003800301
510	600	0.004801037
510	600	0.003937733
510	600	0.004457451
510	600	0.003939445
510	600	0.003806931
510	600	0.003575009
510	600	0.003660243
510	600	0.003136682
510	600	0.002996859
510	600	0.003013248
510	600	0.002981841
510	600	0.003251055
510	600	0.004054362
510	600	0.003172364
510	600	0.003647458
510	600	0.003182462
510	600	0.003417129
510	600	0.003064265
510	600	0.003315246
510	600	0.003003848
510	600	0.003019302
510	600	0.002980368
510	600	0.003659940
510	600	0.003807681
600	128	0.000748939
600	128	0.000763731
600	128	0.000756426
600	128	0.000764121
600	128	0.000764332
600	128	0.000765117
600	128	0.000767244
600	128	0.000762394
600	128	0.000764399
600	128	0.000751384
600	128	0.000766252
600	128	0.000768270
600	128	0.001004067
600	128	0.001103408
600	128	0.001265487
600	128	0.001012797
600	128	0.001013704
600	128	0.001316853
600	128	0.001198222
600	128	0.001192175
600	128	0.001254562
600	128	0.001323864
600	128	0.001212700
600	128	0.001202827
600	128	0.001114958
600	128	0.001166206
600	128	0.001182077
600	128	0.001276293
600	128	0.001294831
600	128	0.001292040
600	128	0.001307519
600	128	0.001337577
600	128	0.001290291
600	128	0.001283903
600	128	0.001244468
600	128	0.001305294
600	128	0.001320723
600	128	0.001318403
600	128	0.001257249
600	128	0.001303740
600	128	0.001281938
600	128	0.001247712
600	128	0.001335823
600	128	0.001332976
600	128	0.001290480
600	128	0.001290308
600	128	0.001305067
600	128	0.001290385
600	128	0.001267828
600	128	0.001289017
600	128	0.001281741
600	128	0.001304375
600	128	0.001334966
600	128	0.001297914
600	128	0.001320797
600	128	0.001317879
600	128	0.001248775
600	128	0.001256432
600	128	0.001294801
600	128	0.001279479
600	128	0.001316245
600	128	0.001314957
600	128	0.001297138
600	128	0.001304704
600	128	0.001266261
600	128	0.001236408
600	128	0.001183178
600	128	0.001077511
600	128	0.001065633
600	128	0.001112430
600	128	0.001256868
600	128	0.001325357
600	128	0.001304661
600	128	0.001318689
600	128	0.001319515
600	128	0.001304640
600	128	0.001322186
600	128	0.001277724
600	128	0.001318989
600	128	0.001346803
600	128	0.001327154
600	128	0.001281807
600	128	0.001319513
600	128	0.001350359
600	128	0.001294493
600	128	0.001341679
600	128	0.001293236
600	128	0.001318724
600	128	0.001304237
600	128	0.001288424
600	128	0.001321806
600	128	0.001323782
600	128	0.001292184
600	128	0.001280637
600	128	0.001320197
600	128	0.001265743
600	128	0.001250978
600	128	0.001306090
600	128	0.001297114
600	128	0.001312976
600	256	0.001503323
600	256	0.001499104
600	256	0.001510112
600	256	0.001517925
600	256	0.001502493
600	256	0.001523320
600	256	0.001501248
600	256	0.001525771
600	256	0.001522613
600	256	0.001509186
600	256	0.001504714
600	256	0.001511106
600	256	0.001497513
600	256	0.001498383
600	256	0.001535024
600	256	0.001499576
600	256	0.001499790
600	256	0.001494896
600	256	0.001505763
600	256	0.001496752
600	256	0.001508981
600	256	0.001521577
600	256	0.001530169
600	256	0.001511387
600	256	0.001500134
600	256	0.001513221
600	256	0.001527107
600	256	0.001505535
600	256	0.001509532
600	256	0.001513259
600	256	0.001510258
600	256	0.001511006
600	256	0.001532419
600	256	0.001703641
600	256	0.001556754
600	256	0.001519539
600	256	0.001507437
600	256	0.001510657
600	256	0.001511797
600	256	0.001504238
600	256	0.001524094
600	256	0.001530488
600	256	0.001503191
600	256	0.001504857
600	256	0.001510471
600	256	0.001500529
600	256	0.001508623
600	256	0.001513319
600	256	0.001702134
600	256	0.001577899
600	256	0.001518684
600	256	0.001553998
600	256	0.001619862
600	256	0.001553451
600	256	0.001497202
600	256	0.001521235
600	256	0.001610471
600	256	0.001773185
600	256	0.001729255
600	256	0.001501184
600	256	0.001507723
600	256	0.001503137
600	256	0.001501509
600	256	0.001502779
600	256	0.001530460
600	256	0.001496748
600	256	0.001524544
600	256	0.001523504
600	256	0.001505643
600	256	0.001523106
600	256	0.001541556
600	256	0.001534866
600	256	0.001667842
600	256	0.002055248
600	256	0.002349751
600	256	0.002329288
600	256	0.002436772
600	256	0.002192592
600	256	0.002402939
600	256	0.002041639
600	256	0.002487434
600	256	0.001926942
600	256	0.002339338
600	256	0.001853476
600	256	0.002201824
600	256	0.001761773
600	256	0.002051355
600	256	0.002446511
600	256	0.002143893
600	256	0.002470176
600	256	0.002014345
600	256	0.002367119
600	256	0.001931748
600	256	0.002490667
600	256	0.001926477
600	256	0.002322219
600	256	0.001839483
600	256	0.002227048
600	256	0.001752882
600	256	0.002024310
600	380	0.002214402
600	380	0.002218773
600	380	0.002220716
600	380	0.002394682
600	380	0.002971603
600	380	0.003715780
600	380	0.003681749
600	380	0.003129658
600	380	0.002649343
600	380	0.002870809
600	380	0.002483211
600	380	0.003026439
600	380	0.002453514
600	380	0.002692748
600	380	0.002561792
600	380	0.002728867
600	380	0.002376108
600	380	0.002872193
600	380	0.002240974
600	380	0.002831341
600	380	0.003610566
600	380	0.003704674
600	380	0.003698787
600	380	0.003708362
600	380	0.003679792
600	380	0.003697347
600	380	0.003417166
600	380	0.002826946
600	380	0.003157016
600	380	0.002392994
600	380	0.002220706
600	380	0.002327350
600	380	0.003006808
600	380	0.002397636
600	380	0.002959351
600	380	0.003705799
600	380	0.002973464
600	380	0.003450768
600	380	0.002603542
600	380	0.003117432
600	380	0.002772557
600	380	0.003185249
600	380	0.002324351
600	380	0.002971849
600	380	0.002541373
600	380	0.002582424
600	380	0.002449481
600	380	0.002730097
600	380	0.003481837
600	380	0.002837511
600	380	0.003116755
600	380	0.002512362
600	380	0.003125119
600	380	0.002748059
600	380	0.002881345
600	380	0.002474443
600	380	0.002969653
600	380	0.002469360
600	380	0.002940236
600	380	0.003421005
600	380	0.002736978
600	380	0.003176115
600	380	0.002793153
600	380	0.003140380
600	380	0.003699389
600	380	0.003178564
600	380	0.003722740
600	380	0.002997525
600	380	0.003500217
600	380	0.002857266
600	380	0.003117323
600	380	0.002965536
600	380	0.003100959
600	380	0.002521773
600	380	0.002794016
600	380	0.002557329
600	380	0.002914585
600	380	0.003538124
600	380	0.003030543
600	380	0.003509433
600	380	0.002614423
600	380	0.002285724
600	380	0.002545895
600	380	0.003194815
600	380	0.002800728
600	380	0.003374113
600	380	0.002786015
600	380	0.003026196
600	380	0.002437060
600	380	0.002959170
600	380	0.002238800
600	380	0.002719818
600	380	0.003371118
600	380	0.002591313
600	380	0.003148474
600	380	0.002762362
600	380	0.002945678
600	380	0.002406970
600	380	0.002625840
600	380	0.002300612
600	510	0.002993676
600	510	0.002994512
600	510	0.002986672
600	510	0.002971526
600	510	0.002990332
600	510	0.002975367
600	510	0.002999495
600	510	0.003001884
600	510	0.003009550
600	510	0.002982854
600	510	0.002992909
600	510	0.002967083
600	510	0.002987964
600	510	0.002994982
600	510	0.002970329
600	510	0.002970081
600	510	0.003085310
600	510	0.002979963
600	510	0.002986982
600	510	0.002975926
600	510	0.003077977
600	510	0.002981993
600	510	0.002975778
600	510	0.003004789
600	510	0.002992344
600	510	0.003108923
600	510	0.003544083
600	510	0.003029580
600	510	0.003270216
600	510	0.003031194
600	510	0.003451684
600	510	0.002992737
600	510	0.003613652
600	510	0.004467570
600	510	0.003362514
600	510	0.004059442
600	510	0.003107440
600	510	0.003570329
600	510	0.002999085
600	510	0.003483994
600	510	0.003037271
600	510	0.003491429
600	510	0.003007317
600	510	0.003095427
600	510	0.003015510
600	510	0.003227756
600	510	0.002993888
600	510	0.003070991
600	510	0.002991807
600	510	0.003458800
600	510	0.004558005
600	510	0.004126864
600	510	0.004306238
600	510	0.003411155
600	510	0.004163056
600	510	0.003206873
600	510	0.003779641
600	510	0.003102209
600	510	0.003308395
600	510	0.002972547
600	510	0.003291501
600	510	0.004172448
600	510	0.003280365
600	510	0.003984191
600	510	0.003110237
600	510	0.003460606
600	510	0.003023144
600	510	0.003308060
600	510	0.003011335
600	510	0.003075482
600	510	0.003000693
600	510	0.002979762
600	510	0.002987556
600	510	0.002973964
600	510	0.002992568
600	510	0.002986046
600	510	0.002987253
600	510	0.002996339
600	510	0.002977788
600	510	0.003434799
600	510	0.003099496
600	510	0.003384072
600	510	0.003906428
600	510	0.003106298
600	510	0.003482959
600	510	0.003024168
600	510	0.003014142
600	510	0.002966331
600	510	0.003291261
600	510	0.003026155
600	510	0.003085601
600	510	0.002976154
600	510	0.002993240
600	510	0.002978482
600	510	0.002984894
600	510	0.002995532
600	510	0.002988121
600	510	0.002993842
600	510	0.002978473
600	510	0.002974222
600	600	0.003492907
600	600	0.003503681
600	600	0.003504649
600	600	0.003505965
600	600	0.003501376
600	600	0.003491761
600	600	0.003513410
600	600	0.003505149
600	600	0.003532098
600	600	0.003498975
600	600	0.003673030
600	600	0.004326947
600	600	0.003611584
600	600	0.004060654
600	600	0.003554301
600	600	0.003823796
600	600	0.003538098
600	600	0.003514995
600	600	0.003526393
600	600	0.003586997
600	600	0.003522358
600	600	0.003520368
600	600	0.004053310
600	600	0.003505112
600	600	0.003920524
600	600	0.003523942
600	600	0.004099683
600	600	0.003538586
600	600	0.003717098
600	600	0.003500856
600	600	0.003496598
600	600	0.003527761
600	600	0.003583684
600	600	0.004600374
600	600	0.005333239
600	600	0.004427333
600	600	0.004667785
600	600	0.003764908
600	600	0.004502144
600	600	0.005194117
600	600	0.003972547
600	600	0.004745286
600	600	0.003772032
600	600	0.004327652
600	600	0.003604220
600	600	0.003823054
600	600	0.003514689
600	600	0.003490108
600	600	0.003493117
600	600	0.003538730
600	600	0.003515503
600	600	0.004248422
600	600	0.003771040
600	600	0.003505084
600	600	0.003536923
600	600	0.003495704
600	600	0.003641087
600	600	0.003511028
600	600	0.003679785
600	600	0.004486210
600	600	0.003563308
600	600	0.004987355
600	600	0.005513758
600	600	0.004476011
600	600	0.005104556
600	600	0.003783675
600	600	0.004584865
600	600	0.003570888
600	600	0.003524637
600	600	0.003815637
600	600	0.004454873
600	600	0.003721202
600	600	0.005264174
600	600	0.005743288
600	600	0.004890689
600	600	0.005623338
600	600	0.004287556
600	600	0.004901944
600	600	0.003868648
600	600	0.004144831
600	600	0.003679686
600	600	0.003866656
600	600	0.004691393
600	600	0.003763614
600	600	0.004407118
600	600	0.003584815
600	600	0.003519470
600	600	0.003496619
600	600	0.003536131
600	600	0.003524358
600	600	0.003583656
600	600	0.003716752
600	600	0.003551329
600	600	0.003849219
600	600	0.003600230
600	600	0.003947453
600	600	0.003594137
600	600	0.003781309
600	600	0.003545672
600	600	0.003579868
