120	128	0.000023601
120	128	0.000022280
120	128	0.000022547
120	128	0.000023594
120	128	0.000022352
120	128	0.000023743
120	128	0.000023571
120	128	0.000021983
120	128	0.000023507
120	128	0.000023500
120	128	0.000022370
120	128	0.000022082
120	128	0.000022611
120	128	0.000023646
120	128	0.000023729
120	128	0.000025105
120	128	0.000022198
120	128	0.000022009
120	128	0.000027753
120	128	0.000022022
120	128	0.000023600
120	128	0.000022443
120	128	0.000023778
120	128	0.000022157
120	128	0.000023807
120	128	0.000022196
120	128	0.000022209
120	128	0.000022357
120	128	0.000023828
120	128	0.000023760
120	128	0.000022203
120	128	0.000022867
120	128	0.000023607
120	128	0.000039587
120	128	0.000027718
120	128	0.000038169
120	128	0.000022193
120	128	0.000023665
120	128	0.000022045
120	128	0.000023739
120	128	0.000024988
120	128	0.000026467
120	128	0.000025914
120	128	0.000025760
120	128	0.000026557
120	128	0.000033005
120	128	0.000022065
120	128	0.000022227
120	128	0.000022425
120	128	0.000022832
120	128	0.000022571
120	128	0.000022054
120	128	0.000022683
120	128	0.000022010
120	128	0.000022323
120	128	0.000022438
120	128	0.000022278
120	128	0.000022392
120	128	0.000023663
120	128	0.000022244
120	128	0.000022009
120	128	0.000027085
120	128	0.000022256
120	128	0.000032385
120	128	0.000028677
120	128	0.000027062
120	128	0.000022256
120	128	0.000022043
120	128	0.000022216
120	128	0.000023677
120	128	0.000022127
120	128	0.000023961
120	128	0.000022236
120	128	0.000022172
120	128	0.000022161
120	128	0.000024046
120	128	0.000031282
120	128	0.000024124
120	128	0.000022830
120	128	0.000024029
120	128	0.000023306
120	128	0.000022255
120	128	0.000022653
120	128	0.000022110
120	128	0.000022838
120	128	0.000022103
120	128	0.000023527
120	128	0.000022131
120	128	0.000022202
120	128	0.000028725
120	128	0.000023766
120	128	0.000028508
120	128	0.000022260
120	128	0.000022220
120	128	0.000022614
120	128	0.000022097
120	128	0.000022251
120	128	0.000022117
120	128	0.000023590
120	128	0.000022518
120	256	0.000044722
120	256	0.000045144
120	256	0.000047672
120	256	0.000045275
120	256	0.000047913
120	256	0.000044800
120	256	0.000045152
120	256	0.000047660
120	256	0.000047850
120	256	0.000047590
120	256	0.000044806
120	256	0.000047578
120	256	0.000045302
120	256	0.000047663
120	256	0.000047887
120	256	0.000047822
120	256	0.000044785
120	256	0.000044896
120	256	0.000044800
120	256	0.000044944
120	256	0.000044788
120	256	0.000048192
120	256	0.000047633
120	256	0.000044953
120	256	0.000047858
120	256	0.000045883
120	256	0.000044841
120	256	0.000044773
120	256	0.000047617
120	256	0.000047807
120	256	0.000048056
120	256	0.000044813
120	256	0.000046064
120	256	0.000045345
120	256	0.000044990
120	256	0.000047848
120	256	0.000047279
120	256	0.000045226
120	256	0.000046925
120	256	0.000048598
120	256	0.000045209
120	256	0.000056170
120	256	0.000045354
120	256	0.000044918
120	256	0.000044785
120	256	0.000045118
120	256	0.000048059
120	256	0.000047884
120	256	0.000044865
120	256	0.000048161
120	256	0.000044801
120	256	0.000044994
120	256	0.000045001
120	256	0.000044842
120	256	0.000046022
120	256	0.000045034
120	256	0.000051342
120	256	0.000044834
120	256	0.000050798
120	256	0.000050893
120	256	0.000050217
120	256	0.000054050
120	256	0.000050594
120	256	0.000065827
120	256	0.000076112
120	256	0.000059976
120	256	0.000050643
120	256	0.000044983
120	256	0.000045226
120	256	0.000045206
120	256	0.000051947
120	256	0.000048084
120	256	0.000045898
120	256	0.000045704
120	256	0.000048298
120	256	0.000044973
120	256	0.000051410
120	256	0.000045389
120	256	0.000071430
120	256	0.000045156
120	256	0.000058230
120	256	0.000045911
120	256	0.000048252
120	256	0.000044828
120	256	0.000047695
120	256	0.000045160
120	256	0.000044971
120	256	0.000046395
120	256	0.000045260
120	256	0.000045302
120	256	0.000045309
120	256	0.000044865
120	256	0.000049475
120	256	0.000045648
120	256	0.000044873
120	256	0.000048000
120	256	0.000047618
120	256	0.000045748
120	256	0.000045114
120	256	0.000044924
120	380	0.000065859
120	380	0.000065819
120	380	0.000065356
120	380	0.000069531
120	380	0.000069519
120	380	0.000065397
120	380	0.000069533
120	380	0.000069423
120	380	0.000065328
120	380	0.000065999
120	380	0.000069889
120	380	0.000066460
120	380	0.000067559
120	380	0.000065452
120	380	0.000069562
120	380	0.000065935
120	380	0.000065422
120	380	0.000065852
120	380	0.000065268
120	380	0.000066275
120	380	0.000069627
120	380	0.000066103
120	380	0.000069741
120	380	0.000065332
120	380	0.000069653
120	380	0.000065482
120	380	0.000066469
120	380	0.000065889
120	380	0.000065959
120	380	0.000065355
120	380	0.000069870
120	380	0.000065912
120	380	0.000070029
120	380	0.000067923
120	380	0.000065371
120	380	0.000071818
120	380	0.000074762
120	380	0.000071175
120	380	0.000070890
120	380	0.000070535
120	380	0.000073932
120	380	0.000074821
120	380	0.000073101
120	380	0.000074173
120	380	0.000073881
120	380	0.000073183
120	380	0.000097994
120	380	0.000091525
120	380	0.000092924
120	380	0.000091628
120	380	0.000118440
120	380	0.000110093
120	380	0.000108503
120	380	0.000108637
120	380	0.000101751
120	380	0.000108797
120	380	0.000101630
120	380	0.000115460
120	380	0.000108458
120	380	0.000107983
120	380	0.000122759
120	380	0.000115499
120	380	0.000121983
120	380	0.000122273
120	380	0.000121634
120	380	0.000107587
120	380	0.000121526
120	380	0.000148963
120	380	0.000121973
120	380	0.000121707
120	380	0.000115262
120	380	0.000117483
120	380	0.000114421
120	380	0.000115291
120	380	0.000121728
120	380	0.000115268
120	380	0.000121501
120	380	0.000121903
120	380	0.000115176
120	380	0.000121647
120	380	0.000122068
120	380	0.000114275
120	380	0.000114368
120	380	0.000115300
120	380	0.000114717
120	380	0.000122217
120	380	0.000120948
120	380	0.000114236
120	380	0.000121666
120	380	0.000114376
120	380	0.000114372
120	380	0.000122877
120	380	0.000114298
120	380	0.000115182
120	380	0.000114316
120	380	0.000115180
120	380	0.000121634
120	380	0.000115164
120	380	0.000121456
120	380	0.000121900
120	510	0.000093305
120	510	0.000092762
120	510	0.000106551
120	510	0.000092684
120	510	0.000087767
120	510	0.000087121
120	510	0.000087126
120	510	0.000093062
120	510	0.000088558
120	510	0.000093247
120	510	0.000098784
120	510	0.000087136
120	510	0.000087819
120	510	0.000087795
120	510	0.000100926
120	510	0.000087206
120	510	0.000093585
120	510	0.000087257
120	510	0.000091892
120	510	0.000115526
120	510	0.000093137
120	510	0.000093298
120	510	0.000087791
120	510	0.000092825
120	510	0.000087873
120	510	0.000087118
120	510	0.000087299
120	510	0.000087300
120	510	0.000087129
120	510	0.000113284
120	510	0.000087816
120	510	0.000087261
120	510	0.000092592
120	510	0.000180656
120	510	0.000099247
120	510	0.000103832
120	510	0.000132063
120	510	0.000097745
120	510	0.000108716
120	510	0.000127639
120	510	0.000110131
120	510	0.000102643
120	510	0.000116521
120	510	0.000107941
120	510	0.000102829
120	510	0.000129105
120	510	0.000116217
120	510	0.000119747
120	510	0.000116092
120	510	0.000123364
120	510	0.000136681
120	510	0.000145017
120	510	0.000137028
120	510	0.000144936
120	510	0.000136422
120	510	0.000137237
120	510	0.000154588
120	510	0.000145934
120	510	0.000161642
120	510	0.000162855
120	510	0.000154197
120	510	0.000154693
120	510	0.000153823
120	510	0.000156690
120	510	0.000153877
120	510	0.000162009
120	510	0.000152465
120	510	0.000153663
120	510	0.000152575
120	510	0.000153759
120	510	0.000162173
120	510	0.000153738
120	510	0.000152413
120	510	0.000152550
120	510	0.000153665
120	510	0.000164075
120	510	0.000152548
120	510	0.000166689
120	510	0.000153064
120	510	0.000149742
120	510	0.000153782
120	510	0.000152466
120	510	0.000152477
120	510	0.000152568
120	510	0.000152514
120	510	0.000154172
120	510	0.000153069
120	510	0.000162183
120	510	0.000152484
120	510	0.000152547
120	510	0.000152820
120	510	0.000155367
120	510	0.000162183
120	510	0.000161878
120	510	0.000154040
120	510	0.000164450
120	510	0.000161959
120	510	0.000153785
120	510	0.000152644
120	510	0.000162939
120	600	0.000102872
120	600	0.000103712
120	600	0.000103753
120	600	0.000102852
120	600	0.000102918
120	600	0.000103770
120	600	0.000109199
120	600	0.000108428
120	600	0.000109214
120	600	0.000103717
120	600	0.000102899
120	600	0.000109260
120	600	0.000109231
120	600	0.000103879
120	600	0.000109406
120	600	0.000114381
120	600	0.000109663
120	600	0.000102864
120	600	0.000104139
120	600	0.000102942
120	600	0.000110576
120	600	0.000103650
120	600	0.000109215
120	600	0.000102821
120	600	0.000109968
120	600	0.000111938
120	600	0.000102849
120	600	0.000102928
120	600	0.000109891
120	600	0.000110236
120	600	0.000106553
120	600	0.000110269
120	600	0.000102861
120	600	0.000105933
120	600	0.000106256
120	600	0.000106662
120	600	0.000107749
120	600	0.000107588
120	600	0.000111305
120	600	0.000136544
120	600	0.000133043
120	600	0.000135375
120	600	0.000126683
120	600	0.000139825
120	600	0.000132066
120	600	0.000138910
120	600	0.000130951
120	600	0.000130814
120	600	0.000138951
120	600	0.000140346
120	600	0.000130929
120	600	0.000132157
120	600	0.000161335
120	600	0.000152917
120	600	0.000160123
120	600	0.000151621
120	600	0.000151511
120	600	0.000151596
120	600	0.000154372
120	600	0.000152565
120	600	0.000146930
120	600	0.000145702
120	600	0.000145856
120	600	0.000137590
120	600	0.000138921
120	600	0.000132061
120	600	0.000132117
120	600	0.000213138
120	600	0.000185323
120	600	0.000144053
120	600	0.000151541
120	600	0.000152742
120	600	0.000161674
120	600	0.000153452
120	600	0.000181708
120	600	0.000179947
120	600	0.000180150
120	600	0.000180342
120	600	0.000181641
120	600	0.000172477
120	600	0.000170846
120	600	0.000181522
120	600	0.000191067
120	600	0.000180241
120	600	0.000191771
120	600	0.000192473
120	600	0.000202401
120	600	0.000251507
120	600	0.000240566
120	600	0.000191408
120	600	0.000181455
120	600	0.000192509
120	600	0.000192537
120	600	0.000180108
120	600	0.000192650
120	600	0.000181554
120	600	0.000180011
120	600	0.000192374
120	600	0.000191289
120	600	0.000191549
250	128	0.000046302
250	128	0.000058618
250	128	0.000048335
250	128	0.000036393
250	128	0.000048369
250	128	0.000058892
250	128	0.000036552
250	128	0.000036300
250	128	0.000036370
250	128	0.000057685
250	128	0.000054837
250	128	0.000041712
250	128	0.000054252
250	128	0.000036561
250	128	0.000050696
250	128	0.000036275
250	128	0.000036203
250	128	0.000038168
250	128	0.000037111
250	128	0.000036546
250	128	0.000050704
250	128	0.000036649
250	128	0.000057578
250	128	0.000055649
250	128	0.000037748
250	128	0.000057151
250	128	0.000036517
250	128	0.000043371
250	128	0.000051184
250	128	0.000051540
250	128	0.000047168
250	128	0.000036785
250	128	0.000037903
250	128	0.000038662
250	128	0.000036602
250	128	0.000036269
250	128	0.000036463
250	128	0.000047659
250	128	0.000037596
250	128	0.000057783
250	128	0.000036394
250	128	0.000043463
250	128	0.000043488
250	128	0.000041908
250	128	0.000051236
250	128	0.000052852
250	128	0.000036481
250	128	0.000036711
250	128	0.000037470
250	128	0.000037834
250	128	0.000056954
250	128	0.000036635
250	128	0.000036488
250	128	0.000051164
250	128	0.000041496
250	128	0.000036417
250	128	0.000049638
250	128	0.000043515
250	128	0.000060803
250	128	0.000048551
250	128	0.000049363
250	128	0.000053810
250	128	0.000052473
250	128	0.000064458
250	128	0.000036533
250	128	0.000050898
250	128	0.000037550
250	128	0.000046398
250	128	0.000052227
250	128	0.000036884
250	128	0.000051054
250	128	0.000055514
250	128	0.000046520
250	128	0.000036511
250	128	0.000036775
250	128	0.000037402
250	128	0.000041229
250	128	0.000038173
250	128	0.000043210
250	128	0.000036506
250	128	0.000036349
250	128	0.000048329
250	128	0.000042604
250	128	0.000036295
250	128	0.000045797
250	128	0.000037131
250	128	0.000041784
250	128	0.000037633
250	128	0.000048967
250	128	0.000042781
250	128	0.000053961
250	128	0.000048038
250	128	0.000041716
250	128	0.000045523
250	128	0.000051254
250	128	0.000036382
250	128	0.000050831
250	128	0.000038618
250	128	0.000036542
250	128	0.000036327
250	256	0.000094754
250	256	0.000113013
250	256	0.000110000
250	256	0.000074468
250	256	0.000075015
250	256	0.000099937
250	256	0.000075277
250	256	0.000094595
250	256	0.000074494
250	256	0.000094926
250	256	0.000113253
250	256	0.000074611
250	256	0.000075099
250	256	0.000074905
250	256	0.000082030
250	256	0.000109829
250	256	0.000078700
250	256	0.000103919
250	256	0.000075249
250	256	0.000116598
250	256	0.000074756
250	256	0.000091933
250	256	0.000080462
250	256	0.000098421
250	256	0.000096573
250	256	0.000078398
250	256	0.000099507
250	256	0.000105326
250	256	0.000081181
250	256	0.000091487
250	256	0.000110849
250	256	0.000082450
250	256	0.000113949
250	256	0.000124181
250	256	0.000080640
250	256	0.000101373
250	256	0.000093397
250	256	0.000084250
250	256	0.000131493
250	256	0.000123151
250	256	0.000137190
250	256	0.000087379
250	256	0.000087307
250	256	0.000086899
250	256	0.000087783
250	256	0.000094772
250	256	0.000094691
250	256	0.000124332
250	256	0.000107534
250	256	0.000102008
250	256	0.000151053
250	256	0.000100135
250	256	0.000131918
250	256	0.000114493
250	256	0.000170224
250	256	0.000144299
250	256	0.000125884
250	256	0.000122905
250	256	0.000123112
250	256	0.000122926
250	256	0.000151346
250	256	0.000178721
250	256	0.000146099
250	256	0.000167482
250	256	0.000136093
250	256	0.000139967
250	256	0.000190854
250	256	0.000131275
250	256	0.000205559
250	256	0.000130155
250	256	0.000205638
250	256	0.000201956
250	256	0.000194072
250	256	0.000196233
250	256	0.000167932
250	256	0.000166839
250	256	0.000130019
250	256	0.000124542
250	256	0.000151274
250	256	0.000216373
250	256	0.000127999
250	256	0.000150578
250	256	0.000123494
250	256	0.000201450
250	256	0.000142657
250	256	0.000131109
250	256	0.000204991
250	256	0.000204046
250	256	0.000204086
250	256	0.000158915
250	256	0.000203212
250	256	0.000178849
250	256	0.000131046
250	256	0.000172666
250	256	0.000131094
250	256	0.000160374
250	256	0.000204158
250	256	0.000192147
250	256	0.000172260
250	256	0.000143145
250	380	0.000174676
250	380	0.000108263
250	380	0.000138796
250	380	0.000163971
250	380	0.000144940
250	380	0.000138917
250	380	0.000168774
250	380	0.000108894
250	380	0.000165836
250	380	0.000147080
250	380	0.000108835
250	380	0.000107887
250	380	0.000109151
250	380	0.000134904
250	380	0.000127430
250	380	0.000109449
250	380	0.000108251
250	380	0.000136801
250	380	0.000164516
250	380	0.000150170
250	380	0.000109342
250	380	0.000135544
250	380	0.000131223
250	380	0.000181398
250	380	0.000112920
250	380	0.000113062
250	380	0.000155750
250	380	0.000192100
250	380	0.000126881
250	380	0.000176782
250	380	0.000121980
250	380	0.000139379
250	380	0.000116718
250	380	0.000117665
250	380	0.000185529
250	380	0.000183727
250	380	0.000192492
250	380	0.000125862
250	380	0.000197187
250	380	0.000194435
250	380	0.000113380
250	380	0.000152621
250	380	0.000113644
250	380	0.000116522
250	380	0.000201423
250	380	0.000201638
250	380	0.000127207
250	380	0.000198757
250	380	0.000136217
250	380	0.000198043
250	380	0.000229029
250	380	0.000215755
250	380	0.000143803
250	380	0.000144503
250	380	0.000170371
250	380	0.000150359
250	380	0.000224533
250	380	0.000201707
250	380	0.000160804
250	380	0.000179279
250	380	0.000178700
250	380	0.000176721
250	380	0.000208892
250	380	0.000200378
250	380	0.000189396
250	380	0.000178249
250	380	0.000284835
250	380	0.000187820
250	380	0.000221106
250	380	0.000237428
250	380	0.000195312
250	380	0.000283526
250	380	0.000189762
250	380	0.000306445
250	380	0.000189397
250	380	0.000226872
250	380	0.000292786
250	380	0.000255070
250	380	0.000280172
250	380	0.000266671
250	380	0.000291884
250	380	0.000300515
250	380	0.000274194
250	380	0.000190893
250	380	0.000246644
250	380	0.000189479
250	380	0.000212109
250	380	0.000244484
250	380	0.000220669
250	380	0.000250720
250	380	0.000295799
250	380	0.000251585
250	380	0.000190567
250	380	0.000190238
250	380	0.000239439
250	380	0.000186026
250	380	0.000223351
250	380	0.000235018
250	380	0.000191236
250	380	0.000242462
250	510	0.000145213
250	510	0.000144238
250	510	0.000188677
250	510	0.000144857
250	510	0.000158525
250	510	0.000171794
250	510	0.000143706
250	510	0.000145428
250	510	0.000164799
250	510	0.000145233
250	510	0.000218331
250	510	0.000143381
250	510	0.000231028
250	510	0.000205714
250	510	0.000156536
250	510	0.000144480
250	510	0.000210078
250	510	0.000187058
250	510	0.000146037
250	510	0.000144425
250	510	0.000232805
250	510	0.000200321
250	510	0.000144536
250	510	0.000156779
250	510	0.000144518
250	510	0.000196669
250	510	0.000175079
250	510	0.000208426
250	510	0.000190919
250	510	0.000144332
250	510	0.000144490
250	510	0.000154245
250	510	0.000209305
250	510	0.000145058
250	510	0.000174307
250	510	0.000222573
250	510	0.000144339
250	510	0.000165493
250	510	0.000229371
250	510	0.000143479
250	510	0.000145214
250	510	0.000144479
250	510	0.000145794
250	510	0.000232881
250	510	0.000160796
250	510	0.000235421
250	510	0.000164203
250	510	0.000266887
250	510	0.000276953
250	510	0.000217337
250	510	0.000242650
250	510	0.000308609
250	510	0.000253992
250	510	0.000244084
250	510	0.000259002
250	510	0.000227513
250	510	0.000264610
250	510	0.000218929
250	510	0.000281817
250	510	0.000290310
250	510	0.000258480
250	510	0.000305591
250	510	0.000241970
250	510	0.000256103
250	510	0.000254998
250	510	0.000213092
250	510	0.000270017
250	510	0.000336770
250	510	0.000373056
250	510	0.000306968
250	510	0.000309991
250	510	0.000403823
250	510	0.000404105
250	510	0.000277347
250	510	0.000366836
250	510	0.000266100
250	510	0.000303862
250	510	0.000299792
250	510	0.000213934
250	510	0.000211552
250	510	0.000247997
250	510	0.000254392
250	510	0.000252701
250	510	0.000388034
250	510	0.000253784
250	510	0.000264020
250	510	0.000261893
250	510	0.000451630
250	510	0.000254002
250	510	0.000253915
250	510	0.000403554
250	510	0.000262809
250	510	0.000333786
250	510	0.000304446
250	510	0.000284156
250	510	0.000259000
250	510	0.000323486
250	510	0.000252569
250	510	0.000320842
250	510	0.000262162
250	600	0.000199004
250	600	0.000247821
250	600	0.000274353
250	600	0.000168708
250	600	0.000231477
250	600	0.000210618
250	600	0.000170539
250	600	0.000213117
250	600	0.000264738
250	600	0.000171572
250	600	0.000170286
250	600	0.000243228
250	600	0.000177672
250	600	0.000256336
250	600	0.000205595
250	600	0.000211299
250	600	0.000193539
250	600	0.000259903
250	600	0.000212543
250	600	0.000266097
250	600	0.000212950
250	600	0.000171456
250	600	0.000266706
250	600	0.000263621
250	600	0.000265527
250	600	0.000231712
250	600	0.000291187
250	600	0.000200295
250	600	0.000230146
250	600	0.000377912
250	600	0.000281766
250	600	0.000296800
250	600	0.000250747
250	600	0.000380506
250	600	0.000369685
250	600	0.000271123
250	600	0.000330091
250	600	0.000273766
250	600	0.000300133
250	600	0.000306125
250	600	0.000300085
250	600	0.000314140
250	600	0.000320173
250	600	0.000300495
250	600	0.000474253
250	600	0.000306907
250	600	0.000307584
250	600	0.000468057
250	600	0.000406830
250	600	0.000297056
250	600	0.000318470
250	600	0.000471590
250	600	0.000408459
250	600	0.000280618
250	600	0.000432458
250	600	0.000433051
250	600	0.000300870
250	600	0.000325629
250	600	0.000457979
250	600	0.000330768
250	600	0.000356893
250	600	0.000442823
250	600	0.000472591
250	600	0.000477402
250	600	0.000448920
250	600	0.000350957
250	600	0.000451916
250	600	0.000300072
250	600	0.000298574
250	600	0.000385309
250	600	0.000392703
250	600	0.000476153
250	600	0.000334145
250	600	0.000299967
250	600	0.000308843
250	600	0.000361077
250	600	0.000298582
250	600	0.000357120
250	600	0.000391178
250	600	0.000456829
250	600	0.000468109
250	600	0.000480107
250	600	0.000388095
250	600	0.000480242
250	600	0.000423531
250	600	0.000398609
250	600	0.000371148
250	600	0.000335472
250	600	0.000329539
250	600	0.000443396
250	600	0.000438254
250	600	0.000299845
250	600	0.000460010
250	600	0.000300994
250	600	0.000304224
250	600	0.000446034
250	600	0.000474082
250	600	0.000282605
250	600	0.000413413
250	600	0.000396065
380	128	0.000073653
380	128	0.000072002
380	128	0.000078879
380	128	0.000073552
380	128	0.000073804
380	128	0.000073640
380	128	0.000073638
380	128	0.000073254
380	128	0.000073709
380	128	0.000080684
380	128	0.000080767
380	128	0.000073836
380	128	0.000080482
380	128	0.000080583
380	128	0.000073548
380	128	0.000080946
380	128	0.000081122
380	128	0.000072484
380	128	0.000080733
380	128	0.000083005
380	128	0.000072121
380	128	0.000073955
380	128	0.000080609
380	128	0.000094445
380	128	0.000080517
380	128	0.000080422
380	128	0.000080580
380	128	0.000081094
380	128	0.000074057
380	128	0.000082256
380	128	0.000073888
380	128	0.000080457
380	128	0.000072575
380	128	0.000080045
380	128	0.000079410
380	128	0.000079811
380	128	0.000079539
380	128	0.000079667
380	128	0.000079381
380	128	0.000094257
380	128	0.000102466
380	128	0.000093730
380	128	0.000107556
380	128	0.000112885
380	128	0.000101030
380	128	0.000113029
380	128	0.000115192
380	128	0.000143995
380	128	0.000128778
380	128	0.000158508
380	128	0.000150497
380	128	0.000128530
380	128	0.000128455
380	128	0.000145604
380	128	0.000145527
380	128	0.000134788
380	128	0.000141699
380	128	0.000140641
380	128	0.000128969
380	128	0.000126369
380	128	0.000125868
380	128	0.000129060
380	128	0.000140445
380	128	0.000140335
380	128	0.000143722
380	128	0.000127266
380	128	0.000129389
380	128	0.000141243
380	128	0.000129261
380	128	0.000143885
380	128	0.000128665
380	128	0.000140618
380	128	0.000128987
380	128	0.000140687
380	128	0.000140592
380	128	0.000140367
380	128	0.000126608
380	128	0.000129391
380	128	0.000140793
380	128	0.000140911
380	128	0.000125923
380	128	0.000129360
380	128	0.000141667
380	128	0.000144664
380	128	0.000140441
380	128	0.000141618
380	128	0.000126353
380	128	0.000126551
380	128	0.000128790
380	128	0.000141117
380	128	0.000128720
380	128	0.000128881
380	128	0.000128495
380	128	0.000128708
380	128	0.000143953
380	128	0.000140534
380	128	0.000144294
380	128	0.000128865
380	128	0.000134865
380	128	0.000126403
380	256	0.000150519
380	256	0.000147632
380	256	0.000163753
380	256	0.000161215
380	256	0.000167532
380	256	0.000150063
380	256	0.000155678
380	256	0.000150549
380	256	0.000149948
380	256	0.000181159
380	256	0.000146987
380	256	0.000149804
380	256	0.000169623
380	256	0.000163719
380	256	0.000146896
380	256	0.000163559
380	256	0.000163378
380	256	0.000147774
380	256	0.000163675
380	256	0.000149810
380	256	0.000154018
380	256	0.000167354
380	256	0.000149814
380	256	0.000146997
380	256	0.000151366
380	256	0.000168272
380	256	0.000164735
380	256	0.000163803
380	256	0.000182864
380	256	0.000168441
380	256	0.000163841
380	256	0.000169325
380	256	0.000164121
380	256	0.000147229
380	256	0.000150354
380	256	0.000150561
380	256	0.000169690
380	256	0.000150263
380	256	0.000149808
380	256	0.000150085
380	256	0.000168350
380	256	0.000147482
380	256	0.000163450
380	256	0.000147245
380	256	0.000149760
380	256	0.000163936
380	256	0.000147645
380	256	0.000149402
380	256	0.000167447
380	256	0.000149875
380	256	0.000156429
380	256	0.000146956
380	256	0.000164145
380	256	0.000208489
380	256	0.000176648
380	256	0.000176063
380	256	0.000159070
380	256	0.000180903
380	256	0.000191439
380	256	0.000191396
380	256	0.000172018
380	256	0.000182332
380	256	0.000183137
380	256	0.000267526
380	256	0.000180009
380	256	0.000199803
380	256	0.000184487
380	256	0.000175361
380	256	0.000191025
380	256	0.000191207
380	256	0.000153186
380	256	0.000174065
380	256	0.000187213
380	256	0.000190750
380	256	0.000218763
380	256	0.000218291
380	256	0.000218242
380	256	0.000200342
380	256	0.000220769
380	256	0.000221366
380	256	0.000220612
380	256	0.000260173
380	256	0.000234087
380	256	0.000254744
380	256	0.000257397
380	256	0.000286042
380	256	0.000249982
380	256	0.000247145
380	256	0.000300314
380	256	0.000295930
380	256	0.000263075
380	256	0.000257968
380	256	0.000286166
380	256	0.000262248
380	256	0.000294385
380	256	0.000269393
380	256	0.000258291
380	256	0.000292535
380	256	0.000269858
380	256	0.000259385
380	380	0.000244676
380	380	0.000239426
380	380	0.000218898
380	380	0.000239343
380	380	0.000219173
380	380	0.000215895
380	380	0.000239250
380	380	0.000239442
380	380	0.000215300
380	380	0.000247197
380	380	0.000219337
380	380	0.000244858
380	380	0.000214818
380	380	0.000245074
380	380	0.000216256
380	380	0.000219082
380	380	0.000239310
380	380	0.000244726
380	380	0.000240404
380	380	0.000239276
380	380	0.000219019
380	380	0.000219828
380	380	0.000244247
380	380	0.000239467
380	380	0.000218788
380	380	0.000219252
380	380	0.000250490
380	380	0.000252112
380	380	0.000275311
380	380	0.000270203
380	380	0.000250312
380	380	0.000261776
380	380	0.000287962
380	380	0.000292452
380	380	0.000291456
380	380	0.000262316
380	380	0.000293091
380	380	0.000273095
380	380	0.000304485
380	380	0.000301700
380	380	0.000316877
380	380	0.000311252
380	380	0.000347700
380	380	0.000306622
380	380	0.000307676
380	380	0.000342575
380	380	0.000353455
380	380	0.000361235
380	380	0.000361163
380	380	0.000413815
380	380	0.000377284
380	380	0.000377155
380	380	0.000399638
380	380	0.000406278
380	380	0.000375962
380	380	0.000382766
380	380	0.000375564
380	380	0.000444018
380	380	0.000419273
380	380	0.000355398
380	380	0.000383835
380	380	0.000388126
380	380	0.000414330
380	380	0.000418984
380	380	0.000357012
380	380	0.000436216
380	380	0.000429982
380	380	0.000428362
380	380	0.000369657
380	380	0.000434816
380	380	0.000419181
380	380	0.000403167
380	380	0.000421154
380	380	0.000378788
380	380	0.000383611
380	380	0.000383608
380	380	0.000429171
380	380	0.000376907
380	380	0.000375990
380	380	0.000383728
380	380	0.000418895
380	380	0.000362779
380	380	0.000440845
380	380	0.000429374
380	380	0.000419798
380	380	0.000429796
380	380	0.000403473
380	380	0.000382935
380	380	0.000414057
380	380	0.000430129
380	380	0.000404827
380	380	0.000426533
380	380	0.000384840
380	380	0.000420298
380	380	0.000465538
380	380	0.000429372
380	380	0.000376414
380	380	0.000419345
380	380	0.000394621
380	380	0.000423343
380	510	0.000326977
380	510	0.000292427
380	510	0.000319646
380	510	0.000292673
380	510	0.000292630
380	510	0.000327006
380	510	0.000324869
380	510	0.000298670
380	510	0.000295076
380	510	0.000327515
380	510	0.000320661
380	510	0.000286520
380	510	0.000320232
380	510	0.000292548
380	510	0.000318744
380	510	0.000326926
380	510	0.000292675
380	510	0.000319543
380	510	0.000319652
380	510	0.000328961
380	510	0.000291518
380	510	0.000325052
380	510	0.000326886
380	510	0.000381346
380	510	0.000341602
380	510	0.000372855
380	510	0.000341192
380	510	0.000349183
380	510	0.000356015
380	510	0.000349259
380	510	0.000341136
380	510	0.000350364
380	510	0.000336320
380	510	0.000402841
380	510	0.000409769
380	510	0.000518263
380	510	0.000486520
380	510	0.000454878
380	510	0.000502391
380	510	0.000574800
380	510	0.000481926
380	510	0.000473482
380	510	0.000489759
380	510	0.000540888
380	510	0.000538527
380	510	0.000488228
380	510	0.000482404
380	510	0.000526475
380	510	0.000505753
380	510	0.000502969
380	510	0.000584523
380	510	0.000570738
380	510	0.000560553
380	510	0.000582410
380	510	0.000471777
380	510	0.000502476
380	510	0.000533493
380	510	0.000512389
380	510	0.000523146
380	510	0.000559259
380	510	0.000546034
380	510	0.000564157
380	510	0.000515757
380	510	0.000516250
380	510	0.000572737
380	510	0.000529519
380	510	0.000511349
380	510	0.000482053
380	510	0.000549205
380	510	0.000572510
380	510	0.000556373
380	510	0.000541690
380	510	0.000559479
380	510	0.000536610
380	510	0.000512282
380	510	0.000502818
380	510	0.000555571
380	510	0.000481564
380	510	0.000522929
380	510	0.000504358
380	510	0.000525668
380	510	0.000559625
380	510	0.000533725
380	510	0.000559472
380	510	0.000481336
380	510	0.000492133
380	510	0.000572271
380	510	0.000508955
380	510	0.000572944
380	510	0.000551733
380	510	0.000503631
380	510	0.000540354
380	510	0.000499312
380	510	0.000527894
380	510	0.000512210
380	510	0.000524227
380	510	0.000559137
380	510	0.000539975
380	510	0.000559643
380	510	0.000492751
380	600	0.000338501
380	600	0.000339256
380	600	0.000338576
380	600	0.000377389
380	600	0.000339912
380	600	0.000377327
380	600	0.000351594
380	600	0.000350360
380	600	0.000348893
380	600	0.000357805
380	600	0.000393006
380	600	0.000385880
380	600	0.000387003
380	600	0.000387010
380	600	0.000378764
380	600	0.000344777
380	600	0.000385852
380	600	0.000347612
380	600	0.000386444
380	600	0.000358713
380	600	0.000349728
380	600	0.000345238
380	600	0.000345231
380	600	0.000345390
380	600	0.000385768
380	600	0.000377235
380	600	0.000380178
380	600	0.000377322
380	600	0.000388250
380	600	0.000422937
380	600	0.000432438
380	600	0.000422672
380	600	0.000432231
380	600	0.000423963
380	600	0.000422675
380	600	0.000492323
380	600	0.000491415
380	600	0.000471059
380	600	0.000498530
380	600	0.000489812
380	600	0.000556068
380	600	0.000509032
380	600	0.000565784
380	600	0.000499526
380	600	0.000597057
380	600	0.000560006
380	600	0.000537076
380	600	0.000606265
380	600	0.000543705
380	600	0.000587817
380	600	0.000544963
380	600	0.000646776
380	600	0.000636226
380	600	0.000520944
380	600	0.000466357
380	600	0.000522615
380	600	0.000528817
380	600	0.000546122
380	600	0.000599211
380	600	0.000587159
380	600	0.000610089
380	600	0.000568874
380	600	0.000586843
380	600	0.000536257
380	600	0.000526362
380	600	0.000625324
380	600	0.000595345
380	600	0.000608094
380	600	0.000660159
380	600	0.000621898
380	600	0.000594952
380	600	0.000615380
380	600	0.000593350
380	600	0.000600199
380	600	0.000661926
380	600	0.000579811
380	600	0.000660795
380	600	0.000634819
380	600	0.000660493
380	600	0.000658910
380	600	0.000592026
380	600	0.000619316
380	600	0.000594465
380	600	0.000614480
380	600	0.000594594
380	600	0.000666674
380	600	0.000593359
380	600	0.000652919
380	600	0.000675795
380	600	0.000618277
380	600	0.000671115
380	600	0.000584239
380	600	0.000644476
380	600	0.000663719
380	600	0.000680657
380	600	0.000605835
380	600	0.000601447
380	600	0.000660167
380	600	0.000652644
380	600	0.000675547
510	128	0.000087699
510	128	0.000096386
510	128	0.000089390
510	128	0.000101793
510	128	0.000096293
510	128	0.000095920
510	128	0.000096264
510	128	0.000089640
510	128	0.000096082
510	128	0.000096200
510	128	0.000095860
510	128	0.000097877
510	128	0.000096635
510	128	0.000096354
510	128	0.000094001
510	128	0.000087930
510	128	0.000095924
510	128	0.000096270
510	128	0.000090108
510	128	0.000089312
510	128	0.000089396
510	128	0.000087944
510	128	0.000098016
510	128	0.000089759
510	128	0.000089827
510	128	0.000096268
510	128	0.000096310
510	128	0.000096291
510	128	0.000097884
510	128	0.000097396
510	128	0.000104149
510	128	0.000096193
510	128	0.000096710
510	128	0.000087677
510	128	0.000089359
510	128	0.000088989
510	128	0.000096060
510	128	0.000087857
510	128	0.000089771
510	128	0.000103678
510	128	0.000094407
510	128	0.000106318
510	128	0.000106890
510	128	0.000097173
510	128	0.000114188
510	128	0.000112876
510	128	0.000114576
510	128	0.000104660
510	128	0.000140450
510	128	0.000142342
510	128	0.000144339
510	128	0.000142218
510	128	0.000138252
510	128	0.000149637
510	128	0.000172815
510	128	0.000168976
510	128	0.000166928
510	128	0.000168027
510	128	0.000179294
510	128	0.000171238
510	128	0.000154283
510	128	0.000171675
510	128	0.000188775
510	128	0.000172264
510	128	0.000171797
510	128	0.000157306
510	128	0.000171808
510	128	0.000171292
510	128	0.000171416
510	128	0.000154116
510	128	0.000153613
510	128	0.000169706
510	128	0.000146993
510	128	0.000168365
510	128	0.000168256
510	128	0.000153469
510	128	0.000171231
510	128	0.000155173
510	128	0.000168217
510	128	0.000161299
510	128	0.000153707
510	128	0.000156372
510	128	0.000167967
510	128	0.000171838
510	128	0.000179440
510	128	0.000168359
510	128	0.000179707
510	128	0.000166099
510	128	0.000173691
510	128	0.000160409
510	128	0.000156358
510	128	0.000168275
510	128	0.000154043
510	128	0.000156633
510	128	0.000168125
510	128	0.000156201
510	128	0.000168456
510	128	0.000168375
510	128	0.000173039
510	128	0.000171655
510	256	0.000195267
510	256	0.000189849
510	256	0.000196422
510	256	0.000182578
510	256	0.000182673
510	256	0.000204901
510	256	0.000182794
510	256	0.000196106
510	256	0.000197389
510	256	0.000182645
510	256	0.000199963
510	256	0.000182845
510	256	0.000182640
510	256	0.000202139
510	256	0.000196901
510	256	0.000180205
510	256	0.000182948
510	256	0.000185816
510	256	0.000182899
510	256	0.000179948
510	256	0.000189480
510	256	0.000196289
510	256	0.000196465
510	256	0.000189110
510	256	0.000196473
510	256	0.000200104
510	256	0.000225028
510	256	0.000179768
510	256	0.000196372
510	256	0.000188278
510	256	0.000179930
510	256	0.000196697
510	256	0.000224677
510	256	0.000197183
510	256	0.000197242
510	256	0.000196497
510	256	0.000183218
510	256	0.000180427
510	256	0.000196897
510	256	0.000182903
510	256	0.000192008
510	256	0.000186606
510	256	0.000186209
510	256	0.000203911
510	256	0.000233730
510	256	0.000222937
510	256	0.000209652
510	256	0.000228940
510	256	0.000236251
510	256	0.000242852
510	256	0.000232558
510	256	0.000250439
510	256	0.000237882
510	256	0.000275151
510	256	0.000275082
510	256	0.000289218
510	256	0.000265647
510	256	0.000269522
510	256	0.000300686
510	256	0.000301266
510	256	0.000323307
510	256	0.000351237
510	256	0.000363004
510	256	0.000343264
510	256	0.000319436
510	256	0.000315214
510	256	0.000326222
510	256	0.000355547
510	256	0.000343945
510	256	0.000343947
510	256	0.000364983
510	256	0.000353062
510	256	0.000350339
510	256	0.000329168
510	256	0.000380325
510	256	0.000351648
510	256	0.000315604
510	256	0.000295666
510	256	0.000343527
510	256	0.000349505
510	256	0.000343864
510	256	0.000343478
510	256	0.000329300
510	256	0.000359530
510	256	0.000369474
510	256	0.000319872
510	256	0.000343404
510	256	0.000314732
510	256	0.000375837
510	256	0.000328178
510	256	0.000344256
510	256	0.000323560
510	256	0.000343325
510	256	0.000343688
510	256	0.000332849
510	256	0.000320172
510	256	0.000319379
510	256	0.000300644
510	256	0.000351824
510	256	0.000323779
510	380	0.000266587
510	380	0.000266440
510	380	0.000262091
510	380	0.000266242
510	380	0.000285899
510	380	0.000266840
510	380	0.000292247
510	380	0.000287356
510	380	0.000263057
510	380	0.000271266
510	380	0.000266727
510	380	0.000292077
510	380	0.000266811
510	380	0.000304255
510	380	0.000297233
510	380	0.000287615
510	380	0.000286799
510	380	0.000286812
510	380	0.000311818
510	380	0.000293712
510	380	0.000292069
510	380	0.000263037
510	380	0.000262916
510	380	0.000268724
510	380	0.000266631
510	380	0.000286887
510	380	0.000262230
510	380	0.000286920
510	380	0.000287169
510	380	0.000281863
510	380	0.000305398
510	380	0.000303178
510	380	0.000298090
510	380	0.000276353
510	380	0.000272694
510	380	0.000306935
510	380	0.000329927
510	380	0.000314244
510	380	0.000307426
510	380	0.000340518
510	380	0.000310720
510	380	0.000310919
510	380	0.000353367
510	380	0.000355526
510	380	0.000349136
510	380	0.000389542
510	380	0.000382369
510	380	0.000349410
510	380	0.000472461
510	380	0.000452191
510	380	0.000481652
510	380	0.000481162
510	380	0.000451798
510	380	0.000481823
510	380	0.000459653
510	380	0.000502050
510	380	0.000442155
510	380	0.000489304
510	380	0.000461056
510	380	0.000487955
510	380	0.000456823
510	380	0.000503371
510	380	0.000498418
510	380	0.000514628
510	380	0.000458948
510	380	0.000499169
510	380	0.000458971
510	380	0.000472066
510	380	0.000493864
510	380	0.000460419
510	380	0.000498406
510	380	0.000502259
510	380	0.000459868
510	380	0.000522075
510	380	0.000501528
510	380	0.000482600
510	380	0.000441232
510	380	0.000459884
510	380	0.000438982
510	380	0.000471664
510	380	0.000503339
510	380	0.000439116
510	380	0.000510559
510	380	0.000472153
510	380	0.000501822
510	380	0.000474456
510	380	0.000511330
510	380	0.000484664
510	380	0.000474128
510	380	0.000503149
510	380	0.000487903
510	380	0.000512031
510	380	0.000501483
510	380	0.000512074
510	380	0.000466283
510	380	0.000481308
510	380	0.000455166
510	380	0.000501624
510	380	0.000511640
510	380	0.000445764
510	510	0.000367963
510	510	0.000383244
510	510	0.000382661
510	510	0.000390029
510	510	0.000355737
510	510	0.000354677
510	510	0.000395022
510	510	0.000370220
510	510	0.000361963
510	510	0.000350505
510	510	0.000355409
510	510	0.000355829
510	510	0.000383481
510	510	0.000355148
510	510	0.000390397
510	510	0.000355434
510	510	0.000384236
510	510	0.000360244
510	510	0.000389107
510	510	0.000359269
510	510	0.000361203
510	510	0.000383008
510	510	0.000390375
510	510	0.000390630
510	510	0.000355409
510	510	0.000349709
510	510	0.000394829
510	510	0.000387636
510	510	0.000369382
510	510	0.000361421
510	510	0.000355872
510	510	0.000355562
510	510	0.000350633
510	510	0.000385143
510	510	0.000382850
510	510	0.000383618
510	510	0.000394363
510	510	0.000386198
510	510	0.000411451
510	510	0.000376968
510	510	0.000414868
510	510	0.000414709
510	510	0.000457131
510	510	0.000466251
510	510	0.000470950
510	510	0.000463864
510	510	0.000480074
510	510	0.000474623
510	510	0.000520088
510	510	0.000510216
510	510	0.000546436
510	510	0.000571920
510	510	0.000529874
510	510	0.000467223
510	510	0.000510685
510	510	0.000499724
510	510	0.000446686
510	510	0.000489970
510	510	0.000505076
510	510	0.000491523
510	510	0.000606195
510	510	0.000595898
510	510	0.000630709
510	510	0.000596741
510	510	0.000656474
510	510	0.000602747
510	510	0.000694480
510	510	0.000615747
510	510	0.000618219
510	510	0.000612289
510	510	0.000688864
510	510	0.000672531
510	510	0.000644142
510	510	0.000586101
510	510	0.000651643
510	510	0.000622829
510	510	0.000606998
510	510	0.000622499
510	510	0.000665310
510	510	0.000610776
510	510	0.000639083
510	510	0.000612563
510	510	0.000669050
510	510	0.000681473
510	510	0.000707466
510	510	0.000610266
510	510	0.000634084
510	510	0.000687724
510	510	0.000621567
510	510	0.000612301
510	510	0.000689576
510	510	0.000605395
510	510	0.000585194
510	510	0.000639560
510	510	0.000683017
510	510	0.000635241
510	510	0.000671457
510	510	0.000641412
510	510	0.000676687
510	510	0.000598852
510	600	0.000429574
510	600	0.000413067
510	600	0.000452409
510	600	0.000419681
510	600	0.000451852
510	600	0.000460537
510	600	0.000413437
510	600	0.000460902
510	600	0.000413112
510	600	0.000460910
510	600	0.000452070
510	600	0.000413132
510	600	0.000414445
510	600	0.000419677
510	600	0.000452216
510	600	0.000419926
510	600	0.000491066
510	600	0.000482353
510	600	0.000482252
510	600	0.000571352
510	600	0.000572809
510	600	0.000575301
510	600	0.000592245
510	600	0.000536669
510	600	0.000745490
510	600	0.000765542
510	600	0.000743943
510	600	0.000796567
510	600	0.000750713
510	600	0.000737384
510	600	0.000806327
510	600	0.000757901
510	600	0.000735923
510	600	0.000779838
510	600	0.000744305
510	600	0.000733094
510	600	0.000808222
510	600	0.000792460
510	600	0.000767810
510	600	0.000746819
510	600	0.000766623
510	600	0.000775319
510	600	0.000791798
510	600	0.000793074
510	600	0.000773178
510	600	0.000790846
510	600	0.000751073
510	600	0.000811563
510	600	0.000769926
510	600	0.000751304
510	600	0.000742570
510	600	0.000751967
510	600	0.000806422
510	600	0.000754777
510	600	0.000736098
510	600	0.000733935
510	600	0.000774917
510	600	0.000829432
510	600	0.000723857
510	600	0.000786890
510	600	0.000781585
510	600	0.000802072
510	600	0.000777539
510	600	0.000792821
510	600	0.000696416
510	600	0.000729876
510	600	0.000791055
510	600	0.000734227
510	600	0.000757167
510	600	0.000805909
510	600	0.000729557
510	600	0.000804982
510	600	0.000801195
510	600	0.000714570
510	600	0.000722744
510	600	0.000762991
510	600	0.000766689
510	600	0.000791877
510	600	0.000709644
510	600	0.000686024
510	600	0.000701001
510	600	0.000777014
510	600	0.000736148
510	600	0.000742726
510	600	0.000746112
510	600	0.000806740
510	600	0.000821127
510	600	0.000743629
510	600	0.000797547
510	600	0.000714139
510	600	0.000745222
510	600	0.000731089
510	600	0.000714549
510	600	0.000743333
510	600	0.000760728
510	600	0.000739481
510	600	0.000778887
510	600	0.000782788
510	600	0.000723273
510	600	0.000726530
600	128	0.000115956
600	128	0.000124307
600	128	0.000121972
600	128	0.000115963
600	128	0.000117346
600	128	0.000116258
600	128	0.000126238
600	128	0.000130994
600	128	0.000124473
600	128	0.000117710
600	128	0.000133728
600	128	0.000115980
600	128	0.000117527
600	128	0.000116031
600	128	0.000124458
600	128	0.000128681
600	128	0.000124712
600	128	0.000124175
600	128	0.000125082
600	128	0.000124428
600	128	0.000130553
600	128	0.000126179
600	128	0.000116167
600	128	0.000124414
600	128	0.000115666
600	128	0.000128396
600	128	0.000115746
600	128	0.000117680
600	128	0.000124415
600	128	0.000126433
600	128	0.000124444
600	128	0.000126249
600	128	0.000116035
600	128	0.000116193
600	128	0.000124298
600	128	0.000115672
600	128	0.000126520
600	128	0.000125987
600	128	0.000115957
600	128	0.000125850
600	128	0.000116238
600	128	0.000116468
600	128	0.000124251
600	128	0.000128896
600	128	0.000121985
600	128	0.000130780
600	128	0.000135496
600	128	0.000158033
600	128	0.000160158
600	128	0.000147909
600	128	0.000147447
600	128	0.000150450
600	128	0.000165752
600	128	0.000154812
600	128	0.000171951
600	128	0.000185934
600	128	0.000174799
600	128	0.000183640
600	128	0.000185458
600	128	0.000182325
600	128	0.000195778
600	128	0.000193173
600	128	0.000183155
600	128	0.000171207
600	128	0.000183148
600	128	0.000180136
600	128	0.000199593
600	128	0.000196481
600	128	0.000198187
600	128	0.000193877
600	128	0.000195966
600	128	0.000207370
600	128	0.000207811
600	128	0.000208154
600	128	0.000191346
600	128	0.000191046
600	128	0.000192430
600	128	0.000220551
600	128	0.000205640
600	128	0.000217140
600	128	0.000217170
600	128	0.000217615
600	128	0.000215278
600	128	0.000221885
600	128	0.000235385
600	128	0.000217772
600	128	0.000203582
600	128	0.000225159
600	128	0.000217299
600	128	0.000217582
600	128	0.000221484
600	128	0.000202999
600	128	0.000202936
600	128	0.000202270
600	128	0.000217745
600	128	0.000218149
600	128	0.000218655
600	128	0.000203852
600	128	0.000203038
600	128	0.000221155
600	256	0.000253348
600	256	0.000236728
600	256	0.000250613
600	256	0.000237134
600	256	0.000253370
600	256	0.000253462
600	256	0.000236761
600	256	0.000236575
600	256	0.000262989
600	256	0.000236518
600	256	0.000237782
600	256	0.000257073
600	256	0.000245850
600	256	0.000253158
600	256	0.000257098
600	256	0.000237406
600	256	0.000254373
600	256	0.000240168
600	256	0.000256868
600	256	0.000257275
600	256	0.000257660
600	256	0.000257105
600	256	0.000239887
600	256	0.000240196
600	256	0.000263420
600	256	0.000240210
600	256	0.000254010
600	256	0.000253260
600	256	0.000293802
600	256	0.000285528
600	256	0.000265719
600	256	0.000297811
600	256	0.000327016
600	256	0.000305365
600	256	0.000301768
600	256	0.000355379
600	256	0.000355012
600	256	0.000373071
600	256	0.000379351
600	256	0.000374068
600	256	0.000426520
600	256	0.000451754
600	256	0.000391918
600	256	0.000424924
600	256	0.000434187
600	256	0.000443752
600	256	0.000450289
600	256	0.000459568
600	256	0.000443250
600	256	0.000430025
600	256	0.000461810
600	256	0.000414352
600	256	0.000414398
600	256	0.000452267
600	256	0.000443662
600	256	0.000413954
600	256	0.000443492
600	256	0.000450242
600	256	0.000417049
600	256	0.000436680
600	256	0.000436125
600	256	0.000415154
600	256	0.000439398
600	256	0.000443519
600	256	0.000416086
600	256	0.000428776
600	256	0.000443787
600	256	0.000419818
600	256	0.000478013
600	256	0.000443545
600	256	0.000413621
600	256	0.000443252
600	256	0.000450150
600	256	0.000436074
600	256	0.000449572
600	256	0.000414601
600	256	0.000428534
600	256	0.000457042
600	256	0.000449555
600	256	0.000423886
600	256	0.000414498
600	256	0.000439748
600	256	0.000415227
600	256	0.000449807
600	256	0.000436757
600	256	0.000432854
600	256	0.000449817
600	256	0.000417278
600	256	0.000415320
600	256	0.000441632
600	256	0.000443439
600	256	0.000417075
600	256	0.000427645
600	256	0.000435494
600	256	0.000414878
600	256	0.000421699
600	256	0.000456834
600	256	0.000423518
600	256	0.000414676
600	256	0.000460376
600	380	0.000355000
600	380	0.000376913
600	380	0.000378075
600	380	0.000345917
600	380	0.000370559
600	380	0.000370376
600	380	0.000370662
600	380	0.000375966
600	380	0.000356130
600	380	0.000370850
600	380	0.000382319
600	380	0.000345750
600	380	0.000346591
600	380	0.000376431
600	380	0.000370637
600	380	0.000371401
600	380	0.000376692
600	380	0.000377081
600	380	0.000372435
600	380	0.000359653
600	380	0.000380899
600	380	0.000370995
600	380	0.000389132
600	380	0.000457513
600	380	0.000452220
600	380	0.000405050
600	380	0.000404792
600	380	0.000405373
600	380	0.000373863
600	380	0.000425216
600	380	0.000429809
600	380	0.000496089
600	380	0.000545002
600	380	0.000584768
600	380	0.000618067
600	380	0.000569798
600	380	0.000546102
600	380	0.000546182
600	380	0.000605940
600	380	0.000625017
600	380	0.000605928
600	380	0.000569939
600	380	0.000630265
600	380	0.000620326
600	380	0.000600632
600	380	0.000619689
600	380	0.000622203
600	380	0.000570271
600	380	0.000644366
600	380	0.000605912
600	380	0.000621682
600	380	0.000648704
600	380	0.000654960
600	380	0.000657826
600	380	0.000623050
600	380	0.000648594
600	380	0.000631730
600	380	0.000654092
600	380	0.000670329
600	380	0.000591561
600	380	0.000648806
600	380	0.000597372
600	380	0.000649110
600	380	0.000647771
600	380	0.000604592
600	380	0.000634332
600	380	0.000612794
600	380	0.000645752
600	380	0.000616276
600	380	0.000630681
600	380	0.000622149
600	380	0.000633711
600	380	0.000632102
600	380	0.000659645
600	380	0.000637305
600	380	0.000658428
600	380	0.000623244
600	380	0.000648955
600	380	0.000633169
600	380	0.000657910
600	380	0.000603520
600	380	0.000605407
600	380	0.000666504
600	380	0.000648786
600	380	0.000592928
600	380	0.000603470
600	380	0.000644821
600	380	0.000658406
600	380	0.000634510
600	380	0.000610493
600	380	0.000624450
600	380	0.000648833
600	380	0.000616886
600	380	0.000613249
600	380	0.000617369
600	380	0.000648484
600	380	0.000631297
600	380	0.000643500
600	380	0.000649497
600	380	0.000605533
600	510	0.000461688
600	510	0.000506082
600	510	0.000473559
600	510	0.000508416
600	510	0.000474325
600	510	0.000506275
600	510	0.000501122
600	510	0.000509464
600	510	0.000503453
600	510	0.000501533
600	510	0.000502361
600	510	0.000503508
600	510	0.000502456
600	510	0.000494954
600	510	0.000495110
600	510	0.000462267
600	510	0.000502580
600	510	0.000472456
600	510	0.000479079
600	510	0.000479219
600	510	0.000547491
600	510	0.000545881
600	510	0.000549006
600	510	0.000517063
600	510	0.000534527
600	510	0.000505006
600	510	0.000513596
600	510	0.000478874
600	510	0.000513590
600	510	0.000585808
600	510	0.000538931
600	510	0.000463041
600	510	0.000494950
600	510	0.000498937
600	510	0.000544122
600	510	0.000529576
600	510	0.000506108
600	510	0.000486796
600	510	0.000519030
600	510	0.000509958
600	510	0.000544931
600	510	0.000578901
600	510	0.000537962
600	510	0.000517379
600	510	0.000518809
600	510	0.000573701
600	510	0.000607484
600	510	0.000621642
600	510	0.000639148
600	510	0.000639144
600	510	0.000641655
600	510	0.000663904
600	510	0.000659940
600	510	0.000621374
600	510	0.000703103
600	510	0.000781928
600	510	0.000763351
600	510	0.000769837
600	510	0.000753032
600	510	0.000728407
600	510	0.000770031
600	510	0.000779484
600	510	0.000867612
600	510	0.000825778
600	510	0.000839730
600	510	0.000848172
600	510	0.000806308
600	510	0.000849239
600	510	0.000797895
600	510	0.000785892
600	510	0.000879284
600	510	0.000812228
600	510	0.000844319
600	510	0.000816975
600	510	0.000825871
600	510	0.000818296
600	510	0.000820820
600	510	0.000829160
600	510	0.000781125
600	510	0.000812740
600	510	0.000880528
600	510	0.000824416
600	510	0.000868188
600	510	0.000681521
600	510	0.000702972
600	510	0.000706672
600	510	0.000669703
600	510	0.000694445
600	510	0.000658552
600	510	0.000683879
600	510	0.000755745
600	510	0.000698666
600	510	0.000681285
600	510	0.000863518
600	510	0.000841157
600	510	0.000871927
600	510	0.000817299
600	510	0.000802279
600	510	0.000800253
600	510	0.000826261
600	600	0.000552353
600	600	0.000592717
600	600	0.000584471
600	600	0.000545891
600	600	0.000585567
600	600	0.000589967
600	600	0.000591378
600	600	0.000552913
600	600	0.000585491
600	600	0.000584570
600	600	0.000545462
600	600	0.000597306
600	600	0.000598619
600	600	0.000557948
600	600	0.000555796
600	600	0.000551840
600	600	0.000593038
600	600	0.000546386
600	600	0.000584191
600	600	0.000552230
600	600	0.000584901
600	600	0.000616456
600	600	0.000607608
600	600	0.000605960
600	600	0.000565325
600	600	0.000619417
600	600	0.000654367
600	600	0.000671127
600	600	0.000691442
600	600	0.000656385
600	600	0.000661032
600	600	0.000664357
600	600	0.000706487
600	600	0.000923271
600	600	0.000886226
600	600	0.000859146
600	600	0.000935219
600	600	0.001028159
600	600	0.000997734
600	600	0.000980640
600	600	0.001000721
600	600	0.001037603
600	600	0.000959992
600	600	0.000955862
600	600	0.001033678
600	600	0.000970183
600	600	0.000976824
600	600	0.000949629
600	600	0.000982808
600	600	0.000959432
600	600	0.000905156
600	600	0.000906346
600	600	0.000930873
600	600	0.001017561
600	600	0.001011500
600	600	0.001044145
600	600	0.000976394
600	600	0.001019053
600	600	0.001014040
600	600	0.000954171
600	600	0.000905956
600	600	0.000912097
600	600	0.000896849
600	600	0.000948370
600	600	0.000919180
600	600	0.000911477
600	600	0.000924861
600	600	0.000985689
600	600	0.000945714
600	600	0.000983040
600	600	0.000873449
600	600	0.000858294
600	600	0.000960789
600	600	0.000991107
600	600	0.000965330
600	600	0.001004396
600	600	0.000960983
600	600	0.001008330
600	600	0.000950049
600	600	0.000942935
600	600	0.001007603
600	600	0.001034869
600	600	0.001012355
600	600	0.000968081
600	600	0.001023576
600	600	0.000918880
600	600	0.000998440
600	600	0.001006894
600	600	0.000995035
600	600	0.001008121
600	600	0.000953234
600	600	0.001029032
600	600	0.000968080
600	600	0.000985644
600	600	0.000975708
600	600	0.000987458
600	600	0.000965879
600	600	0.001018485
600	600	0.000970530
600	600	0.000978851
