120	128	0.000020864
120	128	0.000020857
120	128	0.000024078
120	128	0.000020850
120	128	0.000020845
120	128	0.000020811
120	128	0.000020874
120	128	0.000020871
120	128	0.000020860
120	128	0.000021011
120	128	0.000020992
120	128	0.000021078
120	128	0.000028958
120	128	0.000020836
120	128	0.000020847
120	128	0.000020852
120	128	0.000022751
120	128	0.000020767
120	128	0.000020817
120	128	0.000020875
120	128	0.000020853
120	128	0.000020893
120	128	0.000020891
120	128	0.000020910
120	128	0.000020863
120	128	0.000020849
120	128	0.000021015
120	128	0.000020956
120	128	0.000020990
120	128	0.000023107
120	128	0.000020807
120	128	0.000020978
120	128	0.000020833
120	128	0.000020856
120	128	0.000020811
120	128	0.000020900
120	128	0.000022853
120	128	0.000020764
120	128	0.000020961
120	128	0.000036969
120	128	0.000020869
120	128	0.000021205
120	128	0.000020850
120	128	0.000046758
120	128	0.000021919
120	128	0.000022440
120	128	0.000022599
120	128	0.000021100
120	128	0.000020791
120	128	0.000020858
120	128	0.000020769
120	128	0.000020855
120	128	0.000020896
120	128	0.000020773
120	128	0.000026101
120	128	0.000020977
120	128	0.000020861
120	128	0.000020948
120	128	0.000020857
120	128	0.000020892
120	128	0.000021036
120	128	0.000020810
120	128	0.000021084
120	128	0.000020840
120	128	0.000020810
120	128	0.000020829
120	128	0.000020909
120	128	0.000020856
120	128	0.000020849
120	128	0.000020864
120	128	0.000020846
120	128	0.000020937
120	128	0.000020886
120	128	0.000021204
120	128	0.000020906
120	128	0.000020884
120	128	0.000020916
120	128	0.000020710
120	128	0.000020936
120	128	0.000020856
120	128	0.000020883
120	128	0.000025665
120	128	0.000020833
120	128	0.000020797
120	128	0.000020945
120	128	0.000020721
120	128	0.000020782
120	128	0.000020946
120	128	0.000020894
120	128	0.000020878
120	128	0.000020920
120	128	0.000020991
120	128	0.000020949
120	128	0.000020857
120	128	0.000020820
120	128	0.000020825
120	128	0.000020989
120	128	0.000021133
120	128	0.000020874
120	128	0.000020861
120	256	0.000069743
120	256	0.000069787
120	256	0.000069798
120	256	0.000062239
120	256	0.000069765
120	256	0.000069768
120	256	0.000069817
120	256	0.000064417
120	256	0.000069820
120	256	0.000069831
120	256	0.000069826
120	256	0.000055673
120	256	0.000069776
120	256	0.000062843
120	256	0.000069766
120	256	0.000061450
120	256	0.000064263
120	256	0.000063176
120	256	0.000059328
120	256	0.000069788
120	256	0.000057905
120	256	0.000069822
120	256	0.000069764
120	256	0.000069835
120	256	0.000069775
120	256	0.000069829
120	256	0.000069806
120	256	0.000069780
120	256	0.000069789
120	256	0.000084955
120	256	0.000080817
120	256	0.000085003
120	256	0.000084931
120	256	0.000093063
120	256	0.000116595
120	256	0.000093097
120	256	0.000080126
120	256	0.000078179
120	256	0.000105714
120	256	0.000094593
120	256	0.000097654
120	256	0.000097752
120	256	0.000094009
120	256	0.000104834
120	256	0.000108527
120	256	0.000116464
120	256	0.000122178
120	256	0.000122103
120	256	0.000122117
120	256	0.000108899
120	256	0.000110047
120	256	0.000122096
120	256	0.000122117
120	256	0.000122117
120	256	0.000121974
120	256	0.000122126
120	256	0.000122138
120	256	0.000130239
120	256	0.000122074
120	256	0.000122155
120	256	0.000122104
120	256	0.000122229
120	256	0.000122112
120	256	0.000122125
120	256	0.000122239
120	256	0.000102592
120	256	0.000122179
120	256	0.000130251
120	256	0.000122105
120	256	0.000106275
120	256	0.000122087
120	256	0.000122114
120	256	0.000114940
120	256	0.000122119
120	256	0.000122164
120	256	0.000122215
120	256	0.000122153
120	256	0.000122158
120	256	0.000110026
120	256	0.000116118
120	256	0.000122151
120	256	0.000102590
120	256	0.000122133
120	256	0.000108948
120	256	0.000122158
120	256	0.000122187
120	256	0.000122143
120	256	0.000122153
120	256	0.000122093
120	256	0.000122177
120	256	0.000122186
120	256	0.000122183
120	256	0.000122073
120	256	0.000110056
120	256	0.000122158
120	256	0.000122135
120	256	0.000122144
120	256	0.000122126
120	256	0.000095406
120	256	0.000122123
120	380	0.000076474
120	380	0.000069556
120	380	0.000076474
120	380	0.000076520
120	380	0.000076478
120	380	0.000076475
120	380	0.000076469
120	380	0.000076568
120	380	0.000076443
120	380	0.000076552
120	380	0.000076482
120	380	0.000076461
120	380	0.000076511
120	380	0.000076461
120	380	0.000076495
120	380	0.000076536
120	380	0.000081362
120	380	0.000076496
120	380	0.000076453
120	380	0.000076495
120	380	0.000076487
120	380	0.000069604
120	380	0.000076544
120	380	0.000076462
120	380	0.000076368
120	380	0.000069604
120	380	0.000076452
120	380	0.000076503
120	380	0.000076452
120	380	0.000076646
120	380	0.000076457
120	380	0.000076433
120	380	0.000076401
120	380	0.000076616
120	380	0.000076506
120	380	0.000081321
120	380	0.000089311
120	380	0.000089249
120	380	0.000089187
120	380	0.000081171
120	380	0.000089134
120	380	0.000089198
120	380	0.000081193
120	380	0.000089232
120	380	0.000089247
120	380	0.000093958
120	380	0.000099106
120	380	0.000102010
120	380	0.000097912
120	380	0.000101526
120	380	0.000109712
120	380	0.000112711
120	380	0.000102508
120	380	0.000132049
120	380	0.000125962
120	380	0.000126008
120	380	0.000133795
120	380	0.000133808
120	380	0.000133878
120	380	0.000133876
120	380	0.000120934
120	380	0.000116948
120	380	0.000133847
120	380	0.000133828
120	380	0.000176101
120	380	0.000133854
120	380	0.000120648
120	380	0.000133821
120	380	0.000133950
120	380	0.000133810
120	380	0.000165745
120	380	0.000133752
120	380	0.000133836
120	380	0.000134025
120	380	0.000119780
120	380	0.000133819
120	380	0.000133888
120	380	0.000192121
120	380	0.000142771
120	380	0.000144828
120	380	0.000143215
120	380	0.000132422
120	380	0.000121768
120	380	0.000133914
120	380	0.000116983
120	380	0.000116922
120	380	0.000133894
120	380	0.000116965
120	380	0.000133894
120	380	0.000133844
120	380	0.000118263
120	380	0.000133907
120	380	0.000133800
120	380	0.000133817
120	380	0.000134136
120	380	0.000130147
120	380	0.000116857
120	380	0.000133714
120	380	0.000133843
120	380	0.000132260
120	510	0.000091006
120	510	0.000091059
120	510	0.000091000
120	510	0.000090997
120	510	0.000095182
120	510	0.000090997
120	510	0.000093329
120	510	0.000090972
120	510	0.000085184
120	510	0.000091036
120	510	0.000091034
120	510	0.000091052
120	510	0.000090997
120	510	0.000091034
120	510	0.000090984
120	510	0.000090994
120	510	0.000093462
120	510	0.000090993
120	510	0.000090985
120	510	0.000091040
120	510	0.000091050
120	510	0.000091054
120	510	0.000090987
120	510	0.000091047
120	510	0.000091025
120	510	0.000081285
120	510	0.000084076
120	510	0.000091019
120	510	0.000091049
120	510	0.000091009
120	510	0.000098014
120	510	0.000098037
120	510	0.000098010
120	510	0.000098004
120	510	0.000094254
120	510	0.000102913
120	510	0.000094526
120	510	0.000089449
120	510	0.000094444
120	510	0.000094412
120	510	0.000101986
120	510	0.000102032
120	510	0.000101924
120	510	0.000101829
120	510	0.000101899
120	510	0.000127433
120	510	0.000127353
120	510	0.000127564
120	510	0.000127459
120	510	0.000150080
120	510	0.000150694
120	510	0.000149937
120	510	0.000159233
120	510	0.000159331
120	510	0.000159397
120	510	0.000159311
120	510	0.000159239
120	510	0.000159259
120	510	0.000159277
120	510	0.000159378
120	510	0.000154883
120	510	0.000159250
120	510	0.000159250
120	510	0.000159200
120	510	0.000146075
120	510	0.000159272
120	510	0.000159239
120	510	0.000159259
120	510	0.000159274
120	510	0.000142329
120	510	0.000147124
120	510	0.000147138
120	510	0.000159223
120	510	0.000159242
120	510	0.000159266
120	510	0.000159228
120	510	0.000159228
120	510	0.000159232
120	510	0.000159278
120	510	0.000159230
120	510	0.000159277
120	510	0.000159240
120	510	0.000169853
120	510	0.000159307
120	510	0.000159347
120	510	0.000159437
120	510	0.000159300
120	510	0.000169890
120	510	0.000159253
120	510	0.000159363
120	510	0.000159403
120	510	0.000142263
120	510	0.000147133
120	510	0.000159236
120	510	0.000142443
120	510	0.000159301
120	510	0.000159274
120	510	0.000149883
120	510	0.000159215
120	510	0.000159255
120	600	0.000117774
120	600	0.000117796
120	600	0.000117800
120	600	0.000110249
120	600	0.000117848
120	600	0.000117844
120	600	0.000117830
120	600	0.000117833
120	600	0.000117915
120	600	0.000117820
120	600	0.000117833
120	600	0.000117839
120	600	0.000108133
120	600	0.000117804
120	600	0.000117849
120	600	0.000117796
120	600	0.000117706
120	600	0.000117844
120	600	0.000117862
120	600	0.000117993
120	600	0.000108127
120	600	0.000117798
120	600	0.000118163
120	600	0.000117814
120	600	0.000117899
120	600	0.000117785
120	600	0.000117926
120	600	0.000117848
120	600	0.000117827
120	600	0.000117843
120	600	0.000117814
120	600	0.000117740
120	600	0.000122197
120	600	0.000122158
120	600	0.000122190
120	600	0.000132757
120	600	0.000122144
120	600	0.000148038
120	600	0.000143387
120	600	0.000143443
120	600	0.000143369
120	600	0.000174110
120	600	0.000174066
120	600	0.000173642
120	600	0.000173632
120	600	0.000173626
120	600	0.000162981
120	600	0.000179975
120	600	0.000171503
120	600	0.000183308
120	600	0.000183235
120	600	0.000183284
120	600	0.000169849
120	600	0.000183285
120	600	0.000183263
120	600	0.000206162
120	600	0.000206173
120	600	0.000216379
120	600	0.000216670
120	600	0.000206156
120	600	0.000206158
120	600	0.000194055
120	600	0.000206170
120	600	0.000206201
120	600	0.000182797
120	600	0.000206156
120	600	0.000206188
120	600	0.000206168
120	600	0.000194060
120	600	0.000206267
120	600	0.000206314
120	600	0.000206326
120	600	0.000206147
120	600	0.000217125
120	600	0.000206185
120	600	0.000206291
120	600	0.000206195
120	600	0.000206132
120	600	0.000206285
120	600	0.000194022
120	600	0.000206091
120	600	0.000220534
120	600	0.000232731
120	600	0.000220884
120	600	0.000189402
120	600	0.000206196
120	600	0.000206137
120	600	0.000206149
120	600	0.000194038
120	600	0.000206122
120	600	0.000206136
120	600	0.000206156
120	600	0.000193966
120	600	0.000206132
120	600	0.000217957
120	600	0.000210050
120	600	0.000217028
120	600	0.000223343
120	600	0.000189244
120	600	0.000220858
250	128	0.000042526
250	128	0.000042697
250	128	0.000046770
250	128	0.000042613
250	128	0.000042650
250	128	0.000042686
250	128	0.000042647
250	128	0.000042707
250	128	0.000042701
250	128	0.000042646
250	128	0.000042712
250	128	0.000046801
250	128	0.000042704
250	128	0.000042680
250	128	0.000042887
250	128	0.000042532
250	128	0.000042545
250	128	0.000042678
250	128	0.000042799
250	128	0.000042555
250	128	0.000052700
250	128	0.000042786
250	128	0.000042659
250	128	0.000042763
250	128	0.000042887
250	128	0.000047000
250	128	0.000051885
250	128	0.000051848
250	128	0.000051943
250	128	0.000051923
250	128	0.000062806
250	128	0.000062697
250	128	0.000063001
250	128	0.000062979
250	128	0.000063088
250	128	0.000074647
250	128	0.000074801
250	128	0.000074648
250	128	0.000074708
250	128	0.000074715
250	128	0.000074750
250	128	0.000074582
250	128	0.000074373
250	128	0.000081940
250	128	0.000081533
250	128	0.000177619
250	128	0.000083246
250	128	0.000084646
250	128	0.000074712
250	128	0.000074779
250	128	0.000074613
250	128	0.000074762
250	128	0.000074977
250	128	0.000074734
250	128	0.000074677
250	128	0.000074386
250	128	0.000074685
250	128	0.000074821
250	128	0.000074680
250	128	0.000074983
250	128	0.000074772
250	128	0.000074722
250	128	0.000074675
250	128	0.000081909
250	128	0.000075060
250	128	0.000074602
250	128	0.000074676
250	128	0.000074662
250	128	0.000074710
250	128	0.000074496
250	128	0.000070299
250	128	0.000082164
250	128	0.000074505
250	128	0.000074695
250	128	0.000074722
250	128	0.000074649
250	128	0.000074709
250	128	0.000074568
250	128	0.000100049
250	128	0.000074635
250	128	0.000081888
250	128	0.000082412
250	128	0.000074697
250	128	0.000074709
250	128	0.000074527
250	128	0.000074443
250	128	0.000074703
250	128	0.000074709
250	128	0.000081205
250	128	0.000074590
250	128	0.000074652
250	128	0.000074865
250	128	0.000074571
250	128	0.000074941
250	128	0.000074835
250	128	0.000074650
250	128	0.000083888
250	128	0.000074837
250	128	0.000074652
250	128	0.000074681
250	256	0.000150159
250	256	0.000144824
250	256	0.000144794
250	256	0.000144857
250	256	0.000144811
250	256	0.000144808
250	256	0.000144799
250	256	0.000129119
250	256	0.000144849
250	256	0.000129151
250	256	0.000144846
250	256	0.000144833
250	256	0.000150768
250	256	0.000144758
250	256	0.000144798
250	256	0.000148734
250	256	0.000142369
250	256	0.000144845
250	256	0.000149744
250	256	0.000144783
250	256	0.000144833
250	256	0.000127663
250	256	0.000144805
250	256	0.000144810
250	256	0.000144648
250	256	0.000144811
250	256	0.000144820
250	256	0.000144923
250	256	0.000144800
250	256	0.000124637
250	256	0.000144783
250	256	0.000144721
250	256	0.000142719
250	256	0.000144839
250	256	0.000144830
250	256	0.000126485
250	256	0.000142609
250	256	0.000139766
250	256	0.000144596
250	256	0.000162010
250	256	0.000162184
250	256	0.000184402
250	256	0.000181072
250	256	0.000170631
250	256	0.000167312
250	256	0.000202829
250	256	0.000202809
250	256	0.000202803
250	256	0.000202637
250	256	0.000225311
250	256	0.000225280
250	256	0.000221472
250	256	0.000238519
250	256	0.000238283
250	256	0.000238566
250	256	0.000228270
250	256	0.000196382
250	256	0.000253400
250	256	0.000253332
250	256	0.000253522
250	256	0.000267178
250	256	0.000261577
250	256	0.000253465
250	256	0.000253397
250	256	0.000253357
250	256	0.000208096
250	256	0.000248919
250	256	0.000253436
250	256	0.000253394
250	256	0.000255137
250	256	0.000227266
250	256	0.000253455
250	256	0.000253401
250	256	0.000253472
250	256	0.000253464
250	256	0.000253491
250	256	0.000249029
250	256	0.000253438
250	256	0.000253461
250	256	0.000245159
250	256	0.000271349
250	256	0.000263131
250	256	0.000253385
250	256	0.000192108
250	256	0.000253380
250	256	0.000218107
250	256	0.000253500
250	256	0.000253429
250	256	0.000228373
250	256	0.000262779
250	256	0.000217463
250	256	0.000263488
250	256	0.000240362
250	256	0.000202698
250	256	0.000253470
250	256	0.000238547
250	256	0.000253410
250	256	0.000253523
250	256	0.000259324
250	256	0.000265804
250	380	0.000158833
250	380	0.000142931
250	380	0.000138713
250	380	0.000158765
250	380	0.000158764
250	380	0.000158745
250	380	0.000158749
250	380	0.000142923
250	380	0.000158811
250	380	0.000158710
250	380	0.000158773
250	380	0.000158737
250	380	0.000144409
250	380	0.000158739
250	380	0.000158771
250	380	0.000156038
250	380	0.000158756
250	380	0.000157592
250	380	0.000158820
250	380	0.000158735
250	380	0.000199054
250	380	0.000158860
250	380	0.000139591
250	380	0.000163163
250	380	0.000158768
250	380	0.000144383
250	380	0.000156778
250	380	0.000158711
250	380	0.000143070
250	380	0.000163423
250	380	0.000158779
250	380	0.000138556
250	380	0.000164627
250	380	0.000164407
250	380	0.000164719
250	380	0.000164621
250	380	0.000168870
250	380	0.000170953
250	380	0.000171262
250	380	0.000155491
250	380	0.000171142
250	380	0.000185299
250	380	0.000185154
250	380	0.000185221
250	380	0.000194146
250	380	0.000175267
250	380	0.000175810
250	380	0.000193550
250	380	0.000181762
250	380	0.000193326
250	380	0.000193342
250	380	0.000193288
250	380	0.000193271
250	380	0.000199038
250	380	0.000197267
250	380	0.000202100
250	380	0.000202323
250	380	0.000234056
250	380	0.000234073
250	380	0.000210891
250	380	0.000222250
250	380	0.000222278
250	380	0.000229603
250	380	0.000247034
250	380	0.000247043
250	380	0.000246941
250	380	0.000277795
250	380	0.000240455
250	380	0.000277978
250	380	0.000261518
250	380	0.000277778
250	380	0.000283135
250	380	0.000277831
250	380	0.000277859
250	380	0.000277842
250	380	0.000261289
250	380	0.000277922
250	380	0.000277863
250	380	0.000283985
250	380	0.000286583
250	380	0.000278782
250	380	0.000252716
250	380	0.000277914
250	380	0.000277894
250	380	0.000261567
250	380	0.000277616
250	380	0.000252813
250	380	0.000277831
250	380	0.000261495
250	380	0.000288956
250	380	0.000289793
250	380	0.000252692
250	380	0.000277856
250	380	0.000277914
250	380	0.000277804
250	380	0.000271940
250	380	0.000283711
250	380	0.000279390
250	380	0.000263552
250	380	0.000252662
250	510	0.000189018
250	510	0.000189001
250	510	0.000189084
250	510	0.000179451
250	510	0.000189002
250	510	0.000189116
250	510	0.000189002
250	510	0.000194777
250	510	0.000189057
250	510	0.000189050
250	510	0.000194488
250	510	0.000189027
250	510	0.000189033
250	510	0.000179746
250	510	0.000189075
250	510	0.000168998
250	510	0.000193626
250	510	0.000189047
250	510	0.000183769
250	510	0.000194036
250	510	0.000189000
250	510	0.000189058
250	510	0.000189056
250	510	0.000189007
250	510	0.000189073
250	510	0.000189056
250	510	0.000188916
250	510	0.000189043
250	510	0.000188920
250	510	0.000189015
250	510	0.000189008
250	510	0.000189008
250	510	0.000188983
250	510	0.000203456
250	510	0.000181897
250	510	0.000207969
250	510	0.000203548
250	510	0.000230155
250	510	0.000230131
250	510	0.000230250
250	510	0.000230210
250	510	0.000264633
250	510	0.000244502
250	510	0.000264701
250	510	0.000293992
250	510	0.000286884
250	510	0.000294071
250	510	0.000311369
250	510	0.000311378
250	510	0.000311311
250	510	0.000311364
250	510	0.000320715
250	510	0.000339303
250	510	0.000330824
250	510	0.000330777
250	510	0.000311321
250	510	0.000343275
250	510	0.000339058
250	510	0.000330801
250	510	0.000331043
250	510	0.000330825
250	510	0.000339079
250	510	0.000331213
250	510	0.000330878
250	510	0.000311295
250	510	0.000311371
250	510	0.000342490
250	510	0.000327683
250	510	0.000322558
250	510	0.000330769
250	510	0.000311356
250	510	0.000329547
250	510	0.000330749
250	510	0.000330783
250	510	0.000330779
250	510	0.000320707
250	510	0.000339967
250	510	0.000330734
250	510	0.000330826
250	510	0.000330764
250	510	0.000305606
250	510	0.000338765
250	510	0.000330778
250	510	0.000330774
250	510	0.000330790
250	510	0.000320537
250	510	0.000330793
250	510	0.000330904
250	510	0.000311304
250	510	0.000311348
250	510	0.000363119
250	510	0.000339567
250	510	0.000330781
250	510	0.000311342
250	510	0.000311120
250	510	0.000330813
250	510	0.000340257
250	510	0.000285540
250	510	0.000330787
250	510	0.000311301
250	600	0.000244857
250	600	0.000244892
250	600	0.000244857
250	600	0.000244871
250	600	0.000248425
250	600	0.000244863
250	600	0.000244856
250	600	0.000250203
250	600	0.000224822
250	600	0.000244888
250	600	0.000230484
250	600	0.000249276
250	600	0.000244889
250	600	0.000244275
250	600	0.000224806
250	600	0.000244903
250	600	0.000244866
250	600	0.000244891
250	600	0.000244854
250	600	0.000251042
250	600	0.000244859
250	600	0.000244861
250	600	0.000230488
250	600	0.000252690
250	600	0.000244811
250	600	0.000244889
250	600	0.000244870
250	600	0.000249901
250	600	0.000244885
250	600	0.000229208
250	600	0.000244905
250	600	0.000250378
250	600	0.000244926
250	600	0.000244890
250	600	0.000247388
250	600	0.000244860
250	600	0.000248841
250	600	0.000244891
250	600	0.000244931
250	600	0.000244887
250	600	0.000240339
250	600	0.000292008
250	600	0.000285706
250	600	0.000285687
250	600	0.000309954
250	600	0.000311719
250	600	0.000311688
250	600	0.000311628
250	600	0.000342766
250	600	0.000342831
250	600	0.000342794
250	600	0.000342814
250	600	0.000342862
250	600	0.000358796
250	600	0.000339662
250	600	0.000391119
250	600	0.000410660
250	600	0.000379627
250	600	0.000403402
250	600	0.000403338
250	600	0.000393026
250	600	0.000428526
250	600	0.000411597
250	600	0.000434580
250	600	0.000428475
250	600	0.000403284
250	600	0.000428570
250	600	0.000426567
250	600	0.000428488
250	600	0.000403481
250	600	0.000436257
250	600	0.000403352
250	600	0.000428645
250	600	0.000454051
250	600	0.000403395
250	600	0.000428543
250	600	0.000403302
250	600	0.000435494
250	600	0.000439211
250	600	0.000428501
250	600	0.000403322
250	600	0.000391788
250	600	0.000412339
250	600	0.000428521
250	600	0.000412452
250	600	0.000437947
250	600	0.000403344
250	600	0.000428607
250	600	0.000409222
250	600	0.000437466
250	600	0.000428476
250	600	0.000403298
250	600	0.000439589
250	600	0.000428626
250	600	0.000428493
250	600	0.000414743
250	600	0.000456438
250	600	0.000428551
250	600	0.000428644
250	600	0.000416471
380	128	0.000064641
380	128	0.000065774
380	128	0.000064641
380	128	0.000064587
380	128	0.000064607
380	128	0.000064639
380	128	0.000064606
380	128	0.000064628
380	128	0.000064624
380	128	0.000064679
380	128	0.000064635
380	128	0.000064643
380	128	0.000064604
380	128	0.000064607
380	128	0.000064755
380	128	0.000076335
380	128	0.000064609
380	128	0.000081720
380	128	0.000064686
380	128	0.000069554
380	128	0.000064830
380	128	0.000070951
380	128	0.000064733
380	128	0.000064615
380	128	0.000064630
380	128	0.000064867
380	128	0.000069265
380	128	0.000064539
380	128	0.000069674
380	128	0.000064879
380	128	0.000064515
380	128	0.000064614
380	128	0.000064446
380	128	0.000064602
380	128	0.000064878
380	128	0.000064593
380	128	0.000064769
380	128	0.000069741
380	128	0.000069493
380	128	0.000069580
380	128	0.000069631
380	128	0.000069583
380	128	0.000075487
380	128	0.000075381
380	128	0.000082728
380	128	0.000075733
380	128	0.000075586
380	128	0.000088021
380	128	0.000082164
380	128	0.000082181
380	128	0.000082104
380	128	0.000095150
380	128	0.000095963
380	128	0.000095149
380	128	0.000095286
380	128	0.000106539
380	128	0.000106385
380	128	0.000106414
380	128	0.000110392
380	128	0.000113015
380	128	0.000124457
380	128	0.000113053
380	128	0.000113061
380	128	0.000113037
380	128	0.000113191
380	128	0.000106389
380	128	0.000122456
380	128	0.000141324
380	128	0.000113225
380	128	0.000124009
380	128	0.000124044
380	128	0.000124277
380	128	0.000113195
380	128	0.000113065
380	128	0.000124102
380	128	0.000113170
380	128	0.000113038
380	128	0.000112999
380	128	0.000112862
380	128	0.000113137
380	128	0.000113016
380	128	0.000112980
380	128	0.000124369
380	128	0.000106375
380	128	0.000111593
380	128	0.000113128
380	128	0.000112960
380	128	0.000113176
380	128	0.000124125
380	128	0.000113078
380	128	0.000113072
380	128	0.000112966
380	128	0.000113028
380	128	0.000113019
380	128	0.000113044
380	128	0.000113014
380	128	0.000113252
380	128	0.000120265
380	128	0.000113095
380	128	0.000124020
380	256	0.000219874
380	256	0.000220054
380	256	0.000219854
380	256	0.000224826
380	256	0.000197374
380	256	0.000196126
380	256	0.000219857
380	256	0.000201518
380	256	0.000219791
380	256	0.000219907
380	256	0.000238615
380	256	0.000219856
380	256	0.000219958
380	256	0.000219869
380	256	0.000181337
380	256	0.000169627
380	256	0.000173230
380	256	0.000225191
380	256	0.000183775
380	256	0.000220066
380	256	0.000220065
380	256	0.000225572
380	256	0.000220046
380	256	0.000197342
380	256	0.000183865
380	256	0.000197418
380	256	0.000219793
380	256	0.000220043
380	256	0.000235839
380	256	0.000219970
380	256	0.000220035
380	256	0.000208204
380	256	0.000218633
380	256	0.000186919
380	256	0.000224268
380	256	0.000220012
380	256	0.000232760
380	256	0.000201227
380	256	0.000242369
380	256	0.000242005
380	256	0.000193182
380	256	0.000193629
380	256	0.000256504
380	256	0.000256472
380	256	0.000298436
380	256	0.000303761
380	256	0.000271034
380	256	0.000307779
380	256	0.000318560
380	256	0.000307546
380	256	0.000269153
380	256	0.000324172
380	256	0.000324253
380	256	0.000316697
380	256	0.000395148
380	256	0.000370903
380	256	0.000362319
380	256	0.000307780
380	256	0.000375438
380	256	0.000385041
380	256	0.000368356
380	256	0.000384813
380	256	0.000362126
380	256	0.000384813
380	256	0.000379609
380	256	0.000393793
380	256	0.000384996
380	256	0.000384939
380	256	0.000362322
380	256	0.000417994
380	256	0.000384814
380	256	0.000385129
380	256	0.000365405
380	256	0.000398116
380	256	0.000343637
380	256	0.000310500
380	256	0.000384762
380	256	0.000336242
380	256	0.000384965
380	256	0.000362329
380	256	0.000362214
380	256	0.000393250
380	256	0.000345365
380	256	0.000384884
380	256	0.000362403
380	256	0.000393451
380	256	0.000362158
380	256	0.000385167
380	256	0.000365425
380	256	0.000397656
380	256	0.000345393
380	256	0.000384924
380	256	0.000372021
380	256	0.000367024
380	256	0.000384988
380	256	0.000325063
380	256	0.000362281
380	256	0.000362302
380	256	0.000393759
380	256	0.000362323
380	380	0.000224234
380	380	0.000241076
380	380	0.000241264
380	380	0.000241250
380	380	0.000241238
380	380	0.000246958
380	380	0.000241096
380	380	0.000241271
380	380	0.000215980
380	380	0.000248506
380	380	0.000224479
380	380	0.000241071
380	380	0.000241072
380	380	0.000241050
380	380	0.000246133
380	380	0.000241306
380	380	0.000241082
380	380	0.000213831
380	380	0.000241096
380	380	0.000240973
380	380	0.000210628
380	380	0.000210432
380	380	0.000248159
380	380	0.000241164
380	380	0.000217267
380	380	0.000241239
380	380	0.000245549
380	380	0.000241091
380	380	0.000213100
380	380	0.000241014
380	380	0.000241071
380	380	0.000235800
380	380	0.000270047
380	380	0.000276696
380	380	0.000276416
380	380	0.000282043
380	380	0.000281437
380	380	0.000281407
380	380	0.000281234
380	380	0.000293471
380	380	0.000298908
380	380	0.000304676
380	380	0.000362220
380	380	0.000360650
380	380	0.000372747
380	380	0.000375258
380	380	0.000375086
380	380	0.000403282
380	380	0.000435109
380	380	0.000430802
380	380	0.000380262
380	380	0.000422059
380	380	0.000457626
380	380	0.000422330
380	380	0.000422110
380	380	0.000396901
380	380	0.000399544
380	380	0.000429936
380	380	0.000417696
380	380	0.000422099
380	380	0.000397108
380	380	0.000430997
380	380	0.000432595
380	380	0.000422073
380	380	0.000346617
380	380	0.000420209
380	380	0.000424879
380	380	0.000421943
380	380	0.000397263
380	380	0.000422250
380	380	0.000412326
380	380	0.000368220
380	380	0.000397367
380	380	0.000429021
380	380	0.000426755
380	380	0.000415288
380	380	0.000357840
380	380	0.000419436
380	380	0.000421893
380	380	0.000421885
380	380	0.000403726
380	380	0.000430790
380	380	0.000422138
380	380	0.000342132
380	380	0.000430197
380	380	0.000424870
380	380	0.000421836
380	380	0.000357861
380	380	0.000429875
380	380	0.000421885
380	380	0.000422140
380	380	0.000406391
380	380	0.000422185
380	380	0.000398708
380	380	0.000432806
380	380	0.000422133
380	380	0.000366383
380	380	0.000430148
380	380	0.000397432
380	380	0.000422270
380	510	0.000287033
380	510	0.000287199
380	510	0.000287221
380	510	0.000264541
380	510	0.000293642
380	510	0.000287179
380	510	0.000287157
380	510	0.000287257
380	510	0.000287056
380	510	0.000273290
380	510	0.000292376
380	510	0.000287048
380	510	0.000287068
380	510	0.000287057
380	510	0.000268377
380	510	0.000287098
380	510	0.000287333
380	510	0.000287069
380	510	0.000264517
380	510	0.000292723
380	510	0.000287202
380	510	0.000287294
380	510	0.000287152
380	510	0.000301288
380	510	0.000287038
380	510	0.000287038
380	510	0.000285295
380	510	0.000291596
380	510	0.000291800
380	510	0.000287060
380	510	0.000293855
380	510	0.000297694
380	510	0.000297786
380	510	0.000303985
380	510	0.000286811
380	510	0.000287100
380	510	0.000287196
380	510	0.000287219
380	510	0.000365487
380	510	0.000370175
380	510	0.000370029
380	510	0.000402078
380	510	0.000401844
380	510	0.000384704
380	510	0.000364559
380	510	0.000365362
380	510	0.000365510
380	510	0.000362823
380	510	0.000401919
380	510	0.000420693
380	510	0.000430806
380	510	0.000429798
380	510	0.000446503
380	510	0.000446570
380	510	0.000470184
380	510	0.000480148
380	510	0.000490508
380	510	0.000481768
380	510	0.000502350
380	510	0.000473064
380	510	0.000452475
380	510	0.000460686
380	510	0.000472916
380	510	0.000491366
380	510	0.000462867
380	510	0.000462936
380	510	0.000522927
380	510	0.000460778
380	510	0.000472784
380	510	0.000513978
380	510	0.000473113
380	510	0.000486470
380	510	0.000510803
380	510	0.000472784
380	510	0.000426416
380	510	0.000512791
380	510	0.000502379
380	510	0.000493249
380	510	0.000502622
380	510	0.000473102
380	510	0.000494393
380	510	0.000511174
380	510	0.000462836
380	510	0.000521770
380	510	0.000510100
380	510	0.000462961
380	510	0.000486300
380	510	0.000526403
380	510	0.000502605
380	510	0.000472659
380	510	0.000492826
380	510	0.000512019
380	510	0.000502695
380	510	0.000499126
380	510	0.000539122
380	510	0.000502680
380	510	0.000509977
380	510	0.000493206
380	510	0.000502393
380	510	0.000502609
380	600	0.000372026
380	600	0.000349415
380	600	0.000371928
380	600	0.000348118
380	600	0.000371936
380	600	0.000372047
380	600	0.000371942
380	600	0.000372067
380	600	0.000354062
380	600	0.000377145
380	600	0.000377350
380	600	0.000366583
380	600	0.000377329
380	600	0.000371936
380	600	0.000348445
380	600	0.000372052
380	600	0.000349452
380	600	0.000371957
380	600	0.000377608
380	600	0.000478133
380	600	0.000453184
380	600	0.000483854
380	600	0.000541562
380	600	0.000577595
380	600	0.000669746
380	600	0.000619940
380	600	0.000680286
380	600	0.000640328
380	600	0.000651218
380	600	0.000662539
380	600	0.000615505
380	600	0.000656531
380	600	0.000622916
380	600	0.000638896
380	600	0.000650310
380	600	0.000681194
380	600	0.000651132
380	600	0.000644289
380	600	0.000608699
380	600	0.000594607
380	600	0.000650935
380	600	0.000650960
380	600	0.000575621
380	600	0.000664126
380	600	0.000651053
380	600	0.000663204
380	600	0.000637523
380	600	0.000612789
380	600	0.000625406
380	600	0.000583036
380	600	0.000597401
380	600	0.000621267
380	600	0.000651462
380	600	0.000661437
380	600	0.000651061
380	600	0.000607241
380	600	0.000650899
380	600	0.000639635
380	600	0.000650935
380	600	0.000620734
380	600	0.000651305
380	600	0.000650076
380	600	0.000645488
380	600	0.000652735
380	600	0.000605184
380	600	0.000674859
380	600	0.000651134
380	600	0.000623918
380	600	0.000651145
380	600	0.000631942
380	600	0.000657328
380	600	0.000617138
380	600	0.000653289
380	600	0.000653339
380	600	0.000659713
380	600	0.000662456
380	600	0.000612610
380	600	0.000653195
380	600	0.000612586
380	600	0.000649071
380	600	0.000652664
380	600	0.000660581
380	600	0.000634353
380	600	0.000628018
380	600	0.000617853
380	600	0.000647656
380	600	0.000644060
380	600	0.000639635
380	600	0.000651084
380	600	0.000666733
380	600	0.000648921
380	600	0.000643886
380	600	0.000650287
380	600	0.000660858
380	600	0.000651160
380	600	0.000626107
380	600	0.000609100
380	600	0.000632483
380	600	0.000623975
380	600	0.000659459
510	128	0.000086532
510	128	0.000086460
510	128	0.000099781
510	128	0.000086495
510	128	0.000086439
510	128	0.000087624
510	128	0.000086585
510	128	0.000086562
510	128	0.000086520
510	128	0.000086481
510	128	0.000086504
510	128	0.000095347
510	128	0.000086373
510	128	0.000094821
510	128	0.000086538
510	128	0.000091515
510	128	0.000086436
510	128	0.000086567
510	128	0.000086598
510	128	0.000086549
510	128	0.000086469
510	128	0.000086680
510	128	0.000086663
510	128	0.000086883
510	128	0.000115717
510	128	0.000086693
510	128	0.000086648
510	128	0.000086633
510	128	0.000086503
510	128	0.000109997
510	128	0.000086666
510	128	0.000086457
510	128	0.000086594
510	128	0.000090875
510	128	0.000086640
510	128	0.000086564
510	128	0.000086526
510	128	0.000086483
510	128	0.000086363
510	128	0.000086497
510	128	0.000086451
510	128	0.000086580
510	128	0.000086550
510	128	0.000089988
510	128	0.000086564
510	128	0.000094108
510	128	0.000086433
510	128	0.000086493
510	128	0.000086471
510	128	0.000086549
510	128	0.000086516
510	128	0.000086502
510	128	0.000092212
510	128	0.000086505
510	128	0.000086468
510	128	0.000086670
510	128	0.000086530
510	128	0.000086517
510	128	0.000086486
510	128	0.000086286
510	128	0.000086454
510	128	0.000096362
510	128	0.000086610
510	128	0.000086506
510	128	0.000086927
510	128	0.000086597
510	128	0.000086579
510	128	0.000086528
510	128	0.000086504
510	128	0.000086469
510	128	0.000092835
510	128	0.000086467
510	128	0.000086407
510	128	0.000093461
510	128	0.000092868
510	128	0.000086820
510	128	0.000086557
510	128	0.000086569
510	128	0.000086598
510	128	0.000092071
510	128	0.000086491
510	128	0.000086465
510	128	0.000095365
510	128	0.000086448
510	128	0.000111499
510	128	0.000087023
510	128	0.000090533
510	128	0.000086483
510	128	0.000086537
510	128	0.000086502
510	128	0.000086414
510	128	0.000086519
510	128	0.000086568
510	128	0.000086984
510	128	0.000086598
510	128	0.000091699
510	128	0.000086512
510	128	0.000086672
510	128	0.000086497
510	128	0.000086485
510	256	0.000295049
510	256	0.000205348
510	256	0.000294842
510	256	0.000294896
510	256	0.000273962
510	256	0.000294874
510	256	0.000294922
510	256	0.000294839
510	256	0.000295153
510	256	0.000300052
510	256	0.000277588
510	256	0.000247851
510	256	0.000295063
510	256	0.000252577
510	256	0.000262534
510	256	0.000308920
510	256	0.000295053
510	256	0.000294723
510	256	0.000299309
510	256	0.000295078
510	256	0.000287417
510	256	0.000295032
510	256	0.000294967
510	256	0.000295064
510	256	0.000289814
510	256	0.000277215
510	256	0.000295168
510	256	0.000295159
510	256	0.000237080
510	256	0.000274240
510	256	0.000296029
510	256	0.000230886
510	256	0.000295111
510	256	0.000317776
510	256	0.000321589
510	256	0.000312670
510	256	0.000306007
510	256	0.000306068
510	256	0.000305934
510	256	0.000294690
510	256	0.000313022
510	256	0.000351842
510	256	0.000349429
510	256	0.000335906
510	256	0.000330476
510	256	0.000330396
510	256	0.000330253
510	256	0.000330572
510	256	0.000324736
510	256	0.000357011
510	256	0.000332323
510	256	0.000269028
510	256	0.000382721
510	256	0.000363020
510	256	0.000364730
510	256	0.000320232
510	256	0.000361443
510	256	0.000351714
510	256	0.000372070
510	256	0.000393145
510	256	0.000393025
510	256	0.000289695
510	256	0.000372216
510	256	0.000359216
510	256	0.000359137
510	256	0.000393271
510	256	0.000353265
510	256	0.000458993
510	256	0.000525005
510	256	0.000516029
510	256	0.000500837
510	256	0.000524436
510	256	0.000356762
510	256	0.000527437
510	256	0.000516044
510	256	0.000491116
510	256	0.000525674
510	256	0.000516480
510	256	0.000348869
510	256	0.000516792
510	256	0.000516384
510	256	0.000487604
510	256	0.000526325
510	256	0.000516271
510	256	0.000504198
510	256	0.000460445
510	256	0.000516024
510	256	0.000506727
510	256	0.000541324
510	256	0.000486078
510	256	0.000506574
510	256	0.000486258
510	256	0.000516516
510	256	0.000443871
510	256	0.000525562
510	256	0.000516470
510	256	0.000485627
510	256	0.000494210
510	256	0.000516160
510	256	0.000513133
510	380	0.000323368
510	380	0.000323346
510	380	0.000291495
510	380	0.000323554
510	380	0.000323567
510	380	0.000323558
510	380	0.000328878
510	380	0.000329260
510	380	0.000323370
510	380	0.000323569
510	380	0.000323355
510	380	0.000323508
510	380	0.000323578
510	380	0.000298247
510	380	0.000328103
510	380	0.000334545
510	380	0.000323519
510	380	0.000323520
510	380	0.000323509
510	380	0.000323604
510	380	0.000323510
510	380	0.000328733
510	380	0.000326771
510	380	0.000323548
510	380	0.000323514
510	380	0.000338883
510	380	0.000323326
510	380	0.000323342
510	380	0.000328506
510	380	0.000330586
510	380	0.000323596
510	380	0.000346528
510	380	0.000348229
510	380	0.000348475
510	380	0.000348257
510	380	0.000393627
510	380	0.000343684
510	380	0.000367881
510	380	0.000362334
510	380	0.000362356
510	380	0.000362313
510	380	0.000362290
510	380	0.000362343
510	380	0.000368367
510	380	0.000377467
510	380	0.000471323
510	380	0.000411597
510	380	0.000421345
510	380	0.000431164
510	380	0.000431364
510	380	0.000536266
510	380	0.000574609
510	380	0.000562298
510	380	0.000580504
510	380	0.000558981
510	380	0.000532937
510	380	0.000543715
510	380	0.000503041
510	380	0.000503349
510	380	0.000567817
510	380	0.000566285
510	380	0.000552560
510	380	0.000565848
510	380	0.000533048
510	380	0.000511113
510	380	0.000565843
510	380	0.000546000
510	380	0.000601321
510	380	0.000544144
510	380	0.000554869
510	380	0.000565845
510	380	0.000548167
510	380	0.000573436
510	380	0.000532572
510	380	0.000574857
510	380	0.000565873
510	380	0.000542988
510	380	0.000565849
510	380	0.000559156
510	380	0.000565845
510	380	0.000552706
510	380	0.000548892
510	380	0.000565826
510	380	0.000575216
510	380	0.000532561
510	380	0.000585854
510	380	0.000532906
510	380	0.000552908
510	380	0.000539013
510	380	0.000465141
510	380	0.000536024
510	380	0.000578677
510	380	0.000565914
510	380	0.000559337
510	380	0.000565885
510	380	0.000545109
510	380	0.000566151
510	380	0.000539026
510	380	0.000512113
510	380	0.000574056
510	510	0.000392459
510	510	0.000396017
510	510	0.000385209
510	510	0.000385196
510	510	0.000385253
510	510	0.000385338
510	510	0.000385041
510	510	0.000385291
510	510	0.000389133
510	510	0.000399942
510	510	0.000390477
510	510	0.000398288
510	510	0.000389130
510	510	0.000395223
510	510	0.000385248
510	510	0.000385106
510	510	0.000385065
510	510	0.000385223
510	510	0.000385049
510	510	0.000343885
510	510	0.000344002
510	510	0.000390107
510	510	0.000390627
510	510	0.000431398
510	510	0.000462378
510	510	0.000410809
510	510	0.000539085
510	510	0.000539436
510	510	0.000670583
510	510	0.000673861
510	510	0.000680577
510	510	0.000672752
510	510	0.000658084
510	510	0.000675114
510	510	0.000647481
510	510	0.000702562
510	510	0.000681545
510	510	0.000688134
510	510	0.000676375
510	510	0.000634105
510	510	0.000677198
510	510	0.000673874
510	510	0.000638641
510	510	0.000692696
510	510	0.000681871
510	510	0.000686247
510	510	0.000671129
510	510	0.000679897
510	510	0.000683756
510	510	0.000657777
510	510	0.000681966
510	510	0.000686525
510	510	0.000674239
510	510	0.000641677
510	510	0.000665064
510	510	0.000678127
510	510	0.000666336
510	510	0.000685341
510	510	0.000660613
510	510	0.000647126
510	510	0.000629746
510	510	0.000674166
510	510	0.000637539
510	510	0.000674239
510	510	0.000659327
510	510	0.000674156
510	510	0.000646657
510	510	0.000679064
510	510	0.000651501
510	510	0.000681651
510	510	0.000642554
510	510	0.000674155
510	510	0.000642064
510	510	0.000679678
510	510	0.000646046
510	510	0.000664615
510	510	0.000629495
510	510	0.000665547
510	510	0.000634653
510	510	0.000636925
510	510	0.000673882
510	510	0.000643363
510	510	0.000680156
510	510	0.000689284
510	510	0.000655570
510	510	0.000601897
510	510	0.000668166
510	510	0.000666476
510	510	0.000669366
510	510	0.000693790
510	510	0.000683044
510	510	0.000634288
510	510	0.000682341
510	510	0.000674012
510	510	0.000641425
510	510	0.000673828
510	510	0.000701341
510	510	0.000635531
510	510	0.000681926
510	510	0.000667043
510	600	0.000504743
510	600	0.000505278
510	600	0.000504204
510	600	0.000476182
510	600	0.000505093
510	600	0.000503970
510	600	0.000499198
510	600	0.000498973
510	600	0.000499175
510	600	0.000499246
510	600	0.000498983
510	600	0.000499144
510	600	0.000498980
510	600	0.000503662
510	600	0.000499036
510	600	0.000498965
510	600	0.000499208
510	600	0.000499164
510	600	0.000498987
510	600	0.000499132
510	600	0.000504952
510	600	0.000503801
510	600	0.000504006
510	600	0.000537334
510	600	0.000511981
510	600	0.000515793
510	600	0.000616091
510	600	0.000616163
510	600	0.000603303
510	600	0.000704060
510	600	0.000709480
510	600	0.000720262
510	600	0.000813438
510	600	0.000862857
510	600	0.000863818
510	600	0.000878856
510	600	0.000878057
510	600	0.000834328
510	600	0.000872155
510	600	0.000855152
510	600	0.000866938
510	600	0.000785055
510	600	0.000858400
510	600	0.000880009
510	600	0.000873205
510	600	0.000875203
510	600	0.000831400
510	600	0.000863173
510	600	0.000866285
510	600	0.000831664
510	600	0.000832574
510	600	0.000878648
510	600	0.000875275
510	600	0.000829159
510	600	0.000862055
510	600	0.000860620
510	600	0.000823003
510	600	0.000861881
510	600	0.000854275
510	600	0.000880929
510	600	0.000881180
510	600	0.000831943
510	600	0.000850789
510	600	0.000870265
510	600	0.000879857
510	600	0.000826468
510	600	0.000819891
510	600	0.000881242
510	600	0.000866619
510	600	0.000859072
510	600	0.000877244
510	600	0.000812558
510	600	0.000830675
510	600	0.000879011
510	600	0.000793868
510	600	0.000873129
510	600	0.000829089
510	600	0.000881819
510	600	0.000866741
510	600	0.000881310
510	600	0.000864022
510	600	0.000875946
510	600	0.000869738
510	600	0.000882717
510	600	0.000865978
510	600	0.000857390
510	600	0.000875869
510	600	0.000879424
510	600	0.000859007
510	600	0.000880387
510	600	0.000881629
510	600	0.000879729
510	600	0.000868342
510	600	0.000809958
510	600	0.000867481
510	600	0.000855154
510	600	0.000721967
510	600	0.000740929
510	600	0.000742368
510	600	0.000764385
600	128	0.000101638
600	128	0.000111660
600	128	0.000111573
600	128	0.000101620
600	128	0.000101556
600	128	0.000101542
600	128	0.000107774
600	128	0.000101566
600	128	0.000101608
600	128	0.000101996
600	128	0.000101483
600	128	0.000101539
600	128	0.000101628
600	128	0.000101593
600	128	0.000111670
600	128	0.000101717
600	128	0.000101884
600	128	0.000101534
600	128	0.000101604
600	128	0.000101587
600	128	0.000111608
600	128	0.000101582
600	128	0.000101652
600	128	0.000101611
600	128	0.000101666
600	128	0.000101557
600	128	0.000101676
600	128	0.000101599
600	128	0.000101564
600	128	0.000101754
600	128	0.000105302
600	128	0.000101647
600	128	0.000101722
600	128	0.000101591
600	128	0.000101910
600	128	0.000109514
600	128	0.000109355
600	128	0.000109356
600	128	0.000109359
600	128	0.000109869
600	128	0.000142041
600	128	0.000144532
600	128	0.000129323
600	128	0.000129286
600	128	0.000129307
600	128	0.000129334
600	128	0.000129420
600	128	0.000145044
600	128	0.000135583
600	128	0.000142407
600	128	0.000135436
600	128	0.000150295
600	128	0.000149736
600	128	0.000149735
600	128	0.000150507
600	128	0.000184466
600	128	0.000178426
600	128	0.000174211
600	128	0.000158055
600	128	0.000173606
600	128	0.000158014
600	128	0.000167421
600	128	0.000167413
600	128	0.000167445
600	128	0.000177874
600	128	0.000167396
600	128	0.000167292
600	128	0.000177834
600	128	0.000177591
600	128	0.000177770
600	128	0.000177831
600	128	0.000177848
600	128	0.000177789
600	128	0.000177830
600	128	0.000195987
600	128	0.000177709
600	128	0.000177564
600	128	0.000177756
600	128	0.000195228
600	128	0.000177706
600	128	0.000168093
600	128	0.000177596
600	128	0.000177801
600	128	0.000177890
600	128	0.000177767
600	128	0.000177818
600	128	0.000177715
600	128	0.000177684
600	128	0.000195318
600	128	0.000177768
600	128	0.000178497
600	128	0.000177370
600	128	0.000183898
600	128	0.000177796
600	128	0.000177827
600	128	0.000177710
600	128	0.000170821
600	128	0.000177707
600	128	0.000195465
600	128	0.000192374
600	256	0.000300286
600	256	0.000353458
600	256	0.000353119
600	256	0.000346822
600	256	0.000346802
600	256	0.000298503
600	256	0.000309404
600	256	0.000266932
600	256	0.000345954
600	256	0.000326463
600	256	0.000352745
600	256	0.000347121
600	256	0.000347142
600	256	0.000352236
600	256	0.000308964
600	256	0.000346791
600	256	0.000329716
600	256	0.000302656
600	256	0.000347119
600	256	0.000346789
600	256	0.000346821
600	256	0.000346780
600	256	0.000347157
600	256	0.000352270
600	256	0.000342639
600	256	0.000338399
600	256	0.000345856
600	256	0.000429725
600	256	0.000399590
600	256	0.000401449
600	256	0.000386611
600	256	0.000427656
600	256	0.000428870
600	256	0.000377735
600	256	0.000427106
600	256	0.000428617
600	256	0.000540137
600	256	0.000546586
600	256	0.000565909
600	256	0.000540031
600	256	0.000526604
600	256	0.000549409
600	256	0.000571220
600	256	0.000565784
600	256	0.000596886
600	256	0.000577471
600	256	0.000578813
600	256	0.000571699
600	256	0.000544271
600	256	0.000606942
600	256	0.000608228
600	256	0.000606887
600	256	0.000491792
600	256	0.000608327
600	256	0.000571489
600	256	0.000568163
600	256	0.000606610
600	256	0.000558163
600	256	0.000607660
600	256	0.000613259
600	256	0.000607542
600	256	0.000581629
600	256	0.000566754
600	256	0.000571853
600	256	0.000593281
600	256	0.000607462
600	256	0.000544700
600	256	0.000607495
600	256	0.000636346
600	256	0.000544902
600	256	0.000614122
600	256	0.000535963
600	256	0.000596428
600	256	0.000552274
600	256	0.000607563
600	256	0.000474940
600	256	0.000588527
600	256	0.000571735
600	256	0.000595938
600	256	0.000606943
600	256	0.000577785
600	256	0.000527902
600	256	0.000589706
600	256	0.000583043
600	256	0.000571241
600	256	0.000580236
600	256	0.000592765
600	256	0.000497428
600	256	0.000617900
600	256	0.000571197
600	256	0.000549599
600	256	0.000607407
600	256	0.000595835
600	256	0.000556264
600	256	0.000589846
600	256	0.000547556
600	256	0.000637163
600	256	0.000614490
600	256	0.000582370
600	256	0.000624471
600	380	0.000386340
600	380	0.000331916
600	380	0.000380699
600	380	0.000380617
600	380	0.000331963
600	380	0.000380617
600	380	0.000380644
600	380	0.000380570
600	380	0.000382723
600	380	0.000387177
600	380	0.000386140
600	380	0.000387300
600	380	0.000385109
600	380	0.000390857
600	380	0.000385287
600	380	0.000389157
600	380	0.000380631
600	380	0.000380336
600	380	0.000380338
600	380	0.000380120
600	380	0.000380314
600	380	0.000331915
600	380	0.000399539
600	380	0.000389558
600	380	0.000387987
600	380	0.000380381
600	380	0.000332087
600	380	0.000380614
600	380	0.000380739
600	380	0.000346197
600	380	0.000379467
600	380	0.000395973
600	380	0.000402705
600	380	0.000398976
600	380	0.000404654
600	380	0.000511963
600	380	0.000475184
600	380	0.000606262
600	380	0.000647944
600	380	0.000629876
600	380	0.000591968
600	380	0.000585682
600	380	0.000666005
600	380	0.000638748
600	380	0.000621010
600	380	0.000634289
600	380	0.000664618
600	380	0.000673665
600	380	0.000665576
600	380	0.000692863
600	380	0.000626459
600	380	0.000674398
600	380	0.000655111
600	380	0.000672887
600	380	0.000669337
600	380	0.000600053
600	380	0.000628551
600	380	0.000666138
600	380	0.000593135
600	380	0.000665546
600	380	0.000647563
600	380	0.000666073
600	380	0.000657358
600	380	0.000581208
600	380	0.000651622
600	380	0.000665784
600	380	0.000662152
600	380	0.000665506
600	380	0.000662949
600	380	0.000661775
600	380	0.000676192
600	380	0.000673112
600	380	0.000666143
600	380	0.000639156
600	380	0.000666161
600	380	0.000644781
600	380	0.000665562
600	380	0.000674877
600	380	0.000661839
600	380	0.000596834
600	380	0.000657716
600	380	0.000666056
600	380	0.000624382
600	380	0.000658526
600	380	0.000621205
600	380	0.000666155
600	380	0.000652164
600	380	0.000665550
600	380	0.000635487
600	380	0.000666020
600	380	0.000635865
600	380	0.000595416
600	380	0.000662984
600	380	0.000629839
600	380	0.000679159
600	380	0.000659063
600	380	0.000630410
600	380	0.000665670
600	380	0.000674236
600	380	0.000654587
600	510	0.000452883
600	510	0.000453340
600	510	0.000452913
600	510	0.000453274
600	510	0.000452902
600	510	0.000452924
600	510	0.000452922
600	510	0.000452903
600	510	0.000458351
600	510	0.000453283
600	510	0.000452941
600	510	0.000453283
600	510	0.000404576
600	510	0.000453153
600	510	0.000458400
600	510	0.000453231
600	510	0.000453219
600	510	0.000453193
600	510	0.000415435
600	510	0.000453244
600	510	0.000404641
600	510	0.000453259
600	510	0.000453179
600	510	0.000452912
600	510	0.000487726
600	510	0.000493663
600	510	0.000496934
600	510	0.000507664
600	510	0.000507280
600	510	0.000541450
600	510	0.000520314
600	510	0.000535807
600	510	0.000646253
600	510	0.000729118
600	510	0.000603874
600	510	0.000627008
600	510	0.000735370
600	510	0.000704556
600	510	0.000691761
600	510	0.000704547
600	510	0.000716093
600	510	0.000711625
600	510	0.000828015
600	510	0.000778272
600	510	0.000781698
600	510	0.000787976
600	510	0.000750961
600	510	0.000772291
600	510	0.000768877
600	510	0.000756623
600	510	0.000656543
600	510	0.000732800
600	510	0.000787138
600	510	0.000786906
600	510	0.000777835
600	510	0.000774571
600	510	0.000791882
600	510	0.000803367
600	510	0.000778537
600	510	0.000792792
600	510	0.000785449
600	510	0.000793334
600	510	0.000786888
600	510	0.000774625
600	510	0.000791471
600	510	0.000784717
600	510	0.000759641
600	510	0.000802110
600	510	0.000761131
600	510	0.000793198
600	510	0.000775323
600	510	0.000798953
600	510	0.000785982
600	510	0.000787632
600	510	0.000770113
600	510	0.000781906
600	510	0.000754217
600	510	0.000777579
600	510	0.000793153
600	510	0.000800944
600	510	0.000776610
600	510	0.000793237
600	510	0.000756620
600	510	0.000760262
600	510	0.000793170
600	510	0.000773394
600	510	0.000775953
600	510	0.000803961
600	510	0.000750156
600	510	0.000746539
600	510	0.000748498
600	510	0.000860836
600	510	0.000784782
600	510	0.000737194
600	510	0.000763674
600	510	0.000736031
600	510	0.000784358
600	510	0.000746547
600	510	0.000781275
600	510	0.000746375
600	600	0.000592649
600	600	0.000593004
600	600	0.000587253
600	600	0.000587320
600	600	0.000587263
600	600	0.000595717
600	600	0.000593742
600	600	0.000592602
600	600	0.000594661
600	600	0.000586913
600	600	0.000587236
600	600	0.000586913
600	600	0.000589495
600	600	0.000627714
600	600	0.000592552
600	600	0.000587229
600	600	0.000587340
600	600	0.000597452
600	600	0.000592099
600	600	0.000596206
600	600	0.000559750
600	600	0.000614388
600	600	0.000608966
600	600	0.000654746
600	600	0.000692685
600	600	0.000684764
600	600	0.000701551
600	600	0.000708722
600	600	0.000919219
600	600	0.000903132
600	600	0.000871957
600	600	0.000840148
600	600	0.000821734
600	600	0.001019409
600	600	0.000971941
600	600	0.000973772
600	600	0.000936495
600	600	0.000921779
600	600	0.000923679
600	600	0.000914938
600	600	0.001034755
600	600	0.001020890
600	600	0.001016693
600	600	0.001018275
600	600	0.001039533
600	600	0.001044107
600	600	0.001018557
600	600	0.000977373
600	600	0.000976453
600	600	0.001035699
600	600	0.000970544
600	600	0.001033076
600	600	0.001034914
600	600	0.001015165
600	600	0.001033920
600	600	0.001015309
600	600	0.001035686
600	600	0.001008169
600	600	0.001002025
600	600	0.001009153
600	600	0.001011586
600	600	0.001014624
600	600	0.001023404
600	600	0.001030417
600	600	0.001027334
600	600	0.000975093
600	600	0.000976663
600	600	0.000998140
600	600	0.000996677
600	600	0.001033222
600	600	0.001033198
600	600	0.001034325
600	600	0.001024329
600	600	0.000966800
600	600	0.000976709
600	600	0.001005073
600	600	0.001017281
600	600	0.001035979
600	600	0.001017765
600	600	0.001065805
600	600	0.001023230
600	600	0.001042006
600	600	0.001030312
600	600	0.000973014
600	600	0.001013192
600	600	0.001035464
600	600	0.001003467
600	600	0.000970082
600	600	0.000989170
600	600	0.001015160
600	600	0.001024155
600	600	0.000962061
600	600	0.001028271
600	600	0.000957840
600	600	0.000981890
600	600	0.001027237
600	600	0.001036912
600	600	0.000951527
600	600	0.001007500
600	600	0.001028855
