120	128	0.000168332
120	128	0.000168300
120	128	0.000168383
120	128	0.000173934
120	128	0.000167983
120	128	0.000167987
120	128	0.000174508
120	128	0.000168037
120	128	0.000168372
120	128	0.000172804
120	128	0.000168347
120	128	0.000167963
120	128	0.000173379
120	128	0.000167931
120	128	0.000168275
120	128	0.000172041
120	128	0.000167902
120	128	0.000168334
120	128	0.000178546
120	128	0.000168414
120	128	0.000167986
120	128	0.000173393
120	128	0.000168310
120	128	0.000167980
120	128	0.000168347
120	128	0.000168271
120	128	0.000169316
120	128	0.000168259
120	128	0.000168313
120	128	0.000168393
120	128	0.000167949
120	128	0.000168245
120	128	0.000167916
120	128	0.000175805
120	128	0.000167890
120	128	0.000167921
120	128	0.000172729
120	128	0.000168339
120	128	0.000168433
120	128	0.000172963
120	128	0.000168296
120	128	0.000168346
120	128	0.000167932
120	128	0.000193662
120	128	0.000188544
120	128	0.000188579
120	128	0.000193992
120	128	0.000213860
120	128	0.000213727
120	128	0.000214817
120	128	0.000213746
120	128	0.000235094
120	128	0.000240461
120	128	0.000288238
120	128	0.000269525
120	128	0.000267707
120	128	0.000272797
120	128	0.000324597
120	128	0.000303186
120	128	0.000296377
120	128	0.000293838
120	128	0.000277229
120	128	0.000294675
120	128	0.000296338
120	128	0.000306065
120	128	0.000358610
120	128	0.000293819
120	128	0.000294527
120	128	0.000294004
120	128	0.000305225
120	128	0.000293917
120	128	0.000277380
120	128	0.000293977
120	128	0.000304622
120	128	0.000303462
120	128	0.000294501
120	128	0.000294641
120	128	0.000277095
120	128	0.000312842
120	128	0.000293380
120	128	0.000294613
120	128	0.000293871
120	128	0.000294569
120	128	0.000277279
120	128	0.000305139
120	128	0.000305561
120	128	0.000293965
120	128	0.000294520
120	128	0.000294556
120	128	0.000276709
120	128	0.000293944
120	128	0.000306062
120	128	0.000294040
120	128	0.000294520
120	128	0.000293962
120	128	0.000295239
120	128	0.000307346
120	128	0.000303426
120	128	0.000293877
120	128	0.000294501
120	256	0.000311617
120	256	0.000311079
120	256	0.000310878
120	256	0.000316059
120	256	0.000317494
120	256	0.000310928
120	256	0.000311533
120	256	0.000310910
120	256	0.000318146
120	256	0.000321665
120	256	0.000311498
120	256	0.000311659
120	256	0.000311585
120	256	0.000310960
120	256	0.000310976
120	256	0.000329148
120	256	0.000310975
120	256	0.000311530
120	256	0.000310960
120	256	0.000310815
120	256	0.000338442
120	256	0.000316860
120	256	0.000312674
120	256	0.000310894
120	256	0.000311582
120	256	0.000311607
120	256	0.000314876
120	256	0.000318024
120	256	0.000311515
120	256	0.000310870
120	256	0.000311606
120	256	0.000334800
120	256	0.000335475
120	256	0.000336675
120	256	0.000340696
120	256	0.000345594
120	256	0.000328619
120	256	0.000323044
120	256	0.000342976
120	256	0.000363605
120	256	0.000362827
120	256	0.000366953
120	256	0.000379246
120	256	0.000378424
120	256	0.000391375
120	256	0.000414597
120	256	0.000424449
120	256	0.000444842
120	256	0.000443509
120	256	0.000452581
120	256	0.000368746
120	256	0.000369469
120	256	0.000371904
120	256	0.000372902
120	256	0.000369387
120	256	0.000372262
120	256	0.000422049
120	256	0.000422625
120	256	0.000423107
120	256	0.000385400
120	256	0.000382731
120	256	0.000378436
120	256	0.000363525
120	256	0.000363454
120	256	0.000362849
120	256	0.000415254
120	256	0.000459071
120	256	0.000464808
120	256	0.000524041
120	256	0.000511943
120	256	0.000522758
120	256	0.000521915
120	256	0.000513694
120	256	0.000541157
120	256	0.000545072
120	256	0.000560152
120	256	0.000553215
120	256	0.000513102
120	256	0.000561339
120	256	0.000553825
120	256	0.000522688
120	256	0.000588209
120	256	0.000550882
120	256	0.000535772
120	256	0.000545053
120	256	0.000513200
120	256	0.000554713
120	256	0.000544095
120	256	0.000520554
120	256	0.000553079
120	256	0.000511865
120	256	0.000535399
120	256	0.000545265
120	256	0.000512208
120	256	0.000530902
120	256	0.000544123
120	256	0.000536425
120	256	0.000552438
120	256	0.000513075
120	256	0.000535841
120	380	0.000449443
120	380	0.000449421
120	380	0.000449531
120	380	0.000449696
120	380	0.000449727
120	380	0.000449423
120	380	0.000449362
120	380	0.000449408
120	380	0.000450487
120	380	0.000449363
120	380	0.000449575
120	380	0.000449418
120	380	0.000449827
120	380	0.000449750
120	380	0.000449360
120	380	0.000449812
120	380	0.000449762
120	380	0.000449742
120	380	0.000449785
120	380	0.000469922
120	380	0.000503260
120	380	0.000510790
120	380	0.000578704
120	380	0.000577332
120	380	0.000601838
120	380	0.000761349
120	380	0.000722372
120	380	0.000778242
120	380	0.000787633
120	380	0.000799502
120	380	0.000774823
120	380	0.000792314
120	380	0.000755708
120	380	0.000787654
120	380	0.000794369
120	380	0.000797074
120	380	0.000776869
120	380	0.000817530
120	380	0.000788269
120	380	0.000767909
120	380	0.000778485
120	380	0.000789387
120	380	0.000787410
120	380	0.000795270
120	380	0.000779316
120	380	0.000795471
120	380	0.000755121
120	380	0.000793297
120	380	0.000787108
120	380	0.000751433
120	380	0.000794072
120	380	0.000786479
120	380	0.000796809
120	380	0.000776993
120	380	0.000795287
120	380	0.000776351
120	380	0.000786542
120	380	0.000757406
120	380	0.000799211
120	380	0.000783411
120	380	0.000793965
120	380	0.000774669
120	380	0.000787484
120	380	0.000783294
120	380	0.000767749
120	380	0.000786853
120	380	0.000790646
120	380	0.000799754
120	380	0.000785621
120	380	0.000798468
120	380	0.000786451
120	380	0.000792702
120	380	0.000786355
120	380	0.000784987
120	380	0.000787021
120	380	0.000788253
120	380	0.000780650
120	380	0.000765366
120	380	0.000750150
120	380	0.000774649
120	380	0.000777353
120	380	0.000773001
120	380	0.000776822
120	380	0.000785646
120	380	0.000778137
120	380	0.000777307
120	380	0.000782432
120	380	0.000784369
120	380	0.000786434
120	380	0.000749010
120	380	0.000764020
120	380	0.000755711
120	380	0.000780311
120	380	0.000785413
120	380	0.000790549
120	380	0.000798533
120	380	0.000790299
120	380	0.000800081
120	380	0.000772783
120	380	0.000792670
120	510	0.000594651
120	510	0.000600150
120	510	0.000600250
120	510	0.000600371
120	510	0.000594923
120	510	0.000594579
120	510	0.000599346
120	510	0.000599935
120	510	0.000604355
120	510	0.000599330
120	510	0.000601036
120	510	0.000594976
120	510	0.000594977
120	510	0.000594585
120	510	0.000599607
120	510	0.000600032
120	510	0.000600193
120	510	0.000594980
120	510	0.000594523
120	510	0.000594538
120	510	0.000600322
120	510	0.000600000
120	510	0.000599529
120	510	0.000614416
120	510	0.000599180
120	510	0.000594557
120	510	0.000594554
120	510	0.000594926
120	510	0.000599502
120	510	0.000601117
120	510	0.000610211
120	510	0.000599413
120	510	0.000594569
120	510	0.000594928
120	510	0.000594519
120	510	0.000599959
120	510	0.000600794
120	510	0.000598589
120	510	0.000605045
120	510	0.000594953
120	510	0.000649317
120	510	0.000729832
120	510	0.000747256
120	510	0.000763779
120	510	0.000762699
120	510	0.000694073
120	510	0.000707769
120	510	0.000699509
120	510	0.000699557
120	510	0.000680223
120	510	0.000671375
120	510	0.000671781
120	510	0.000645301
120	510	0.000640293
120	510	0.000627229
120	510	0.000616700
120	510	0.000622046
120	510	0.000598506
120	510	0.000599923
120	510	0.000598996
120	510	0.000609339
120	510	0.000595007
120	510	0.000594955
120	510	0.000594572
120	510	0.000594901
120	510	0.000622178
120	510	0.000622174
120	510	0.000622781
120	510	0.000724321
120	510	0.000732495
120	510	0.000694085
120	510	0.000698939
120	510	0.000801662
120	510	0.000793216
120	510	0.000799801
120	510	0.000799822
120	510	0.000852918
120	510	0.000840146
120	510	0.000840256
120	510	0.000840266
120	510	0.000986332
120	510	0.001063064
120	510	0.001028418
120	510	0.001037841
120	510	0.001077387
120	510	0.001044228
120	510	0.001058740
120	510	0.001023173
120	510	0.001029362
120	510	0.001047671
120	510	0.001027098
120	510	0.001050927
120	510	0.001048664
120	510	0.001018837
120	510	0.001038254
120	510	0.001027397
120	510	0.001042950
120	510	0.001045413
120	510	0.001029912
120	510	0.001036032
120	600	0.000703292
120	600	0.000701185
120	600	0.000697829
120	600	0.000702483
120	600	0.000701036
120	600	0.000706176
120	600	0.000695721
120	600	0.000701473
120	600	0.000702079
120	600	0.000704037
120	600	0.000694993
120	600	0.000704177
120	600	0.000699279
120	600	0.000702631
120	600	0.000695728
120	600	0.000698251
120	600	0.000704935
120	600	0.000846940
120	600	0.000843873
120	600	0.000810975
120	600	0.000819134
120	600	0.000810946
120	600	0.000817474
120	600	0.001027217
120	600	0.001099051
120	600	0.001253763
120	600	0.001209806
120	600	0.001220313
120	600	0.001207519
120	600	0.001192833
120	600	0.001189580
120	600	0.001212377
120	600	0.001209930
120	600	0.001208152
120	600	0.001228074
120	600	0.001229694
120	600	0.001203246
120	600	0.001193652
120	600	0.001205679
120	600	0.001165431
120	600	0.001200900
120	600	0.001194728
120	600	0.001198780
120	600	0.001094514
120	600	0.001098022
120	600	0.001156074
120	600	0.001206350
120	600	0.001140863
120	600	0.000980534
120	600	0.001078691
120	600	0.001094874
120	600	0.001152513
120	600	0.001224482
120	600	0.001143462
120	600	0.001089643
120	600	0.001054643
120	600	0.001031480
120	600	0.001085092
120	600	0.001134892
120	600	0.001155972
120	600	0.001086671
120	600	0.001053821
120	600	0.001035072
120	600	0.000980796
120	600	0.001023958
120	600	0.001210993
120	600	0.001088531
120	600	0.001046348
120	600	0.000987188
120	600	0.001148975
120	600	0.001194715
120	600	0.001225664
120	600	0.001223655
120	600	0.001223729
120	600	0.001156557
120	600	0.001210855
120	600	0.001196042
120	600	0.001214307
120	600	0.001201551
120	600	0.001184927
120	600	0.001222214
120	600	0.001205842
120	600	0.001198869
120	600	0.001214419
120	600	0.001211002
120	600	0.001210626
120	600	0.001228718
120	600	0.001208775
120	600	0.001226255
120	600	0.001213903
120	600	0.001196520
120	600	0.001153258
120	600	0.001149812
120	600	0.001190491
120	600	0.001204102
120	600	0.001198623
120	600	0.001206803
120	600	0.001228095
120	600	0.001162573
120	600	0.001151404
250	128	0.000350231
250	128	0.000349344
250	128	0.000349492
250	128	0.000349558
250	128	0.000350148
250	128	0.000349492
250	128	0.000350140
250	128	0.000350232
250	128	0.000353820
250	128	0.000354099
250	128	0.000356543
250	128	0.000350258
250	128	0.000349458
250	128	0.000350207
250	128	0.000349415
250	128	0.000350293
250	128	0.000354320
250	128	0.000354309
250	128	0.000350241
250	128	0.000350386
250	128	0.000349378
250	128	0.000350317
250	128	0.000364341
250	128	0.000354613
250	128	0.000358174
250	128	0.000355747
250	128	0.000350291
250	128	0.000350292
250	128	0.000350319
250	128	0.000354842
250	128	0.000356000
250	128	0.000354711
250	128	0.000350303
250	128	0.000349360
250	128	0.000374600
250	128	0.000391430
250	128	0.000391389
250	128	0.000392191
250	128	0.000465985
250	128	0.000467013
250	128	0.000444690
250	128	0.000444766
250	128	0.000445623
250	128	0.000494908
250	128	0.000474567
250	128	0.000472517
250	128	0.000466009
250	128	0.000466040
250	128	0.000460913
250	128	0.000445923
250	128	0.000451414
250	128	0.000552874
250	128	0.000544748
250	128	0.000568812
250	128	0.000587871
250	128	0.000575374
250	128	0.000583314
250	128	0.000614341
250	128	0.000649584
250	128	0.000612881
250	128	0.000618465
250	128	0.000613176
250	128	0.000600962
250	128	0.000611469
250	128	0.000610241
250	128	0.000611434
250	128	0.000622365
250	128	0.000613029
250	128	0.000623408
250	128	0.000611478
250	128	0.000606431
250	128	0.000612743
250	128	0.000602771
250	128	0.000612158
250	128	0.000608941
250	128	0.000613055
250	128	0.000594460
250	128	0.000623617
250	128	0.000595709
250	128	0.000591833
250	128	0.000621502
250	128	0.000617272
250	128	0.000612927
250	128	0.000592389
250	128	0.000575632
250	128	0.000604767
250	128	0.000612897
250	128	0.000576116
250	128	0.000616095
250	128	0.000607732
250	128	0.000611515
250	128	0.000604937
250	128	0.000611547
250	128	0.000597351
250	128	0.000623946
250	128	0.000586068
250	128	0.000625444
250	128	0.000613011
250	128	0.000593688
250	128	0.000583588
250	256	0.000647334
250	256	0.000654478
250	256	0.000658940
250	256	0.000648621
250	256	0.000648596
250	256	0.000652847
250	256	0.000657438
250	256	0.000656297
250	256	0.000647365
250	256	0.000648600
250	256	0.000653963
250	256	0.000656120
250	256	0.000653893
250	256	0.000648690
250	256	0.000648716
250	256	0.000655169
250	256	0.000652057
250	256	0.000656841
250	256	0.000676227
250	256	0.000703098
250	256	0.000703891
250	256	0.000864634
250	256	0.000918380
250	256	0.001089015
250	256	0.001097949
250	256	0.001144305
250	256	0.001114831
250	256	0.001144824
250	256	0.001120027
250	256	0.001138141
250	256	0.001116535
250	256	0.001134832
250	256	0.001131805
250	256	0.001136959
250	256	0.001115745
250	256	0.001147876
250	256	0.001128696
250	256	0.001122451
250	256	0.001124505
250	256	0.001158023
250	256	0.001138762
250	256	0.001089265
250	256	0.001122583
250	256	0.001173095
250	256	0.001072871
250	256	0.001095257
250	256	0.001128233
250	256	0.001140872
250	256	0.001121333
250	256	0.001120818
250	256	0.001016862
250	256	0.001016098
250	256	0.001153914
250	256	0.001140345
250	256	0.001121079
250	256	0.001131994
250	256	0.001138285
250	256	0.001116126
250	256	0.001131270
250	256	0.001019557
250	256	0.001069884
250	256	0.001146756
250	256	0.001143505
250	256	0.001124174
250	256	0.001118279
250	256	0.001130352
250	256	0.001136681
250	256	0.001131017
250	256	0.001078196
250	256	0.001114987
250	256	0.001125254
250	256	0.001117036
250	256	0.001126693
250	256	0.001145598
250	256	0.001150963
250	256	0.001143284
250	256	0.001131745
250	256	0.001143125
250	256	0.001126617
250	256	0.001075551
250	256	0.001130664
250	256	0.001112926
250	256	0.001125587
250	256	0.001116489
250	256	0.001102258
250	256	0.001140887
250	256	0.001116714
250	256	0.001143825
250	256	0.001144462
250	256	0.001124705
250	256	0.001131070
250	256	0.001126200
250	256	0.001129859
250	256	0.001109995
250	256	0.001144430
250	256	0.001122773
250	256	0.001130796
250	256	0.001118976
250	256	0.001082205
250	256	0.001103258
250	380	0.000941310
250	380	0.000936563
250	380	0.000942996
250	380	0.000942316
250	380	0.000942972
250	380	0.000940342
250	380	0.000941570
250	380	0.000941694
250	380	0.000943086
250	380	0.000942577
250	380	0.000940322
250	380	0.000942232
250	380	0.000940499
250	380	0.000940761
250	380	0.000940588
250	380	0.000952926
250	380	0.000975462
250	380	0.000964183
250	380	0.000941655
250	380	0.001030194
250	380	0.001159087
250	380	0.001146461
250	380	0.001162483
250	380	0.001096670
250	380	0.001098373
250	380	0.001101923
250	380	0.001323647
250	380	0.001293201
250	380	0.001199088
250	380	0.001561291
250	380	0.001574145
250	380	0.001600840
250	380	0.001628791
250	380	0.001622740
250	380	0.001588964
250	380	0.001633938
250	380	0.001590768
250	380	0.001615065
250	380	0.001608518
250	380	0.001623355
250	380	0.001589224
250	380	0.001607462
250	380	0.001603751
250	380	0.001633762
250	380	0.001596685
250	380	0.001606411
250	380	0.001599733
250	380	0.001623440
250	380	0.001600887
250	380	0.001607384
250	380	0.001589384
250	380	0.001626199
250	380	0.001589682
250	380	0.001637282
250	380	0.001635515
250	380	0.001554293
250	380	0.001621430
250	380	0.001622056
250	380	0.001636271
250	380	0.001607870
250	380	0.001560471
250	380	0.001596896
250	380	0.001598279
250	380	0.001586636
250	380	0.001618929
250	380	0.001590698
250	380	0.001607310
250	380	0.001604031
250	380	0.001555437
250	380	0.001590532
250	380	0.001606859
250	380	0.001400413
250	380	0.001562856
250	380	0.001533132
250	380	0.001488003
250	380	0.001384899
250	380	0.001123782
250	380	0.001095796
250	380	0.001145396
250	380	0.001167143
250	380	0.001199712
250	380	0.001252907
250	380	0.001239830
250	380	0.001197754
250	380	0.001467458
250	380	0.001500854
250	380	0.001389129
250	380	0.001316284
250	380	0.001450536
250	380	0.001440374
250	380	0.001317346
250	380	0.001258832
250	380	0.001295743
250	380	0.001316549
250	380	0.000977423
250	380	0.000973269
250	380	0.000979023
250	380	0.000976334
250	380	0.000977097
250	380	0.000976900
250	510	0.001243030
250	510	0.001245026
250	510	0.001244884
250	510	0.001244660
250	510	0.001243638
250	510	0.001242678
250	510	0.001241927
250	510	0.001247731
250	510	0.001244323
250	510	0.001247953
250	510	0.001275119
250	510	0.001243255
250	510	0.001255279
250	510	0.001249201
250	510	0.001246539
250	510	0.001245080
250	510	0.001243126
250	510	0.001242091
250	510	0.001240358
250	510	0.001248382
250	510	0.001248624
250	510	0.001249483
250	510	0.001255891
250	510	0.001244626
250	510	0.001329890
250	510	0.001342745
250	510	0.001448401
250	510	0.001274796
250	510	0.001242884
250	510	0.001242076
250	510	0.001275759
250	510	0.001295176
250	510	0.001294347
250	510	0.001295737
250	510	0.001244877
250	510	0.001252039
250	510	0.001242277
250	510	0.001247873
250	510	0.001308212
250	510	0.001294555
250	510	0.001249749
250	510	0.001243744
250	510	0.001243901
250	510	0.001244909
250	510	0.001241741
250	510	0.001242652
250	510	0.001248762
250	510	0.001246521
250	510	0.001247784
250	510	0.001252738
250	510	0.001244950
250	510	0.001242702
250	510	0.001241478
250	510	0.001241508
250	510	0.001257567
250	510	0.001243004
250	510	0.001246375
250	510	0.001254891
250	510	0.001241711
250	510	0.001242691
250	510	0.001242863
250	510	0.001241308
250	510	0.001246353
250	510	0.001257531
250	510	0.001245635
250	510	0.001244161
250	510	0.001244674
250	510	0.001242855
250	510	0.001242142
250	510	0.001240610
250	510	0.001403885
250	510	0.001509688
250	510	0.001512039
250	510	0.001654752
250	510	0.001560306
250	510	0.001448407
250	510	0.001451907
250	510	0.001619291
250	510	0.001568513
250	510	0.001448314
250	510	0.001449737
250	510	0.001588069
250	510	0.001726127
250	510	0.001734619
250	510	0.001680703
250	510	0.001756953
250	510	0.001831294
250	510	0.002065916
250	510	0.002068001
250	510	0.002050317
250	510	0.002052779
250	510	0.002093232
250	510	0.002064732
250	510	0.002106659
250	510	0.002055308
250	510	0.002120545
250	510	0.001971711
250	510	0.001516945
250	510	0.001749338
250	510	0.001417228
250	600	0.001458759
250	600	0.001463115
250	600	0.001451653
250	600	0.001450665
250	600	0.001464978
250	600	0.001453606
250	600	0.001457159
250	600	0.001455999
250	600	0.001454821
250	600	0.001473678
250	600	0.001457919
250	600	0.001458518
250	600	0.001456848
250	600	0.001477531
250	600	0.001452009
250	600	0.001452432
250	600	0.001453817
250	600	0.001452880
250	600	0.001454630
250	600	0.001453656
250	600	0.001454746
250	600	0.001453348
250	600	0.001454749
250	600	0.001761162
250	600	0.001532073
250	600	0.001523963
250	600	0.001941659
250	600	0.001775207
250	600	0.001939713
250	600	0.002041492
250	600	0.001939628
250	600	0.002018584
250	600	0.001970887
250	600	0.002010009
250	600	0.001995674
250	600	0.001992063
250	600	0.001924401
250	600	0.001776827
250	600	0.001631449
250	600	0.001707223
250	600	0.001450614
250	600	0.001520098
250	600	0.001641190
250	600	0.001633707
250	600	0.001991724
250	600	0.001835441
250	600	0.001922079
250	600	0.001964085
250	600	0.001850355
250	600	0.001868005
250	600	0.001958298
250	600	0.001693764
250	600	0.001700130
250	600	0.002034821
250	600	0.002134047
250	600	0.002117829
250	600	0.002016627
250	600	0.002009221
250	600	0.001981834
250	600	0.001986705
250	600	0.002010013
250	600	0.002058032
250	600	0.002456177
250	600	0.002391153
250	600	0.002320361
250	600	0.002098600
250	600	0.002162334
250	600	0.002108190
250	600	0.002197388
250	600	0.002070945
250	600	0.002254222
250	600	0.002096837
250	600	0.002303347
250	600	0.002428937
250	600	0.002146365
250	600	0.002454121
250	600	0.002142219
250	600	0.002370125
250	600	0.002269592
250	600	0.002267632
250	600	0.002197418
250	600	0.002202506
250	600	0.002201595
250	600	0.002206465
250	600	0.002115709
250	600	0.002301507
250	600	0.002124131
250	600	0.002307225
250	600	0.001917084
250	600	0.002144372
250	600	0.001949125
250	600	0.002293432
250	600	0.002404043
250	600	0.002303055
250	600	0.002474531
250	600	0.002156448
250	600	0.002415080
250	600	0.002150909
250	600	0.002354684
250	600	0.002260061
380	128	0.000538763
380	128	0.000532238
380	128	0.000532024
380	128	0.000530942
380	128	0.000530846
380	128	0.000532195
380	128	0.000538052
380	128	0.000538282
380	128	0.000538195
380	128	0.000534823
380	128	0.000539856
380	128	0.000545702
380	128	0.000537681
380	128	0.000530946
380	128	0.000532087
380	128	0.000530876
380	128	0.000532034
380	128	0.000538068
380	128	0.000537395
380	128	0.000537069
380	128	0.000537425
380	128	0.000536307
380	128	0.000539992
380	128	0.000537496
380	128	0.000537261
380	128	0.000536921
380	128	0.000571070
380	128	0.000536472
380	128	0.000543401
380	128	0.000536535
380	128	0.000548469
380	128	0.000534323
380	128	0.000539330
380	128	0.000551769
380	128	0.000551814
380	128	0.000581172
380	128	0.000579629
380	128	0.000593687
380	128	0.000628869
380	128	0.000619367
380	128	0.000641338
380	128	0.000665117
380	128	0.000653796
380	128	0.000647922
380	128	0.000661510
380	128	0.000600289
380	128	0.000599231
380	128	0.000595048
380	128	0.000594502
380	128	0.000594570
380	128	0.000536553
380	128	0.000551001
380	128	0.000530978
380	128	0.000537119
380	128	0.000536653
380	128	0.000536883
380	128	0.000578340
380	128	0.000576609
380	128	0.000551209
380	128	0.000530890
380	128	0.000530914
380	128	0.000575549
380	128	0.000603320
380	128	0.000603610
380	128	0.000620673
380	128	0.000619433
380	128	0.000797340
380	128	0.000825631
380	128	0.000798671
380	128	0.000782519
380	128	0.000794174
380	128	0.000782438
380	128	0.000749233
380	128	0.000743138
380	128	0.000791607
380	128	0.000782196
380	128	0.000792041
380	128	0.000782398
380	128	0.000793577
380	128	0.000790357
380	128	0.000755432
380	128	0.000743171
380	128	0.000751520
380	128	0.000745084
380	128	0.000753660
380	128	0.000743176
380	128	0.000751301
380	128	0.000745071
380	128	0.000792002
380	128	0.000791412
380	128	0.000938667
380	128	0.000944109
380	128	0.000938776
380	128	0.000931219
380	128	0.000942875
380	128	0.000925059
380	128	0.000903973
380	128	0.000925674
380	128	0.000938819
380	128	0.000916745
380	256	0.000992979
380	256	0.000990741
380	256	0.000991109
380	256	0.000992903
380	256	0.000988895
380	256	0.000990309
380	256	0.000987929
380	256	0.000992091
380	256	0.000990898
380	256	0.001030229
380	256	0.001109959
380	256	0.001458325
380	256	0.001624141
380	256	0.001685490
380	256	0.001690125
380	256	0.001725457
380	256	0.001667699
380	256	0.001641976
380	256	0.001655016
380	256	0.001691057
380	256	0.001706382
380	256	0.001664195
380	256	0.001697567
380	256	0.001663731
380	256	0.001691194
380	256	0.001692113
380	256	0.001686206
380	256	0.001694192
380	256	0.001690835
380	256	0.001693098
380	256	0.001635721
380	256	0.001723452
380	256	0.001639876
380	256	0.001690643
380	256	0.001653692
380	256	0.001668865
380	256	0.001503545
380	256	0.001394932
380	256	0.001461852
380	256	0.001335461
380	256	0.001263151
380	256	0.001315883
380	256	0.001433808
380	256	0.001422084
380	256	0.001320532
380	256	0.001719631
380	256	0.001458032
380	256	0.001354250
380	256	0.001261113
380	256	0.001156427
380	256	0.001209755
380	256	0.001319265
380	256	0.001381250
380	256	0.001271663
380	256	0.001066245
380	256	0.001131428
380	256	0.001155429
380	256	0.001205603
380	256	0.001289960
380	256	0.001398904
380	256	0.001381336
380	256	0.001130680
380	256	0.001063721
380	256	0.001112918
380	256	0.001116478
380	256	0.001159612
380	256	0.001236284
380	256	0.001330470
380	256	0.001547349
380	256	0.001412806
380	256	0.001440871
380	256	0.001562992
380	256	0.001707919
380	256	0.001631361
380	256	0.001554796
380	256	0.001379273
380	256	0.001335296
380	256	0.001383819
380	256	0.001539679
380	256	0.001625938
380	256	0.001650852
380	256	0.001626988
380	256	0.001701184
380	256	0.001675130
380	256	0.001639936
380	256	0.001697040
380	256	0.001691567
380	256	0.001689553
380	256	0.001661779
380	256	0.001709433
380	256	0.001698812
380	256	0.001628165
380	256	0.001688278
380	256	0.001657590
380	256	0.001662406
380	256	0.001649312
380	256	0.001713350
380	256	0.001630019
380	256	0.001639080
380	256	0.001454532
380	380	0.001431359
380	380	0.001431571
380	380	0.001426400
380	380	0.001425779
380	380	0.001427084
380	380	0.001426252
380	380	0.001431278
380	380	0.001432482
380	380	0.001517693
380	380	0.001671367
380	380	0.001558555
380	380	0.001769476
380	380	0.002209623
380	380	0.002260540
380	380	0.002225088
380	380	0.002148441
380	380	0.002389027
380	380	0.001945982
380	380	0.001652298
380	380	0.001712756
380	380	0.001775870
380	380	0.001426107
380	380	0.001496639
380	380	0.001501917
380	380	0.001426724
380	380	0.001432648
380	380	0.001430719
380	380	0.001438939
380	380	0.001522336
380	380	0.001499136
380	380	0.001427505
380	380	0.001432659
380	380	0.001431117
380	380	0.001431551
380	380	0.001487152
380	380	0.001462268
380	380	0.001428841
380	380	0.001432170
380	380	0.001430011
380	380	0.001443887
380	380	0.001425508
380	380	0.001429517
380	380	0.001429578
380	380	0.001429847
380	380	0.001476452
380	380	0.001464334
380	380	0.001430639
380	380	0.001429532
380	380	0.001429316
380	380	0.001431995
380	380	0.001432478
380	380	0.001577409
380	380	0.002053868
380	380	0.002314056
380	380	0.002241761
380	380	0.002225265
380	380	0.002156692
380	380	0.002258055
380	380	0.001967739
380	380	0.001679476
380	380	0.001675805
380	380	0.002209196
380	380	0.002022919
380	380	0.002130601
380	380	0.002433383
380	380	0.002357662
380	380	0.002403847
380	380	0.002151620
380	380	0.002318629
380	380	0.002055305
380	380	0.002260178
380	380	0.001965316
380	380	0.002203661
380	380	0.001989241
380	380	0.002257848
380	380	0.001848223
380	380	0.002136276
380	380	0.002364049
380	380	0.002002815
380	380	0.002370750
380	380	0.002006369
380	380	0.002402549
380	380	0.002352063
380	380	0.002408465
380	380	0.002439285
380	380	0.002399410
380	380	0.002407372
380	380	0.002350276
380	380	0.002397846
380	380	0.002439674
380	380	0.002390043
380	380	0.002424693
380	380	0.002396764
380	380	0.002422924
380	380	0.002404377
380	380	0.002388527
380	380	0.002410116
380	380	0.002072144
380	380	0.001601870
380	380	0.001841000
380	510	0.001892292
380	510	0.001888761
380	510	0.001893899
380	510	0.001889075
380	510	0.001893664
380	510	0.001894460
380	510	0.001891759
380	510	0.001891849
380	510	0.001907899
380	510	0.001891589
380	510	0.001891327
380	510	0.001887001
380	510	0.001891221
380	510	0.001971161
380	510	0.002432740
380	510	0.003094168
380	510	0.003212671
380	510	0.003190890
380	510	0.003014418
380	510	0.002320957
380	510	0.003043927
380	510	0.002348207
380	510	0.002685615
380	510	0.003148871
380	510	0.002802295
380	510	0.003196044
380	510	0.002653021
380	510	0.001890603
380	510	0.002279428
380	510	0.001953629
380	510	0.002187691
380	510	0.001971195
380	510	0.002035175
380	510	0.002086020
380	510	0.002214159
380	510	0.002642301
380	510	0.002495774
380	510	0.002692462
380	510	0.002040053
380	510	0.002709072
380	510	0.002034504
380	510	0.002525344
380	510	0.003059311
380	510	0.002695692
380	510	0.002852824
380	510	0.002441632
380	510	0.003003698
380	510	0.003112996
380	510	0.002942134
380	510	0.003195964
380	510	0.003117976
380	510	0.003148480
380	510	0.003123685
380	510	0.002967233
380	510	0.002478081
380	510	0.002645507
380	510	0.002402498
380	510	0.002969586
380	510	0.003178608
380	510	0.003024275
380	510	0.003175111
380	510	0.002565343
380	510	0.002150945
380	510	0.002153216
380	510	0.002155560
380	510	0.002156224
380	510	0.002157769
380	510	0.002479926
380	510	0.003079038
380	510	0.002433196
380	510	0.001891508
380	510	0.002281562
380	510	0.002876314
380	510	0.002331549
380	510	0.002783603
380	510	0.003176665
380	510	0.003120771
380	510	0.003192563
380	510	0.003138675
380	510	0.003119486
380	510	0.002981645
380	510	0.002816162
380	510	0.002543655
380	510	0.002899780
380	510	0.003181969
380	510	0.002414650
380	510	0.003157146
380	510	0.003157507
380	510	0.003188133
380	510	0.003178833
380	510	0.003137835
380	510	0.003147818
380	510	0.003113411
380	510	0.003001452
380	510	0.002759532
380	510	0.003080917
380	510	0.002306510
380	510	0.003002061
380	510	0.002455697
380	510	0.002589746
380	600	0.002210276
380	600	0.002216466
380	600	0.002211259
380	600	0.002217270
380	600	0.002212889
380	600	0.002210873
380	600	0.002215373
380	600	0.002354129
380	600	0.002225482
380	600	0.002450124
380	600	0.003096981
380	600	0.003698946
380	600	0.003023765
380	600	0.003782355
380	600	0.003727149
380	600	0.003678283
380	600	0.003543349
380	600	0.003496422
380	600	0.003411939
380	600	0.003349601
380	600	0.003019346
380	600	0.003271082
380	600	0.002826366
380	600	0.003461799
380	600	0.002814581
380	600	0.003480250
380	600	0.003694172
380	600	0.003717806
380	600	0.003641977
380	600	0.003315576
380	600	0.003711913
380	600	0.003215239
380	600	0.003728876
380	600	0.002936474
380	600	0.003553888
380	600	0.002906361
380	600	0.003419778
380	600	0.002859221
380	600	0.003396929
380	600	0.002761750
380	600	0.002945663
380	600	0.002525348
380	600	0.003172778
380	600	0.002544813
380	600	0.002659262
380	600	0.002527347
380	600	0.002584522
380	600	0.002354058
380	600	0.002208999
380	600	0.002209348
380	600	0.002210217
380	600	0.002208610
380	600	0.002207290
380	600	0.002211878
380	600	0.002214590
380	600	0.002215539
380	600	0.002210665
380	600	0.002213188
380	600	0.002207785
380	600	0.002215828
380	600	0.002208468
380	600	0.002226120
380	600	0.002209188
380	600	0.002210047
380	600	0.002211525
380	600	0.002210578
380	600	0.002209821
380	600	0.002306120
380	600	0.002208620
380	600	0.002207580
380	600	0.002208416
380	600	0.002290596
380	600	0.002849077
380	600	0.002629070
380	600	0.002738720
380	600	0.002373706
380	600	0.002815114
380	600	0.002210726
380	600	0.002214256
380	600	0.002211914
380	600	0.002208963
380	600	0.002282434
380	600	0.002895926
380	600	0.002304676
380	600	0.002630645
380	600	0.002209426
380	600	0.002461896
380	600	0.002251076
380	600	0.002358905
380	600	0.002228883
380	600	0.002380693
380	600	0.002221660
380	600	0.002297722
380	600	0.002214414
380	600	0.002209049
380	600	0.002209605
380	600	0.002209310
380	600	0.002226709
380	600	0.002528087
380	600	0.002245114
510	128	0.000722240
510	128	0.000718348
510	128	0.000719996
510	128	0.000714259
510	128	0.000717971
510	128	0.000719053
510	128	0.000721281
510	128	0.000714222
510	128	0.000720681
510	128	0.000725223
510	128	0.000795438
510	128	0.000914017
510	128	0.000933757
510	128	0.000912856
510	128	0.001118736
510	128	0.001240395
510	128	0.001258170
510	128	0.001256087
510	128	0.001192284
510	128	0.001201418
510	128	0.001233534
510	128	0.001266495
510	128	0.001120873
510	128	0.001136215
510	128	0.001120521
510	128	0.001225930
510	128	0.001186841
510	128	0.001183106
510	128	0.001067658
510	128	0.001058963
510	128	0.001121167
510	128	0.001181067
510	128	0.001219635
510	128	0.001261310
510	128	0.001235307
510	128	0.001253521
510	128	0.001175839
510	128	0.001215912
510	128	0.001206018
510	128	0.001240964
510	128	0.001252648
510	128	0.001140352
510	128	0.001149803
510	128	0.001185657
510	128	0.001225249
510	128	0.001099599
510	128	0.001006184
510	128	0.001101921
510	128	0.001155252
510	128	0.001256762
510	128	0.001247333
510	128	0.001204252
510	128	0.001225507
510	128	0.001221202
510	128	0.001157765
510	128	0.001256290
510	128	0.001241310
510	128	0.001185800
510	128	0.001270669
510	128	0.001229585
510	128	0.001228536
510	128	0.001227211
510	128	0.001243907
510	128	0.001241595
510	128	0.001243509
510	128	0.001276874
510	128	0.001249318
510	128	0.001219672
510	128	0.001251587
510	128	0.001233124
510	128	0.001237150
510	128	0.001255023
510	128	0.001253861
510	128	0.001227060
510	128	0.001232819
510	128	0.001222464
510	128	0.001249803
510	128	0.001230218
510	128	0.001246139
510	128	0.001244897
510	128	0.001265154
510	128	0.001230529
510	128	0.001191408
510	128	0.001255044
510	128	0.001179201
510	128	0.001259901
510	128	0.001247954
510	128	0.001259732
510	128	0.001242473
510	128	0.001246322
510	128	0.001223358
510	128	0.001181154
510	128	0.001221333
510	128	0.001239485
510	128	0.001231151
510	128	0.001233743
510	128	0.001193027
510	128	0.001241699
510	128	0.001234076
510	128	0.001238243
510	256	0.001326042
510	256	0.001330396
510	256	0.001327690
510	256	0.001326456
510	256	0.001332305
510	256	0.001325215
510	256	0.001429230
510	256	0.001770327
510	256	0.002124637
510	256	0.002235368
510	256	0.002277734
510	256	0.002245476
510	256	0.002261284
510	256	0.002317431
510	256	0.002249453
510	256	0.002080021
510	256	0.001776773
510	256	0.001374517
510	256	0.001577411
510	256	0.001524850
510	256	0.001431286
510	256	0.001337872
510	256	0.001357064
510	256	0.001432875
510	256	0.001495740
510	256	0.001640987
510	256	0.001750837
510	256	0.001705771
510	256	0.001544818
510	256	0.001721805
510	256	0.001466456
510	256	0.001388295
510	256	0.001380711
510	256	0.001346532
510	256	0.001329134
510	256	0.001333083
510	256	0.001382244
510	256	0.001576344
510	256	0.001431038
510	256	0.001628749
510	256	0.001774105
510	256	0.001862462
510	256	0.001865812
510	256	0.002283279
510	256	0.002190266
510	256	0.002242949
510	256	0.002192681
510	256	0.002197034
510	256	0.002191476
510	256	0.002205071
510	256	0.002110786
510	256	0.001858149
510	256	0.002010874
510	256	0.002265145
510	256	0.002190358
510	256	0.002215686
510	256	0.002094864
510	256	0.002183637
510	256	0.002160536
510	256	0.002260541
510	256	0.002197629
510	256	0.002189427
510	256	0.002222449
510	256	0.002191392
510	256	0.002188572
510	256	0.002219395
510	256	0.002195289
510	256	0.002274422
510	256	0.002230597
510	256	0.002240663
510	256	0.002248458
510	256	0.002264401
510	256	0.002188430
510	256	0.002246698
510	256	0.002256987
510	256	0.002253326
510	256	0.002238133
510	256	0.002228768
510	256	0.002265545
510	256	0.002192477
510	256	0.002190967
510	256	0.002066998
510	256	0.002183931
510	256	0.001983273
510	256	0.002174562
510	256	0.002279495
510	256	0.002250057
510	256	0.002230982
510	256	0.002247454
510	256	0.002245837
510	256	0.002189137
510	256	0.002266771
510	256	0.002190025
510	256	0.002187033
510	256	0.002303224
510	256	0.002187714
510	256	0.002242031
510	256	0.002344736
510	256	0.002273831
510	256	0.002186441
510	380	0.001915252
510	380	0.001918450
510	380	0.001918131
510	380	0.001911769
510	380	0.001924220
510	380	0.001915477
510	380	0.002009072
510	380	0.001993007
510	380	0.002024041
510	380	0.002342502
510	380	0.002290522
510	380	0.002513063
510	380	0.003160925
510	380	0.002851230
510	380	0.003259402
510	380	0.003367929
510	380	0.003236645
510	380	0.003246549
510	380	0.003023939
510	380	0.003204928
510	380	0.002686885
510	380	0.003140069
510	380	0.002882382
510	380	0.003172044
510	380	0.002648014
510	380	0.002997125
510	380	0.002519159
510	380	0.003076331
510	380	0.002501351
510	380	0.002720762
510	380	0.002498628
510	380	0.002733177
510	380	0.002201216
510	380	0.002771071
510	380	0.002150336
510	380	0.002624559
510	380	0.002197809
510	380	0.002413467
510	380	0.002159710
510	380	0.002309182
510	380	0.002177473
510	380	0.002222543
510	380	0.002063203
510	380	0.002281414
510	380	0.001993346
510	380	0.002195017
510	380	0.001912912
510	380	0.002255435
510	380	0.001923263
510	380	0.001914870
510	380	0.001926027
510	380	0.002143276
510	380	0.002856407
510	380	0.003166647
510	380	0.002924805
510	380	0.003158488
510	380	0.003184796
510	380	0.002872635
510	380	0.002407955
510	380	0.002598437
510	380	0.002218626
510	380	0.002802090
510	380	0.002069931
510	380	0.002565057
510	380	0.003054781
510	380	0.002751721
510	380	0.003080148
510	380	0.002444328
510	380	0.003032732
510	380	0.003229789
510	380	0.002889239
510	380	0.002266073
510	380	0.002632617
510	380	0.003257656
510	380	0.002567159
510	380	0.003053006
510	380	0.002764568
510	380	0.003099148
510	380	0.002354489
510	380	0.002846883
510	380	0.002497932
510	380	0.002603500
510	380	0.002215817
510	380	0.001947524
510	380	0.002102106
510	380	0.002451687
510	380	0.002268024
510	380	0.002605358
510	380	0.003167876
510	380	0.003186245
510	380	0.003230582
510	380	0.003229706
510	380	0.003165395
510	380	0.003208782
510	380	0.002912795
510	380	0.003182608
510	380	0.002556835
510	380	0.003158088
510	380	0.003254145
510	380	0.003191286
510	510	0.002537343
510	510	0.002534063
510	510	0.002546016
510	510	0.002532342
510	510	0.002536859
510	510	0.002546460
510	510	0.002545895
510	510	0.002541766
510	510	0.002540812
510	510	0.002537070
510	510	0.002539244
510	510	0.002530162
510	510	0.002547611
510	510	0.002997030
510	510	0.003908813
510	510	0.003227120
510	510	0.003616144
510	510	0.004249243
510	510	0.003640088
510	510	0.003982505
510	510	0.003379291
510	510	0.003628138
510	510	0.003303864
510	510	0.003548898
510	510	0.004276118
510	510	0.003344283
510	510	0.003954298
510	510	0.003205711
510	510	0.003703867
510	510	0.002815512
510	510	0.003402686
510	510	0.002728135
510	510	0.003406971
510	510	0.002716830
510	510	0.002954991
510	510	0.002619245
510	510	0.002544737
510	510	0.002532427
510	510	0.002536335
510	510	0.002629924
510	510	0.003664514
510	510	0.004172421
510	510	0.004228642
510	510	0.004197854
510	510	0.003956088
510	510	0.003598621
510	510	0.003740056
510	510	0.003364523
510	510	0.003473529
510	510	0.002896372
510	510	0.002533871
510	510	0.002538276
510	510	0.002546256
510	510	0.002551018
510	510	0.002539487
510	510	0.002547312
510	510	0.002537454
510	510	0.002538537
510	510	0.002541476
510	510	0.002544781
510	510	0.002533658
510	510	0.002538952
510	510	0.002551387
510	510	0.002531186
510	510	0.002538599
510	510	0.002546897
510	510	0.002556888
510	510	0.002546693
510	510	0.002531936
510	510	0.002546381
510	510	0.002542709
510	510	0.002546155
510	510	0.002534341
510	510	0.002536766
510	510	0.002553629
510	510	0.002530491
510	510	0.002534092
510	510	0.002549131
510	510	0.002545412
510	510	0.002542375
510	510	0.002540464
510	510	0.002542733
510	510	0.002541140
510	510	0.002543352
510	510	0.002538171
510	510	0.002545951
510	510	0.002541241
510	510	0.002542353
510	510	0.002539425
510	510	0.002546845
510	510	0.002533049
510	510	0.002540622
510	510	0.002547967
510	510	0.002779192
510	510	0.003335396
510	510	0.002540570
510	510	0.003431699
510	510	0.004104367
510	510	0.003474609
510	510	0.003682239
510	600	0.002966427
510	600	0.002964561
510	600	0.002962889
510	600	0.002972782
510	600	0.002971435
510	600	0.002967964
510	600	0.002976675
510	600	0.002967552
510	600	0.002965315
510	600	0.002986687
510	600	0.002968828
510	600	0.002968298
510	600	0.002982656
510	600	0.002966400
510	600	0.002964544
510	600	0.002973327
510	600	0.002967363
510	600	0.003499409
510	600	0.003004314
510	600	0.003144051
510	600	0.003004919
510	600	0.003311379
510	600	0.002966253
510	600	0.003040603
510	600	0.003011031
510	600	0.003142010
510	600	0.002974288
510	600	0.002964130
510	600	0.002977534
510	600	0.002971153
510	600	0.002986876
510	600	0.002980283
510	600	0.002964680
510	600	0.002965662
510	600	0.002962939
510	600	0.002969926
510	600	0.002966536
510	600	0.002970732
510	600	0.002968279
510	600	0.002965568
510	600	0.002967270
510	600	0.002961023
510	600	0.002979658
510	600	0.002962681
510	600	0.002983915
510	600	0.002967417
510	600	0.003078260
510	600	0.002965814
510	600	0.002982992
510	600	0.002975676
510	600	0.003055061
510	600	0.002967092
510	600	0.003238350
510	600	0.003783864
510	600	0.004412408
510	600	0.003180733
510	600	0.002962626
510	600	0.002966519
510	600	0.002966721
510	600	0.003067668
510	600	0.002964291
510	600	0.002967598
510	600	0.002979369
510	600	0.003358863
510	600	0.004119406
510	600	0.003396970
510	600	0.004143340
510	600	0.004829140
510	600	0.003962560
510	600	0.004544828
510	600	0.003542360
510	600	0.004303435
510	600	0.003259254
510	600	0.004034479
510	600	0.003089028
510	600	0.003619511
510	600	0.002966981
510	600	0.003401562
510	600	0.002996151
510	600	0.003574768
510	600	0.002961261
510	600	0.003026559
510	600	0.002992821
510	600	0.003232036
510	600	0.002971858
510	600	0.003036236
510	600	0.002976185
510	600	0.003174511
510	600	0.002965320
510	600	0.003045658
510	600	0.002992992
510	600	0.003171541
510	600	0.002965720
510	600	0.002987991
510	600	0.002966895
510	600	0.002965826
510	600	0.003806355
510	600	0.003292462
510	600	0.003508698
510	600	0.003136604
600	128	0.000844306
600	128	0.000837839
600	128	0.000848040
600	128	0.000848410
600	128	0.000843637
600	128	0.000845837
600	128	0.000839818
600	128	0.000805731
600	128	0.000846932
600	128	0.000844309
600	128	0.000844902
600	128	0.000843913
600	128	0.000860232
600	128	0.000838092
600	128	0.000844003
600	128	0.000838050
600	128	0.000844743
600	128	0.000846343
600	128	0.000842182
600	128	0.000841822
600	128	0.000846127
600	128	0.000841334
600	128	0.000846280
600	128	0.000842251
600	128	0.000852259
600	128	0.000843444
600	128	0.000853147
600	128	0.000844334
600	128	0.000839760
600	128	0.000841774
600	128	0.000856684
600	128	0.000838252
600	128	0.000845312
600	128	0.000847629
600	128	0.000862143
600	128	0.000876650
600	128	0.001091959
600	128	0.001124219
600	128	0.001071027
600	128	0.001073993
600	128	0.001026147
600	128	0.001047518
600	128	0.000989623
600	128	0.000990204
600	128	0.000989050
600	128	0.001127762
600	128	0.001244795
600	128	0.001245904
600	128	0.001363513
600	128	0.001431279
600	128	0.001445025
600	128	0.001475197
600	128	0.001316318
600	128	0.001387506
600	128	0.001441557
600	128	0.001451692
600	128	0.001246139
600	128	0.001218452
600	128	0.001128187
600	128	0.001485325
600	128	0.001385339
600	128	0.001329284
600	128	0.001311791
600	128	0.001454967
600	128	0.001291377
600	128	0.001242045
600	128	0.001242522
600	128	0.001415997
600	128	0.001470291
600	128	0.001460767
600	128	0.001473123
600	128	0.001445269
600	128	0.001434507
600	128	0.001492780
600	128	0.001474412
600	128	0.001429583
600	128	0.001469269
600	128	0.001456423
600	128	0.001476316
600	128	0.001455258
600	128	0.001426486
600	128	0.001450824
600	128	0.001411125
600	128	0.001458030
600	128	0.001247482
600	128	0.001367943
600	128	0.001352623
600	128	0.001252065
600	128	0.001466280
600	128	0.001439171
600	128	0.001454946
600	128	0.001455960
600	128	0.001389099
600	128	0.001390012
600	128	0.001366078
600	128	0.001320764
600	128	0.001397075
600	128	0.001217123
600	128	0.001183407
600	128	0.001240201
600	256	0.001563015
600	256	0.001568545
600	256	0.001563336
600	256	0.001563417
600	256	0.001557647
600	256	0.001566721
600	256	0.001901830
600	256	0.002417976
600	256	0.002634274
600	256	0.002505349
600	256	0.002674868
600	256	0.002743533
600	256	0.002663624
600	256	0.002687345
600	256	0.002611711
600	256	0.002640190
600	256	0.002644541
600	256	0.002612200
600	256	0.002573592
600	256	0.002659428
600	256	0.002591841
600	256	0.002632411
600	256	0.002602050
600	256	0.002667250
600	256	0.002459132
600	256	0.002681184
600	256	0.002344627
600	256	0.002631368
600	256	0.002605954
600	256	0.002542290
600	256	0.002636664
600	256	0.002569921
600	256	0.002639315
600	256	0.002658127
600	256	0.002576473
600	256	0.002583895
600	256	0.002571726
600	256	0.002475148
600	256	0.002244044
600	256	0.002398354
600	256	0.002551591
600	256	0.002693809
600	256	0.002619143
600	256	0.002588735
600	256	0.002623234
600	256	0.002607180
600	256	0.002434872
600	256	0.002631141
600	256	0.002594856
600	256	0.002608194
600	256	0.002617097
600	256	0.002577877
600	256	0.002597215
600	256	0.002585444
600	256	0.002637343
600	256	0.002644534
600	256	0.002643001
600	256	0.002626955
600	256	0.002575054
600	256	0.002605779
600	256	0.002635621
600	256	0.002575360
600	256	0.002570705
600	256	0.002580819
600	256	0.002571284
600	256	0.002602937
600	256	0.002542468
600	256	0.002635129
600	256	0.002621206
600	256	0.002623282
600	256	0.002531380
600	256	0.002587080
600	256	0.002665462
600	256	0.002441082
600	256	0.002429858
600	256	0.002316838
600	256	0.002425427
600	256	0.002339036
600	256	0.002440738
600	256	0.002356672
600	256	0.002489548
600	256	0.002246716
600	256	0.002615886
600	256	0.002099638
600	256	0.002584711
600	256	0.001986753
600	256	0.002270673
600	256	0.002006772
600	256	0.002289446
600	256	0.001995954
600	256	0.002186647
600	256	0.001902333
600	256	0.002145767
600	256	0.001825178
600	256	0.002192201
600	256	0.002647321
600	256	0.002180154
600	256	0.002531457
600	256	0.002333349
600	256	0.002464694
600	380	0.002261698
600	380	0.002255798
600	380	0.002273429
600	380	0.002257268
600	380	0.002255045
600	380	0.002256727
600	380	0.002255178
600	380	0.002256763
600	380	0.002262418
600	380	0.002254119
600	380	0.002252373
600	380	0.002291893
600	380	0.002252875
600	380	0.002255962
600	380	0.002259615
600	380	0.002257396
600	380	0.002260020
600	380	0.002256034
600	380	0.002253987
600	380	0.002253853
600	380	0.002275675
600	380	0.002258227
600	380	0.002257026
600	380	0.002254830
600	380	0.002268097
600	380	0.002259532
600	380	0.002250574
600	380	0.002251227
600	380	0.002270426
600	380	0.002263858
600	380	0.002259377
600	380	0.002260766
600	380	0.002273766
600	380	0.002261009
600	380	0.002257496
600	380	0.002257162
600	380	0.002269649
600	380	0.002251811
600	380	0.002257344
600	380	0.002266373
600	380	0.002254282
600	380	0.002277880
600	380	0.002422493
600	380	0.002268818
600	380	0.002492344
600	380	0.003118003
600	380	0.002616761
600	380	0.003275113
600	380	0.002575546
600	380	0.003133537
600	380	0.003758791
600	380	0.003541858
600	380	0.002802317
600	380	0.003452965
600	380	0.002932124
600	380	0.003281571
600	380	0.002711920
600	380	0.003014097
600	380	0.002631975
600	380	0.002859899
600	380	0.003631727
600	380	0.003053986
600	380	0.003718967
600	380	0.003783336
600	380	0.003795865
600	380	0.003691089
600	380	0.003676173
600	380	0.003723409
600	380	0.003555067
600	380	0.003760394
600	380	0.003241432
600	380	0.003784134
600	380	0.002874908
600	380	0.003529524
600	380	0.002789158
600	380	0.003371118
600	380	0.002806773
600	380	0.002950726
600	380	0.002435531
600	380	0.002932885
600	380	0.002262491
600	380	0.002742152
600	380	0.002300768
600	380	0.002490171
600	380	0.002293468
600	380	0.002408825
600	380	0.002310567
600	380	0.002252566
600	380	0.002260838
600	380	0.002258900
600	380	0.002254882
600	380	0.002254118
600	380	0.002255076
600	380	0.002263231
600	380	0.002255246
600	380	0.002254443
600	380	0.002263457
600	380	0.002263562
600	380	0.002254733
600	380	0.002254877
600	510	0.002983055
600	510	0.002995882
600	510	0.002990904
600	510	0.003000064
600	510	0.002995214
600	510	0.002983180
600	510	0.002992207
600	510	0.002990409
600	510	0.002986813
600	510	0.002981077
600	510	0.002990462
600	510	0.002984025
600	510	0.002988079
600	510	0.002985310
600	510	0.002987604
600	510	0.003155730
600	510	0.003022311
600	510	0.003142502
600	510	0.002977965
600	510	0.003160541
600	510	0.002993155
600	510	0.003413748
600	510	0.004494329
600	510	0.003745132
600	510	0.004293085
600	510	0.004991814
600	510	0.004505351
600	510	0.004802522
600	510	0.004189697
600	510	0.004781021
600	510	0.003827664
600	510	0.004587152
600	510	0.003444121
600	510	0.004094802
600	510	0.003170921
600	510	0.003793179
600	510	0.003041637
600	510	0.003568834
600	510	0.003049182
600	510	0.003624503
600	510	0.002983850
600	510	0.003145611
600	510	0.003001003
600	510	0.003684327
600	510	0.004601090
600	510	0.003877980
600	510	0.004507422
600	510	0.003448870
600	510	0.004207896
600	510	0.004943567
600	510	0.004611644
600	510	0.004888343
600	510	0.004088918
600	510	0.004276806
600	510	0.003568248
600	510	0.003895712
600	510	0.003207514
600	510	0.003550537
600	510	0.003175722
600	510	0.003865494
600	510	0.003090046
600	510	0.003525803
600	510	0.003025407
600	510	0.003161522
600	510	0.003019593
600	510	0.003003345
600	510	0.002979565
600	510	0.002989689
600	510	0.002988058
600	510	0.002986249
600	510	0.002984967
600	510	0.002983671
600	510	0.003002380
600	510	0.002982221
600	510	0.002992369
600	510	0.002981350
600	510	0.002997215
600	510	0.002996528
600	510	0.002993216
600	510	0.002983385
600	510	0.002984229
600	510	0.002985323
600	510	0.002985801
600	510	0.003001854
600	510	0.002988816
600	510	0.003254791
600	510	0.003928729
600	510	0.003180476
600	510	0.003543620
600	510	0.002988030
600	510	0.003229035
600	510	0.003026533
600	510	0.003110550
600	510	0.002993032
600	510	0.002987610
600	510	0.002992831
600	510	0.003369935
600	510	0.003699597
600	510	0.004278332
600	510	0.003175956
600	600	0.003497867
600	600	0.003488653
600	600	0.003513895
600	600	0.003492989
600	600	0.003487735
600	600	0.003685212
600	600	0.004451609
600	600	0.003627101
600	600	0.004053224
600	600	0.003590736
600	600	0.003906500
600	600	0.003544393
600	600	0.004382308
600	600	0.005219622
600	600	0.004161618
600	600	0.005431536
600	600	0.005597648
600	600	0.004991055
600	600	0.005751806
600	600	0.005772443
600	600	0.005630539
600	600	0.005555090
600	600	0.005155070
600	600	0.004948329
600	600	0.003913236
600	600	0.003488766
600	600	0.003596965
600	600	0.003489021
600	600	0.003683086
600	600	0.003492452
600	600	0.003661307
600	600	0.004536042
600	600	0.003631478
600	600	0.004152946
600	600	0.003586096
600	600	0.003918307
600	600	0.003542680
600	600	0.003811164
600	600	0.005006163
600	600	0.004059927
600	600	0.004470464
600	600	0.003811380
600	600	0.004354511
600	600	0.005144857
600	600	0.003912856
600	600	0.004568861
600	600	0.003575315
600	600	0.003483976
600	600	0.003842127
600	600	0.004613591
600	600	0.003561864
600	600	0.004208109
600	600	0.003532963
600	600	0.003940941
600	600	0.003504590
600	600	0.003796995
600	600	0.003498842
600	600	0.003585935
600	600	0.003501554
600	600	0.003490574
600	600	0.003491209
600	600	0.003490486
600	600	0.003489434
600	600	0.003494729
600	600	0.003487919
600	600	0.003490470
600	600	0.003492822
600	600	0.003487861
600	600	0.003497528
600	600	0.003487636
600	600	0.003694789
600	600	0.003486375
600	600	0.003491831
600	600	0.003481774
600	600	0.003505094
600	600	0.003566214
600	600	0.003549916
600	600	0.003501623
600	600	0.003681502
600	600	0.003484673
600	600	0.003804051
600	600	0.003499870
600	600	0.003594379
600	600	0.003509107
600	600	0.003502157
600	600	0.003545030
600	600	0.003958459
600	600	0.003541187
600	600	0.003879208
600	600	0.003492296
600	600	0.003837440
600	600	0.003484231
600	600	0.003686053
600	600	0.003488962
600	600	0.003490268
600	600	0.003505597
600	600	0.003556709
600	600	0.003498808
600	600	0.003601670
600	600	0.003519048
