120	128	0.000170234
120	128	0.000169959
120	128	0.000169903
120	128	0.000175692
120	128	0.000169943
120	128	0.000169506
120	128	0.000169526
120	128	0.000169869
120	128	0.000170536
120	128	0.000178109
120	128	0.000169822
120	128	0.000170015
120	128	0.000174495
120	128	0.000169798
120	128	0.000169627
120	128	0.000169740
120	128	0.000170081
120	128	0.000174400
120	128	0.000169499
120	128	0.000169556
120	128	0.000176728
120	128	0.000169916
120	128	0.000169499
120	128	0.000172960
120	128	0.000169579
120	128	0.000206544
120	128	0.000169932
120	128	0.000169875
120	128	0.000174340
120	128	0.000169511
120	128	0.000169893
120	128	0.000199407
120	128	0.000169598
120	128	0.000169913
120	128	0.000180022
120	128	0.000175839
120	128	0.000175869
120	128	0.000175783
120	128	0.000183900
120	128	0.000189965
120	128	0.000195487
120	128	0.000190255
120	128	0.000206440
120	128	0.000206359
120	128	0.000206904
120	128	0.000206281
120	128	0.000234223
120	128	0.000237306
120	128	0.000237833
120	128	0.000237334
120	128	0.000270397
120	128	0.000264340
120	128	0.000264255
120	128	0.000264370
120	128	0.000297267
120	128	0.000297304
120	128	0.000297281
120	128	0.000292185
120	128	0.000305093
120	128	0.000297490
120	128	0.000297500
120	128	0.000296769
120	128	0.000279231
120	128	0.000296856
120	128	0.000296757
120	128	0.000308507
120	128	0.000297435
120	128	0.000296605
120	128	0.000296788
120	128	0.000296789
120	128	0.000297227
120	128	0.000305139
120	128	0.000305797
120	128	0.000297470
120	128	0.000297245
120	128	0.000297394
120	128	0.000296750
120	128	0.000297350
120	128	0.000307418
120	128	0.000296628
120	128	0.000297227
120	128	0.000279824
120	128	0.000296666
120	128	0.000318326
120	128	0.000297241
120	128	0.000297323
120	128	0.000296804
120	128	0.000297231
120	128	0.000305693
120	128	0.000309943
120	128	0.000297225
120	128	0.000279806
120	128	0.000296669
120	128	0.000297285
120	128	0.000297210
120	128	0.000308247
120	128	0.000297244
120	128	0.000279976
120	128	0.000296619
120	128	0.000279252
120	256	0.000344004
120	256	0.000337586
120	256	0.000338358
120	256	0.000337869
120	256	0.000338355
120	256	0.000337621
120	256	0.000338266
120	256	0.000338580
120	256	0.000337784
120	256	0.000352404
120	256	0.000341684
120	256	0.000351096
120	256	0.000337594
120	256	0.000338335
120	256	0.000337711
120	256	0.000337650
120	256	0.000338380
120	256	0.000377480
120	256	0.000369542
120	256	0.000371359
120	256	0.000363857
120	256	0.000350228
120	256	0.000350230
120	256	0.000350154
120	256	0.000350174
120	256	0.000394036
120	256	0.000394669
120	256	0.000407720
120	256	0.000411858
120	256	0.000411200
120	256	0.000428841
120	256	0.000450366
120	256	0.000451091
120	256	0.000485638
120	256	0.000480562
120	256	0.000473934
120	256	0.000472996
120	256	0.000489862
120	256	0.000472675
120	256	0.000472757
120	256	0.000529597
120	256	0.000535860
120	256	0.000575517
120	256	0.000600851
120	256	0.000591138
120	256	0.000597628
120	256	0.000592215
120	256	0.000575397
120	256	0.000600624
120	256	0.000600434
120	256	0.000595771
120	256	0.000592103
120	256	0.000603170
120	256	0.000596291
120	256	0.000576328
120	256	0.000620236
120	256	0.000584339
120	256	0.000622699
120	256	0.000556423
120	256	0.000583800
120	256	0.000592205
120	256	0.000564107
120	256	0.000601703
120	256	0.000591131
120	256	0.000597728
120	256	0.000591930
120	256	0.000587130
120	256	0.000592355
120	256	0.000567199
120	256	0.000617927
120	256	0.000576288
120	256	0.000628660
120	256	0.000565601
120	256	0.000607978
120	256	0.000592297
120	256	0.000571044
120	256	0.000592162
120	256	0.000585051
120	256	0.000592113
120	256	0.000594204
120	256	0.000592110
120	256	0.000587761
120	256	0.000591005
120	256	0.000579595
120	256	0.000599088
120	256	0.000572151
120	256	0.000575181
120	256	0.000591894
120	256	0.000577205
120	256	0.000592063
120	256	0.000559019
120	256	0.000592280
120	256	0.000571206
120	256	0.000591129
120	256	0.000559566
120	256	0.000592250
120	256	0.000579781
120	256	0.000590992
120	256	0.000581394
120	256	0.000592319
120	380	0.000505701
120	380	0.000506055
120	380	0.000509972
120	380	0.000506610
120	380	0.000510416
120	380	0.000505510
120	380	0.000508112
120	380	0.000504695
120	380	0.000504527
120	380	0.000500620
120	380	0.000501141
120	380	0.000500689
120	380	0.000500700
120	380	0.000500601
120	380	0.000500679
120	380	0.000500875
120	380	0.000501112
120	380	0.000501093
120	380	0.000501038
120	380	0.000500852
120	380	0.000500520
120	380	0.000510582
120	380	0.000507560
120	380	0.000501503
120	380	0.000510862
120	380	0.000562575
120	380	0.000571079
120	380	0.000568501
120	380	0.000562341
120	380	0.000560758
120	380	0.000613159
120	380	0.000615285
120	380	0.000682251
120	380	0.000701577
120	380	0.000702932
120	380	0.000674875
120	380	0.000667551
120	380	0.000643909
120	380	0.000644815
120	380	0.000784770
120	380	0.000787464
120	380	0.000835465
120	380	0.000833187
120	380	0.000824671
120	380	0.000882889
120	380	0.000835171
120	380	0.000859690
120	380	0.000882086
120	380	0.000872592
120	380	0.000888554
120	380	0.000862849
120	380	0.000883225
120	380	0.000872135
120	380	0.000874885
120	380	0.000880942
120	380	0.000847816
120	380	0.000871148
120	380	0.000884778
120	380	0.000861180
120	380	0.000887780
120	380	0.000880040
120	380	0.000909366
120	380	0.000873142
120	380	0.000883442
120	380	0.000873366
120	380	0.000876562
120	380	0.000834265
120	380	0.000858238
120	380	0.000888507
120	380	0.000868478
120	380	0.000876258
120	380	0.000862500
120	380	0.000883577
120	380	0.000866651
120	380	0.000838175
120	380	0.000875939
120	380	0.000860703
120	380	0.000885915
120	380	0.000834806
120	380	0.000882705
120	380	0.000879966
120	380	0.000889597
120	380	0.000868944
120	380	0.000884813
120	380	0.000868267
120	380	0.000836138
120	380	0.000853767
120	380	0.000870134
120	380	0.000874939
120	380	0.000872720
120	380	0.000844909
120	380	0.000878183
120	380	0.000884046
120	380	0.000868138
120	380	0.000881070
120	380	0.000907574
120	380	0.000879118
120	380	0.000836018
120	380	0.000886666
120	380	0.000863837
120	510	0.000677460
120	510	0.000671523
120	510	0.000677825
120	510	0.000682287
120	510	0.000671372
120	510	0.000671983
120	510	0.000681616
120	510	0.000676969
120	510	0.000672674
120	510	0.000671578
120	510	0.000677521
120	510	0.000680099
120	510	0.000671805
120	510	0.000672005
120	510	0.000676993
120	510	0.000677640
120	510	0.000676755
120	510	0.000680572
120	510	0.000671375
120	510	0.000677287
120	510	0.000680444
120	510	0.000676997
120	510	0.000687085
120	510	0.000700924
120	510	0.000707940
120	510	0.000685312
120	510	0.000672038
120	510	0.000760890
120	510	0.000757584
120	510	0.000779696
120	510	0.000790795
120	510	0.000783287
120	510	0.000788219
120	510	0.000851021
120	510	0.000958732
120	510	0.000911599
120	510	0.000860309
120	510	0.000918289
120	510	0.000953128
120	510	0.000932760
120	510	0.000945832
120	510	0.000947261
120	510	0.000948670
120	510	0.000952868
120	510	0.001010581
120	510	0.001073773
120	510	0.001049364
120	510	0.001115255
120	510	0.001118689
120	510	0.001048459
120	510	0.001038082
120	510	0.001003287
120	510	0.001091190
120	510	0.001119223
120	510	0.001049163
120	510	0.001008568
120	510	0.001000869
120	510	0.001174650
120	510	0.001171893
120	510	0.001169494
120	510	0.001114917
120	510	0.001116854
120	510	0.001115232
120	510	0.001163403
120	510	0.001149000
120	510	0.001113609
120	510	0.001014893
120	510	0.000999570
120	510	0.001049577
120	510	0.001083203
120	510	0.001109439
120	510	0.001049707
120	510	0.001029688
120	510	0.001015918
120	510	0.000995768
120	510	0.001007081
120	510	0.000994081
120	510	0.001002538
120	510	0.000999217
120	510	0.000950051
120	510	0.000950143
120	510	0.000996508
120	510	0.001056343
120	510	0.001111847
120	510	0.001061693
120	510	0.001053057
120	510	0.001134976
120	510	0.001131055
120	510	0.001117454
120	510	0.001112153
120	510	0.001173008
120	510	0.001182649
120	510	0.001177949
120	510	0.001176658
120	510	0.001174583
120	510	0.001167759
120	510	0.001178582
120	510	0.001139528
120	510	0.001116471
120	510	0.001117821
120	600	0.000797274
120	600	0.000789857
120	600	0.000795452
120	600	0.000812407
120	600	0.000796061
120	600	0.000796294
120	600	0.000789746
120	600	0.000794939
120	600	0.000796425
120	600	0.000790462
120	600	0.000795368
120	600	0.000796104
120	600	0.000796706
120	600	0.000795807
120	600	0.000796893
120	600	0.000835333
120	600	0.000857605
120	600	0.000850336
120	600	0.000857279
120	600	0.000937634
120	600	0.001125105
120	600	0.001360367
120	600	0.001405988
120	600	0.001361444
120	600	0.001349175
120	600	0.001353412
120	600	0.001322940
120	600	0.001344647
120	600	0.001307544
120	600	0.001340813
120	600	0.001390246
120	600	0.001385364
120	600	0.001357022
120	600	0.001227066
120	600	0.001327365
120	600	0.001360230
120	600	0.001374650
120	600	0.001362580
120	600	0.001362611
120	600	0.001368144
120	600	0.001361987
120	600	0.001356276
120	600	0.001372914
120	600	0.001381162
120	600	0.001340060
120	600	0.001359041
120	600	0.001370691
120	600	0.001342947
120	600	0.001335801
120	600	0.001363335
120	600	0.001348890
120	600	0.001305974
120	600	0.001363488
120	600	0.001365344
120	600	0.001369494
120	600	0.001349845
120	600	0.001360133
120	600	0.001366671
120	600	0.001328922
120	600	0.001335986
120	600	0.001362868
120	600	0.001388127
120	600	0.001266577
120	600	0.001168340
120	600	0.001171798
120	600	0.001299921
120	600	0.001329986
120	600	0.001307079
120	600	0.001236894
120	600	0.001323107
120	600	0.001362113
120	600	0.001250132
120	600	0.001363065
120	600	0.001387262
120	600	0.001356240
120	600	0.001336344
120	600	0.001362001
120	600	0.001320628
120	600	0.001330288
120	600	0.001312499
120	600	0.001381267
120	600	0.001347037
120	600	0.001306432
120	600	0.001308422
120	600	0.001381722
120	600	0.001376031
120	600	0.001322727
120	600	0.001307755
120	600	0.001386393
120	600	0.001314506
120	600	0.001314883
120	600	0.001305897
120	600	0.001307020
120	600	0.001293211
120	600	0.001335127
120	600	0.001352206
120	600	0.001308079
120	600	0.001364654
120	600	0.001383763
120	600	0.001343436
250	128	0.000326172
250	128	0.000326174
250	128	0.000325305
250	128	0.000325431
250	128	0.000329805
250	128	0.000331963
250	128	0.000332793
250	128	0.000331307
250	128	0.000326164
250	128	0.000325411
250	128	0.000325460
250	128	0.000325429
250	128	0.000326117
250	128	0.000331292
250	128	0.000330713
250	128	0.000326202
250	128	0.000325356
250	128	0.000325418
250	128	0.000326157
250	128	0.000325449
250	128	0.000333021
250	128	0.000340581
250	128	0.000326124
250	128	0.000325358
250	128	0.000325367
250	128	0.000325510
250	128	0.000325502
250	128	0.000329230
250	128	0.000326174
250	128	0.000326230
250	128	0.000362485
250	128	0.000364471
250	128	0.000364427
250	128	0.000376229
250	128	0.000456760
250	128	0.000456614
250	128	0.000433896
250	128	0.000441775
250	128	0.000440866
250	128	0.000442081
250	128	0.000459934
250	128	0.000445698
250	128	0.000456729
250	128	0.000456561
250	128	0.000529160
250	128	0.000513594
250	128	0.000532329
250	128	0.000566395
250	128	0.000590076
250	128	0.000538778
250	128	0.000581675
250	128	0.000570874
250	128	0.000558883
250	128	0.000570785
250	128	0.000555285
250	128	0.000570763
250	128	0.000550770
250	128	0.000620986
250	128	0.000556995
250	128	0.000580533
250	128	0.000585587
250	128	0.000573076
250	128	0.000541878
250	128	0.000601219
250	128	0.000570878
250	128	0.000547368
250	128	0.000569264
250	128	0.000563431
250	128	0.000577197
250	128	0.000537379
250	128	0.000573444
250	128	0.000569300
250	128	0.000554251
250	128	0.000555737
250	128	0.000570800
250	128	0.000580592
250	128	0.000574453
250	128	0.000578324
250	128	0.000537094
250	128	0.000545385
250	128	0.000569348
250	128	0.000551406
250	128	0.000576531
250	128	0.000537170
250	128	0.000557642
250	128	0.000571875
250	128	0.000555137
250	128	0.000570724
250	128	0.000565294
250	128	0.000579765
250	128	0.000535967
250	128	0.000555168
250	128	0.000577446
250	128	0.000546193
250	128	0.000577786
250	128	0.000569427
250	128	0.000553222
250	128	0.000580403
250	128	0.000566113
250	128	0.000581370
250	256	0.000654947
250	256	0.000649789
250	256	0.000656264
250	256	0.000654580
250	256	0.000660907
250	256	0.000649844
250	256	0.000649657
250	256	0.000657841
250	256	0.000662652
250	256	0.000649801
250	256	0.000649814
250	256	0.000655569
250	256	0.000689663
250	256	0.000649826
250	256	0.000649775
250	256	0.000655401
250	256	0.000685446
250	256	0.000649845
250	256	0.000652831
250	256	0.000705256
250	256	0.000705369
250	256	0.000715746
250	256	0.000732673
250	256	0.000734189
250	256	0.000962092
250	256	0.000938374
250	256	0.000915900
250	256	0.000883663
250	256	0.000872036
250	256	0.000874263
250	256	0.000866276
250	256	0.001078113
250	256	0.001104030
250	256	0.001131874
250	256	0.001149203
250	256	0.001079329
250	256	0.001115877
250	256	0.001121821
250	256	0.001118873
250	256	0.001144140
250	256	0.001144862
250	256	0.001120833
250	256	0.001133019
250	256	0.001079014
250	256	0.001031728
250	256	0.000874214
250	256	0.000888397
250	256	0.000917486
250	256	0.000955361
250	256	0.000961324
250	256	0.001148268
250	256	0.001135464
250	256	0.001150356
250	256	0.001135250
250	256	0.001161615
250	256	0.001130873
250	256	0.001155279
250	256	0.001139637
250	256	0.001131142
250	256	0.001147343
250	256	0.001137287
250	256	0.001134075
250	256	0.001156530
250	256	0.001133589
250	256	0.001149689
250	256	0.001124768
250	256	0.001148165
250	256	0.001130175
250	256	0.001119954
250	256	0.001126446
250	256	0.001159015
250	256	0.001110740
250	256	0.001131764
250	256	0.001075219
250	256	0.001126886
250	256	0.001119156
250	256	0.001127961
250	256	0.001112377
250	256	0.001115045
250	256	0.001105490
250	256	0.001140583
250	256	0.001114506
250	256	0.001126958
250	256	0.001126395
250	256	0.001080939
250	256	0.001129379
250	256	0.001139987
250	256	0.001138094
250	256	0.001138090
250	256	0.001129029
250	256	0.001131908
250	256	0.001141717
250	256	0.001130230
250	256	0.001130765
250	256	0.001129497
250	256	0.001123694
250	256	0.001142255
250	256	0.001136767
250	256	0.001101470
250	256	0.001021925
250	380	0.000967713
250	380	0.000971200
250	380	0.000965458
250	380	0.000968079
250	380	0.000968820
250	380	0.000966936
250	380	0.000965859
250	380	0.000970360
250	380	0.000966255
250	380	0.000969087
250	380	0.000967331
250	380	0.000967398
250	380	0.000967076
250	380	0.000966444
250	380	0.000969610
250	380	0.001027193
250	380	0.001083081
250	380	0.001104617
250	380	0.001151989
250	380	0.001169365
250	380	0.001253395
250	380	0.001501047
250	380	0.001287444
250	380	0.001187033
250	380	0.001129589
250	380	0.001411016
250	380	0.001458656
250	380	0.001354571
250	380	0.001687270
250	380	0.001447322
250	380	0.001546367
250	380	0.001588367
250	380	0.001610899
250	380	0.001444911
250	380	0.001582841
250	380	0.001574339
250	380	0.001431182
250	380	0.001424447
250	380	0.001601474
250	380	0.001379717
250	380	0.001374179
250	380	0.001425292
250	380	0.001508173
250	380	0.001377777
250	380	0.001285253
250	380	0.001287934
250	380	0.001370919
250	380	0.001384237
250	380	0.001292037
250	380	0.001187112
250	380	0.001219512
250	380	0.001294103
250	380	0.001352572
250	380	0.001494914
250	380	0.001572667
250	380	0.001505638
250	380	0.001356065
250	380	0.001458476
250	380	0.001502512
250	380	0.001524310
250	380	0.001657441
250	380	0.001508749
250	380	0.001629897
250	380	0.001626415
250	380	0.001597136
250	380	0.001502248
250	380	0.001666674
250	380	0.001436491
250	380	0.001462325
250	380	0.001530301
250	380	0.001600009
250	380	0.001365423
250	380	0.001409590
250	380	0.001532213
250	380	0.001505624
250	380	0.001291815
250	380	0.001373410
250	380	0.001431632
250	380	0.001044502
250	380	0.001040572
250	380	0.001286950
250	380	0.001220764
250	380	0.001180752
250	380	0.001175995
250	380	0.001207389
250	380	0.001232862
250	380	0.001285910
250	380	0.001310696
250	380	0.001422289
250	380	0.001510447
250	380	0.001384865
250	380	0.001387086
250	380	0.001423210
250	380	0.001532254
250	380	0.001263478
250	380	0.001235749
250	380	0.001125091
250	380	0.001280526
250	380	0.001428639
250	380	0.001353248
250	510	0.001294124
250	510	0.001296269
250	510	0.001293676
250	510	0.001292869
250	510	0.001303363
250	510	0.001297363
250	510	0.001301606
250	510	0.001298783
250	510	0.001298203
250	510	0.001294477
250	510	0.001294959
250	510	0.001294152
250	510	0.001296453
250	510	0.001293412
250	510	0.001296098
250	510	0.001300571
250	510	0.001304081
250	510	0.001299453
250	510	0.001295968
250	510	0.001296139
250	510	0.001293967
250	510	0.001315462
250	510	0.001294054
250	510	0.001310211
250	510	0.001453045
250	510	0.001363124
250	510	0.001297414
250	510	0.001295001
250	510	0.001305271
250	510	0.001340003
250	510	0.001449659
250	510	0.001392225
250	510	0.001294309
250	510	0.001602323
250	510	0.001894759
250	510	0.002132508
250	510	0.002210358
250	510	0.002208825
250	510	0.002168280
250	510	0.002138006
250	510	0.002064610
250	510	0.002015964
250	510	0.001807663
250	510	0.001666463
250	510	0.001576895
250	510	0.001520589
250	510	0.001717652
250	510	0.001966503
250	510	0.001977088
250	510	0.001963236
250	510	0.002135680
250	510	0.002133647
250	510	0.002179091
250	510	0.002230457
250	510	0.002143464
250	510	0.002153816
250	510	0.002136170
250	510	0.002214596
250	510	0.002150067
250	510	0.002139541
250	510	0.002149660
250	510	0.002174100
250	510	0.002223798
250	510	0.002192516
250	510	0.002194450
250	510	0.002214622
250	510	0.002142129
250	510	0.002138076
250	510	0.002246474
250	510	0.002232726
250	510	0.002229312
250	510	0.002219395
250	510	0.002204950
250	510	0.002144222
250	510	0.002189747
250	510	0.002182253
250	510	0.002209103
250	510	0.002187404
250	510	0.002137523
250	510	0.002196254
250	510	0.002140615
250	510	0.002136135
250	510	0.002115656
250	510	0.002204661
250	510	0.002133409
250	510	0.002193759
250	510	0.002137282
250	510	0.002133497
250	510	0.002177291
250	510	0.002134933
250	510	0.002172717
250	510	0.001917074
250	510	0.002108580
250	510	0.002195822
250	510	0.002160899
250	510	0.002111169
250	510	0.002144089
250	510	0.002028896
250	510	0.002145397
250	510	0.001932176
250	600	0.001524462
250	600	0.001527307
250	600	0.001525549
250	600	0.001520888
250	600	0.001521291
250	600	0.001523210
250	600	0.001524364
250	600	0.001527164
250	600	0.001525261
250	600	0.001554479
250	600	0.001888568
250	600	0.002063173
250	600	0.002211088
250	600	0.002063684
250	600	0.002202019
250	600	0.002038320
250	600	0.002185567
250	600	0.002066478
250	600	0.002135592
250	600	0.001943657
250	600	0.002145772
250	600	0.001777591
250	600	0.002133657
250	600	0.001710068
250	600	0.002076555
250	600	0.001738011
250	600	0.001608181
250	600	0.001529548
250	600	0.001529670
250	600	0.001580528
250	600	0.001562027
250	600	0.001524883
250	600	0.001525741
250	600	0.001541925
250	600	0.001598090
250	600	0.001585099
250	600	0.001538788
250	600	0.001521655
250	600	0.001529014
250	600	0.001579039
250	600	0.001737544
250	600	0.001812372
250	600	0.001701315
250	600	0.001645674
250	600	0.001828560
250	600	0.001694561
250	600	0.001593538
250	600	0.001650417
250	600	0.001784551
250	600	0.001548753
250	600	0.001567588
250	600	0.001651554
250	600	0.001652611
250	600	0.001953645
250	600	0.001674198
250	600	0.001558071
250	600	0.001520813
250	600	0.001521411
250	600	0.001525494
250	600	0.001524805
250	600	0.001536454
250	600	0.001526240
250	600	0.001539143
250	600	0.001520828
250	600	0.001575159
250	600	0.001564367
250	600	0.001531076
250	600	0.001855742
250	600	0.001650863
250	600	0.001800745
250	600	0.001693950
250	600	0.001528915
250	600	0.001540195
250	600	0.001524522
250	600	0.001521948
250	600	0.001527292
250	600	0.001570953
250	600	0.001557145
250	600	0.001526818
250	600	0.001861276
250	600	0.001578469
250	600	0.001646334
250	600	0.001708600
250	600	0.001707976
250	600	0.001535731
250	600	0.001719137
250	600	0.001672541
250	600	0.001600699
250	600	0.001526883
250	600	0.001680634
250	600	0.001863927
250	600	0.001924835
250	600	0.001840642
250	600	0.001773564
250	600	0.001859517
250	600	0.001663372
250	600	0.001748165
250	600	0.001839676
250	600	0.001777629
250	600	0.001709687
380	128	0.000489760
380	128	0.000488413
380	128	0.000481176
380	128	0.000481233
380	128	0.000481231
380	128	0.000482455
380	128	0.000483645
380	128	0.000482475
380	128	0.000481377
380	128	0.000482397
380	128	0.000482482
380	128	0.000481188
380	128	0.000482445
380	128	0.000482496
380	128	0.000482395
380	128	0.000482387
380	128	0.000481209
380	128	0.000481178
380	128	0.000481601
380	128	0.000481363
380	128	0.000481417
380	128	0.000600455
380	128	0.000618746
380	128	0.000612425
380	128	0.000612521
380	128	0.000620339
380	128	0.000649751
380	128	0.000677579
380	128	0.000805095
380	128	0.000798956
380	128	0.000847804
380	128	0.000836574
380	128	0.000800247
380	128	0.000809443
380	128	0.000805300
380	128	0.000824485
380	128	0.000851729
380	128	0.000853002
380	128	0.000809944
380	128	0.000854508
380	128	0.000841075
380	128	0.000849884
380	128	0.000836704
380	128	0.000838559
380	128	0.000853397
380	128	0.000835152
380	128	0.000799364
380	128	0.000851164
380	128	0.000846559
380	128	0.000850057
380	128	0.000839366
380	128	0.000853803
380	128	0.000852205
380	128	0.000903418
380	128	0.000842425
380	128	0.000848083
380	128	0.000805789
380	128	0.000851222
380	128	0.000845231
380	128	0.000852299
380	128	0.000835307
380	128	0.000848841
380	128	0.000852627
380	128	0.000844701
380	128	0.000827352
380	128	0.000851040
380	128	0.000842517
380	128	0.000853982
380	128	0.000851747
380	128	0.000849815
380	128	0.000842124
380	128	0.000802251
380	128	0.000832560
380	128	0.000849108
380	128	0.000854051
380	128	0.000844427
380	128	0.000796698
380	128	0.000849615
380	128	0.000844671
380	128	0.000850831
380	128	0.000834506
380	128	0.000819690
380	128	0.000822610
380	128	0.000843054
380	128	0.000851354
380	128	0.000837946
380	128	0.000835766
380	128	0.000832947
380	128	0.000803998
380	128	0.000823348
380	128	0.000831666
380	128	0.000865235
380	128	0.000838619
380	128	0.000848053
380	128	0.000848887
380	128	0.000850454
380	128	0.000849976
380	128	0.000844455
380	128	0.000849894
380	128	0.000842673
380	256	0.000966738
380	256	0.000963815
380	256	0.000966538
380	256	0.000965557
380	256	0.000968362
380	256	0.000965166
380	256	0.000965263
380	256	0.000970162
380	256	0.000964165
380	256	0.000968505
380	256	0.000964726
380	256	0.000964137
380	256	0.000971249
380	256	0.000965307
380	256	0.000969093
380	256	0.000974915
380	256	0.000968917
380	256	0.000973193
380	256	0.001041909
380	256	0.001041509
380	256	0.001037767
380	256	0.001111560
380	256	0.001195097
380	256	0.001089975
380	256	0.001096519
380	256	0.001125291
380	256	0.001132763
380	256	0.001127394
380	256	0.001209834
380	256	0.001260083
380	256	0.001282695
380	256	0.001349793
380	256	0.001347572
380	256	0.001297228
380	256	0.001175978
380	256	0.001178008
380	256	0.001080390
380	256	0.001120471
380	256	0.001228023
380	256	0.001230687
380	256	0.001190095
380	256	0.001041145
380	256	0.001099088
380	256	0.001175935
380	256	0.001290497
380	256	0.001333959
380	256	0.001382219
380	256	0.001296728
380	256	0.001246747
380	256	0.001227136
380	256	0.001237794
380	256	0.001303795
380	256	0.001356702
380	256	0.001284998
380	256	0.001567137
380	256	0.001528538
380	256	0.001513132
380	256	0.001501290
380	256	0.001594548
380	256	0.001612273
380	256	0.001655822
380	256	0.001668591
380	256	0.001652880
380	256	0.001287157
380	256	0.001438367
380	256	0.001428834
380	256	0.001352928
380	256	0.001699954
380	256	0.001350953
380	256	0.001486942
380	256	0.001594052
380	256	0.001594011
380	256	0.001421666
380	256	0.001654549
380	256	0.001483656
380	256	0.001465794
380	256	0.001505613
380	256	0.001612825
380	256	0.001298775
380	256	0.001363592
380	256	0.001427293
380	256	0.001502504
380	256	0.001229632
380	256	0.001258295
380	256	0.001353418
380	256	0.001042173
380	256	0.001038729
380	256	0.001085721
380	256	0.001137593
380	256	0.001290014
380	256	0.001188734
380	256	0.001155050
380	256	0.001081950
380	256	0.001275541
380	256	0.001464606
380	256	0.001514050
380	256	0.001608293
380	256	0.001604184
380	256	0.001605711
380	256	0.001623851
380	380	0.001435650
380	380	0.001426351
380	380	0.001430349
380	380	0.001428127
380	380	0.001437954
380	380	0.001431684
380	380	0.001429091
380	380	0.001429967
380	380	0.001442755
380	380	0.001433592
380	380	0.001432337
380	380	0.001439232
380	380	0.001430518
380	380	0.001436254
380	380	0.001426522
380	380	0.001428425
380	380	0.001426712
380	380	0.001428600
380	380	0.001427089
380	380	0.001428169
380	380	0.001427981
380	380	0.001430766
380	380	0.001428170
380	380	0.001430013
380	380	0.001429671
380	380	0.001429520
380	380	0.001429954
380	380	0.001438183
380	380	0.001430284
380	380	0.001430303
380	380	0.001543087
380	380	0.001465312
380	380	0.001427538
380	380	0.001426511
380	380	0.001553776
380	380	0.001681982
380	380	0.001754892
380	380	0.001739467
380	380	0.001551860
380	380	0.001659131
380	380	0.001668138
380	380	0.001601176
380	380	0.002112537
380	380	0.001742920
380	380	0.002055608
380	380	0.002377631
380	380	0.002017724
380	380	0.002428853
380	380	0.002390194
380	380	0.002354829
380	380	0.002441374
380	380	0.002350469
380	380	0.002439786
380	380	0.002259502
380	380	0.002404683
380	380	0.002021851
380	380	0.002339159
380	380	0.001906864
380	380	0.002459745
380	380	0.001907531
380	380	0.002351401
380	380	0.001907663
380	380	0.002360014
380	380	0.001753642
380	380	0.001488845
380	380	0.001621548
380	380	0.001974190
380	380	0.002381480
380	380	0.002277441
380	380	0.002356104
380	380	0.002443518
380	380	0.002359810
380	380	0.002404375
380	380	0.002116589
380	380	0.002378581
380	380	0.002043745
380	380	0.002336586
380	380	0.002046084
380	380	0.002167685
380	380	0.002039696
380	380	0.002172171
380	380	0.002009453
380	380	0.002236207
380	380	0.002379701
380	380	0.002371672
380	380	0.002357418
380	380	0.002048177
380	380	0.001779238
380	380	0.001672094
380	380	0.001664352
380	380	0.001922420
380	380	0.002433511
380	380	0.001840879
380	380	0.001448998
380	380	0.001730444
380	380	0.001903209
380	380	0.001915418
380	380	0.001900676
380	380	0.001815396
380	380	0.002014684
380	510	0.001919796
380	510	0.001917163
380	510	0.001944609
380	510	0.001916364
380	510	0.001917148
380	510	0.001919405
380	510	0.001920899
380	510	0.001918024
380	510	0.001917122
380	510	0.001923601
380	510	0.001918214
380	510	0.001913983
380	510	0.001923164
380	510	0.001921977
380	510	0.002149519
380	510	0.001915115
380	510	0.002147182
380	510	0.001918990
380	510	0.002078131
380	510	0.001973694
380	510	0.001945008
380	510	0.001978459
380	510	0.001915370
380	510	0.001915860
380	510	0.001986965
380	510	0.001921158
380	510	0.002021960
380	510	0.001976994
380	510	0.002128983
380	510	0.002691438
380	510	0.003206515
380	510	0.002914923
380	510	0.003205927
380	510	0.002720796
380	510	0.003039700
380	510	0.002733892
380	510	0.002916753
380	510	0.002334417
380	510	0.002966711
380	510	0.002596825
380	510	0.002807003
380	510	0.002231667
380	510	0.002885549
380	510	0.002237432
380	510	0.002639390
380	510	0.002187307
380	510	0.002378619
380	510	0.002085425
380	510	0.002320791
380	510	0.002098906
380	510	0.002217575
380	510	0.002072571
380	510	0.002234855
380	510	0.002863093
380	510	0.002616614
380	510	0.003027379
380	510	0.002748515
380	510	0.003188810
380	510	0.002791976
380	510	0.002709178
380	510	0.003129157
380	510	0.002879128
380	510	0.003151339
380	510	0.002629287
380	510	0.002911408
380	510	0.002535309
380	510	0.002857334
380	510	0.002243117
380	510	0.002687677
380	510	0.003131219
380	510	0.002751485
380	510	0.003142365
380	510	0.002622843
380	510	0.002760928
380	510	0.002615172
380	510	0.002907311
380	510	0.002245411
380	510	0.001927992
380	510	0.002188797
380	510	0.001960391
380	510	0.002189657
380	510	0.001993596
380	510	0.002128297
380	510	0.002470264
380	510	0.002342479
380	510	0.002620709
380	510	0.003132085
380	510	0.003156762
380	510	0.003241257
380	510	0.002892656
380	510	0.003118089
380	510	0.003244512
380	510	0.002921769
380	510	0.003161363
380	510	0.003136421
380	510	0.003223475
380	510	0.003395999
380	510	0.003390168
380	510	0.003353098
380	510	0.003255722
380	600	0.002249793
380	600	0.002252467
380	600	0.002251415
380	600	0.002262296
380	600	0.002260103
380	600	0.002510053
380	600	0.003406194
380	600	0.003822597
380	600	0.003810423
380	600	0.003819202
380	600	0.003867326
380	600	0.003806041
380	600	0.003789302
380	600	0.003743464
380	600	0.003770489
380	600	0.003395652
380	600	0.003777768
380	600	0.003012327
380	600	0.003699398
380	600	0.002925703
380	600	0.003507512
380	600	0.002793468
380	600	0.003493059
380	600	0.002874233
380	600	0.003066634
380	600	0.002336526
380	600	0.003271842
380	600	0.003689030
380	600	0.003025328
380	600	0.003279436
380	600	0.002508484
380	600	0.003156472
380	600	0.003758018
380	600	0.003189559
380	600	0.003632890
380	600	0.003052683
380	600	0.003698723
380	600	0.002799497
380	600	0.003483220
380	600	0.002934848
380	600	0.003465192
380	600	0.002532456
380	600	0.002256447
380	600	0.002438368
380	600	0.002975257
380	600	0.002396598
380	600	0.003072176
380	600	0.002378232
380	600	0.002638023
380	600	0.002430811
380	600	0.002453395
380	600	0.002399631
380	600	0.002626623
380	600	0.003271795
380	600	0.002522954
380	600	0.002255764
380	600	0.002437249
380	600	0.003302996
380	600	0.003774610
380	600	0.003532167
380	600	0.003721598
380	600	0.003622996
380	600	0.003559969
380	600	0.003708869
380	600	0.003420974
380	600	0.003734748
380	600	0.003815238
380	600	0.003720672
380	600	0.003680069
380	600	0.003574523
380	600	0.003411909
380	600	0.002591657
380	600	0.003245225
380	600	0.002830129
380	600	0.002906916
380	600	0.002304111
380	600	0.002577613
380	600	0.002306792
380	600	0.002445918
380	600	0.002304555
380	600	0.002540687
380	600	0.003358153
380	600	0.003796194
380	600	0.003588753
380	600	0.003610365
380	600	0.002952958
380	600	0.002252510
380	600	0.002689208
380	600	0.002266438
380	600	0.002502534
380	600	0.002260053
380	600	0.002412618
380	600	0.002267477
380	600	0.002399338
380	600	0.002255535
380	600	0.002260453
380	600	0.002262977
380	600	0.002253698
380	600	0.002302161
380	600	0.002586052
510	128	0.000648871
510	128	0.000638656
510	128	0.000641747
510	128	0.000645555
510	128	0.000642222
510	128	0.000638707
510	128	0.000644376
510	128	0.000644452
510	128	0.000645386
510	128	0.000638644
510	128	0.000637045
510	128	0.000646787
510	128	0.000645501
510	128	0.000644599
510	128	0.000638717
510	128	0.000637265
510	128	0.000645578
510	128	0.000643954
510	128	0.000637050
510	128	0.000638701
510	128	0.000645633
510	128	0.000649599
510	128	0.000647452
510	128	0.000637045
510	128	0.000637066
510	128	0.000646175
510	128	0.000643007
510	128	0.000644747
510	128	0.000643518
510	128	0.000637267
510	128	0.000638694
510	128	0.000644251
510	128	0.000657498
510	128	0.000642746
510	128	0.000642209
510	128	0.000637017
510	128	0.000637099
510	128	0.000643834
510	128	0.000654552
510	128	0.000667877
510	128	0.000715346
510	128	0.000718900
510	128	0.000748626
510	128	0.000743174
510	128	0.000747490
510	128	0.000750912
510	128	0.000893286
510	128	0.000947739
510	128	0.000947069
510	128	0.000955013
510	128	0.001000164
510	128	0.001046657
510	128	0.001060737
510	128	0.001001153
510	128	0.001046499
510	128	0.001117871
510	128	0.001167348
510	128	0.001102769
510	128	0.001109253
510	128	0.001104651
510	128	0.001100754
510	128	0.001104994
510	128	0.001109227
510	128	0.001118475
510	128	0.001096467
510	128	0.001113866
510	128	0.001091002
510	128	0.001100165
510	128	0.001095762
510	128	0.001142374
510	128	0.001124937
510	128	0.001125890
510	128	0.001102591
510	128	0.001114716
510	128	0.001108732
510	128	0.001108099
510	128	0.001121894
510	128	0.001120830
510	128	0.001106726
510	128	0.001129353
510	128	0.001111840
510	128	0.001132719
510	128	0.001100492
510	128	0.001106719
510	128	0.001126701
510	128	0.001101565
510	128	0.001129098
510	128	0.001106352
510	128	0.001113243
510	128	0.001093662
510	128	0.001127307
510	128	0.001089571
510	128	0.001108842
510	128	0.001101517
510	128	0.001107562
510	128	0.001132445
510	128	0.001115600
510	128	0.001107308
510	128	0.001122411
510	128	0.001118480
510	256	0.001275687
510	256	0.001278924
510	256	0.001279206
510	256	0.001278644
510	256	0.001275744
510	256	0.001275300
510	256	0.001280183
510	256	0.001432200
510	256	0.001380988
510	256	0.001334003
510	256	0.001328680
510	256	0.001408669
510	256	0.001441265
510	256	0.001375953
510	256	0.001421482
510	256	0.001430628
510	256	0.001442636
510	256	0.001405792
510	256	0.001378909
510	256	0.001492602
510	256	0.001436615
510	256	0.001377727
510	256	0.001328949
510	256	0.001353870
510	256	0.001430327
510	256	0.001496917
510	256	0.001568350
510	256	0.001622106
510	256	0.001632586
510	256	0.001713124
510	256	0.001437088
510	256	0.001571948
510	256	0.001891125
510	256	0.001883080
510	256	0.001489872
510	256	0.001701949
510	256	0.001531128
510	256	0.001434523
510	256	0.001493486
510	256	0.001614318
510	256	0.001785591
510	256	0.001795187
510	256	0.001705402
510	256	0.001703823
510	256	0.001788299
510	256	0.001561572
510	256	0.001795589
510	256	0.001696493
510	256	0.001582413
510	256	0.001644568
510	256	0.001704173
510	256	0.001434627
510	256	0.001520194
510	256	0.001614048
510	256	0.001558647
510	256	0.002105663
510	256	0.001706971
510	256	0.001569590
510	256	0.001495145
510	256	0.001377588
510	256	0.001450013
510	256	0.001504658
510	256	0.001497760
510	256	0.001360846
510	256	0.001361562
510	256	0.001429297
510	256	0.001538086
510	256	0.001491744
510	256	0.001374616
510	256	0.001277603
510	256	0.001427787
510	256	0.001556223
510	256	0.002119349
510	256	0.002146810
510	256	0.002173846
510	256	0.002165079
510	256	0.002112937
510	256	0.002148549
510	256	0.002144132
510	256	0.002172936
510	256	0.002119825
510	256	0.001987393
510	256	0.001772030
510	256	0.001742453
510	256	0.001791961
510	256	0.001795555
510	256	0.001622926
510	256	0.001889073
510	256	0.001578249
510	256	0.001708272
510	256	0.001766951
510	256	0.001722137
510	256	0.001552112
510	256	0.001878234
510	256	0.001567130
510	256	0.001778260
510	256	0.002063440
510	256	0.001979122
510	256	0.001937071
510	256	0.001994599
510	380	0.001893928
510	380	0.001890388
510	380	0.001893020
510	380	0.001897326
510	380	0.001887818
510	380	0.001894860
510	380	0.001888576
510	380	0.001891836
510	380	0.001894142
510	380	0.001892451
510	380	0.001900772
510	380	0.001889971
510	380	0.001907143
510	380	0.001895646
510	380	0.001894731
510	380	0.001887673
510	380	0.002129560
510	380	0.001900860
510	380	0.001887100
510	380	0.001898909
510	380	0.001885319
510	380	0.001899801
510	380	0.001891524
510	380	0.001892208
510	380	0.001898622
510	380	0.001936511
510	380	0.001935708
510	380	0.001889203
510	380	0.001891502
510	380	0.001898916
510	380	0.001891919
510	380	0.002011645
510	380	0.002301520
510	380	0.002126903
510	380	0.002360427
510	380	0.002754651
510	380	0.003132088
510	380	0.002748864
510	380	0.002266181
510	380	0.002433334
510	380	0.002067262
510	380	0.001892051
510	380	0.001892061
510	380	0.001895034
510	380	0.001896218
510	380	0.002540949
510	380	0.002033259
510	380	0.002308456
510	380	0.002984425
510	380	0.002543741
510	380	0.002688734
510	380	0.002351842
510	380	0.002922032
510	380	0.003195863
510	380	0.002987224
510	380	0.003086799
510	380	0.002894704
510	380	0.003083266
510	380	0.002414890
510	380	0.002799175
510	380	0.002033742
510	380	0.002363616
510	380	0.001961275
510	380	0.002305100
510	380	0.001891869
510	380	0.001898844
510	380	0.001889942
510	380	0.001886947
510	380	0.001904887
510	380	0.002201168
510	380	0.001884660
510	380	0.002214334
510	380	0.001891540
510	380	0.002139126
510	380	0.001987068
510	380	0.001921657
510	380	0.001962992
510	380	0.002048781
510	380	0.001890805
510	380	0.001962578
510	380	0.001892317
510	380	0.002100277
510	380	0.002366389
510	380	0.002200779
510	380	0.002217539
510	380	0.002203870
510	380	0.002166702
510	380	0.002148444
510	380	0.002227718
510	380	0.002140023
510	380	0.002134393
510	380	0.002168259
510	380	0.002175843
510	380	0.002117378
510	380	0.002128056
510	380	0.002174658
510	380	0.002126890
510	380	0.002119336
510	380	0.002301692
510	380	0.002905465
510	510	0.002538940
510	510	0.002546879
510	510	0.002543279
510	510	0.002532753
510	510	0.002533938
510	510	0.002673257
510	510	0.002571745
510	510	0.002920428
510	510	0.003660995
510	510	0.002937003
510	510	0.002545387
510	510	0.002855649
510	510	0.002541253
510	510	0.002677473
510	510	0.002540202
510	510	0.002947805
510	510	0.003230171
510	510	0.002542718
510	510	0.003013242
510	510	0.002701701
510	510	0.002952319
510	510	0.002594492
510	510	0.003013684
510	510	0.002583258
510	510	0.002695646
510	510	0.002541541
510	510	0.002575610
510	510	0.002575060
510	510	0.002779028
510	510	0.002534782
510	510	0.002843677
510	510	0.002533081
510	510	0.002534257
510	510	0.002551322
510	510	0.002539513
510	510	0.002534711
510	510	0.002540991
510	510	0.002549655
510	510	0.002626555
510	510	0.002533680
510	510	0.002635792
510	510	0.002544976
510	510	0.002534334
510	510	0.002539476
510	510	0.002538628
510	510	0.002554768
510	510	0.002530800
510	510	0.002542705
510	510	0.002549761
510	510	0.002536950
510	510	0.002531827
510	510	0.002537854
510	510	0.002530346
510	510	0.002538004
510	510	0.002547387
510	510	0.002533667
510	510	0.002557027
510	510	0.002542432
510	510	0.002533514
510	510	0.002542940
510	510	0.002542384
510	510	0.002750634
510	510	0.002536356
510	510	0.002845034
510	510	0.002547656
510	510	0.003032508
510	510	0.003653166
510	510	0.002995103
510	510	0.003323695
510	510	0.002724540
510	510	0.003410857
510	510	0.002688159
510	510	0.002842938
510	510	0.002644716
510	510	0.002542530
510	510	0.002546481
510	510	0.002535902
510	510	0.002540811
510	510	0.003273323
510	510	0.003279417
510	510	0.002970012
510	510	0.002560332
510	510	0.002591502
510	510	0.002539770
510	510	0.002531654
510	510	0.002546528
510	510	0.002868067
510	510	0.003483262
510	510	0.003039181
510	510	0.003309197
510	510	0.002551833
510	510	0.003644704
510	510	0.004103764
510	510	0.003031580
510	510	0.002607526
510	510	0.002754346
510	510	0.002545846
510	510	0.002925990
510	510	0.003569364
510	510	0.003061686
510	600	0.002997205
510	600	0.002982489
510	600	0.002986539
510	600	0.002992059
510	600	0.002989211
510	600	0.003001076
510	600	0.003260005
510	600	0.003260577
510	600	0.003752757
510	600	0.003047663
510	600	0.003379139
510	600	0.003035904
510	600	0.003165265
510	600	0.003023931
510	600	0.002980564
510	600	0.003026830
510	600	0.003786694
510	600	0.003595172
510	600	0.003811185
510	600	0.003193928
510	600	0.003640132
510	600	0.003048773
510	600	0.003240698
510	600	0.003642557
510	600	0.003086553
510	600	0.003511703
510	600	0.003061330
510	600	0.003530332
510	600	0.002988387
510	600	0.003320028
510	600	0.004607058
510	600	0.004871303
510	600	0.004393347
510	600	0.004477458
510	600	0.004170447
510	600	0.004954961
510	600	0.003808155
510	600	0.004535257
510	600	0.003109627
510	600	0.002979001
510	600	0.003275608
510	600	0.003530593
510	600	0.003221854
510	600	0.003756387
510	600	0.003054176
510	600	0.003501336
510	600	0.003046222
510	600	0.003437217
510	600	0.002986963
510	600	0.003137013
510	600	0.003036473
510	600	0.003164095
510	600	0.002979854
510	600	0.003150071
510	600	0.002983061
510	600	0.003371922
510	600	0.004763456
510	600	0.004921031
510	600	0.004592594
510	600	0.004434299
510	600	0.004176325
510	600	0.004872280
510	600	0.004922233
510	600	0.004887438
510	600	0.004561896
510	600	0.004569664
510	600	0.004073924
510	600	0.003841077
510	600	0.003847160
510	600	0.003548818
510	600	0.003647729
510	600	0.003165966
510	600	0.004604754
510	600	0.004277755
510	600	0.004042168
510	600	0.003904304
510	600	0.003993500
510	600	0.003415213
510	600	0.003807770
510	600	0.003069564
510	600	0.003871393
510	600	0.002996252
510	600	0.004281324
510	600	0.004924225
510	600	0.003455127
510	600	0.002986426
510	600	0.003665370
510	600	0.004894249
510	600	0.004866811
510	600	0.004980324
510	600	0.004796565
510	600	0.003712126
510	600	0.004453558
510	600	0.003321668
510	600	0.004046107
510	600	0.003131963
510	600	0.002983379
510	600	0.003003330
510	600	0.002981129
510	600	0.003175384
600	128	0.000750270
600	128	0.000753607
600	128	0.000744924
600	128	0.000755473
600	128	0.000752074
600	128	0.000746887
600	128	0.000758839
600	128	0.000758590
600	128	0.000750801
600	128	0.000753636
600	128	0.000750263
600	128	0.000746793
600	128	0.000753020
600	128	0.000768387
600	128	0.000746905
600	128	0.000749587
600	128	0.000765561
600	128	0.000751279
600	128	0.000751576
600	128	0.000764903
600	128	0.000746919
600	128	0.000751452
600	128	0.000787007
600	128	0.000774529
600	128	0.000752669
600	128	0.000760153
600	128	0.000750404
600	128	0.000746935
600	128	0.000751568
600	128	0.000750307
600	128	0.000746900
600	128	0.000826229
600	128	0.000805686
600	128	0.000841219
600	128	0.000841596
600	128	0.000842191
600	128	0.000834379
600	128	0.000808826
600	128	0.000806229
600	128	0.000804364
600	128	0.000809178
600	128	0.000808385
600	128	0.000808591
600	128	0.000928197
600	128	0.000999304
600	128	0.001001202
600	128	0.000999154
600	128	0.001002151
600	128	0.000989353
600	128	0.000975511
600	128	0.000945473
600	128	0.000922212
600	128	0.001019403
600	128	0.001120518
600	128	0.001107386
600	128	0.001118133
600	128	0.001049835
600	128	0.000982029
600	128	0.000954570
600	128	0.001005154
600	128	0.001008425
600	128	0.001236392
600	128	0.001111288
600	128	0.001140589
600	128	0.001237832
600	128	0.000958849
600	128	0.001004700
600	128	0.001167014
600	128	0.001072352
600	128	0.001057046
600	128	0.001111102
600	128	0.001135270
600	128	0.001184247
600	128	0.001173152
600	128	0.001103933
600	128	0.001053787
600	128	0.001002671
600	128	0.000997553
600	128	0.001049733
600	128	0.001070532
600	128	0.001107583
600	128	0.001126688
600	128	0.000992793
600	128	0.000914691
600	128	0.000925451
600	128	0.000911184
600	128	0.000888331
600	128	0.000772652
600	128	0.000775767
600	128	0.000750127
600	128	0.000777333
600	128	0.000744979
600	128	0.000754491
600	128	0.000780289
600	128	0.000842075
600	128	0.000844734
600	128	0.000841682
600	128	0.000810387
600	128	0.000746930
600	128	0.000749617
600	256	0.001498221
600	256	0.001495264
600	256	0.001491374
600	256	0.001496977
600	256	0.001491741
600	256	0.001501011
600	256	0.001547304
600	256	0.001762825
600	256	0.002218466
600	256	0.002524489
600	256	0.002470124
600	256	0.001901609
600	256	0.002374042
600	256	0.001820822
600	256	0.002242074
600	256	0.001844343
600	256	0.001999060
600	256	0.002043624
600	256	0.001997283
600	256	0.002002182
600	256	0.001990411
600	256	0.001911586
600	256	0.001992335
600	256	0.002467713
600	256	0.002467905
600	256	0.002472715
600	256	0.002544568
600	256	0.002325150
600	256	0.002543086
600	256	0.002499326
600	256	0.002527221
600	256	0.002500213
600	256	0.002406850
600	256	0.001951075
600	256	0.002232191
600	256	0.001957233
600	256	0.002103740
600	256	0.002008298
600	256	0.002209317
600	256	0.002529782
600	256	0.002260109
600	256	0.002473106
600	256	0.002458682
600	256	0.002490040
600	256	0.002532850
600	256	0.002564077
600	256	0.002506854
600	256	0.002544536
600	256	0.002563403
600	256	0.002538954
600	256	0.002502100
600	256	0.002518647
600	256	0.002210221
600	256	0.002525363
600	256	0.002272037
600	256	0.002430620
600	256	0.002401832
600	256	0.002471727
600	256	0.002184603
600	256	0.002397464
600	256	0.002026122
600	256	0.002431955
600	256	0.001902210
600	256	0.002409827
600	256	0.001820687
600	256	0.002388993
600	256	0.002588563
600	256	0.002322755
600	256	0.002611894
600	256	0.002510524
600	256	0.002533505
600	256	0.002449996
600	256	0.002555600
600	256	0.002498072
600	256	0.002520964
600	256	0.002493363
600	256	0.002520447
600	256	0.002491216
600	256	0.002541815
600	256	0.002550216
600	256	0.002469087
600	256	0.002553311
600	256	0.002476038
600	256	0.002478426
600	256	0.002458062
600	256	0.002529585
600	256	0.002494471
600	256	0.002490449
600	256	0.002476164
600	256	0.002550266
600	256	0.002471002
600	256	0.002484687
600	256	0.002532863
600	256	0.002479187
600	256	0.002525911
600	256	0.002478367
600	256	0.002435308
600	256	0.002250430
600	256	0.002006609
600	256	0.002121714
600	380	0.002212020
600	380	0.002211249
600	380	0.002210852
600	380	0.002216476
600	380	0.002225778
600	380	0.002214267
600	380	0.002219113
600	380	0.002216731
600	380	0.002407995
600	380	0.002893472
600	380	0.003048974
600	380	0.002482213
600	380	0.002989563
600	380	0.002654320
600	380	0.002696694
600	380	0.002450640
600	380	0.002944771
600	380	0.003526559
600	380	0.003663164
600	380	0.003671084
600	380	0.003711726
600	380	0.003642137
600	380	0.003356902
600	380	0.003708268
600	380	0.003294704
600	380	0.003636461
600	380	0.003115639
600	380	0.003446152
600	380	0.002670324
600	380	0.003524761
600	380	0.003584062
600	380	0.003737559
600	380	0.003506420
600	380	0.003745101
600	380	0.002583532
600	380	0.002483311
600	380	0.002214138
600	380	0.002356535
600	380	0.002223378
600	380	0.002301572
600	380	0.002220935
600	380	0.002298055
600	380	0.002223830
600	380	0.002377547
600	380	0.002214936
600	380	0.002386248
600	380	0.002225136
600	380	0.002293827
600	380	0.002212293
600	380	0.002212293
600	380	0.002217366
600	380	0.002211669
600	380	0.002211165
600	380	0.002222942
600	380	0.002213482
600	380	0.002212858
600	380	0.002218458
600	380	0.002228369
600	380	0.002209196
600	380	0.002208948
600	380	0.002232658
600	380	0.002218626
600	380	0.002213250
600	380	0.002217998
600	380	0.002214046
600	380	0.002209333
600	380	0.002212238
600	380	0.002210685
600	380	0.002219878
600	380	0.002211819
600	380	0.002210990
600	380	0.002214487
600	380	0.002221047
600	380	0.002211061
600	380	0.002215314
600	380	0.002226587
600	380	0.002225659
600	380	0.002224643
600	380	0.002225953
600	380	0.002217774
600	380	0.002209198
600	380	0.002231374
600	380	0.002212023
600	380	0.002210939
600	380	0.002210254
600	380	0.002222462
600	380	0.002214707
600	380	0.002213865
600	380	0.002207659
600	380	0.002219394
600	380	0.002211728
600	380	0.002209936
600	380	0.002227247
600	380	0.002215452
600	380	0.002218475
600	380	0.002213979
600	380	0.002227628
600	380	0.002212363
600	380	0.002239543
600	380	0.002328441
600	510	0.002966082
600	510	0.002966582
600	510	0.002983665
600	510	0.002969656
600	510	0.002985526
600	510	0.002966077
600	510	0.002967275
600	510	0.002970106
600	510	0.002973435
600	510	0.002962586
600	510	0.002968978
600	510	0.003390407
600	510	0.003140156
600	510	0.003295801
600	510	0.002964283
600	510	0.002963510
600	510	0.003091411
600	510	0.004082839
600	510	0.004785982
600	510	0.004089479
600	510	0.004820832
600	510	0.004889199
600	510	0.004562008
600	510	0.004660176
600	510	0.003557862
600	510	0.004361546
600	510	0.003544000
600	510	0.004113263
600	510	0.003341968
600	510	0.003687167
600	510	0.003107221
600	510	0.003558693
600	510	0.002981818
600	510	0.002977858
600	510	0.003097968
600	510	0.003694847
600	510	0.003076300
600	510	0.003380041
600	510	0.002980437
600	510	0.003481826
600	510	0.004311657
600	510	0.003614977
600	510	0.004795167
600	510	0.004939833
600	510	0.004714475
600	510	0.004537913
600	510	0.004305635
600	510	0.004341487
600	510	0.004174882
600	510	0.003347624
600	510	0.002967563
600	510	0.003129022
600	510	0.002970538
600	510	0.003094826
600	510	0.002969010
600	510	0.002961481
600	510	0.002975139
600	510	0.003232875
600	510	0.002967924
600	510	0.003028068
600	510	0.002977664
600	510	0.003362046
600	510	0.004592380
600	510	0.004190158
600	510	0.003802600
600	510	0.003007891
600	510	0.003554840
600	510	0.003013307
600	510	0.003162425
600	510	0.002986802
600	510	0.003278333
600	510	0.002963678
600	510	0.003127283
600	510	0.002983218
600	510	0.003157652
600	510	0.002965238
600	510	0.003049306
600	510	0.002968717
600	510	0.003040655
600	510	0.002973560
600	510	0.003159971
600	510	0.002973787
600	510	0.002974317
600	510	0.002981611
600	510	0.002965184
600	510	0.002968834
600	510	0.002965229
600	510	0.002982476
600	510	0.002964019
600	510	0.002968749
600	510	0.002964138
600	510	0.003282570
600	510	0.004401829
600	510	0.004862528
600	510	0.004334693
600	510	0.004765561
600	510	0.003975210
600	510	0.004072370
600	510	0.003181617
600	510	0.002983172
600	600	0.003486012
600	600	0.003509750
600	600	0.003484977
600	600	0.004946063
600	600	0.004978203
600	600	0.003823876
600	600	0.003485237
600	600	0.003810017
600	600	0.003500179
600	600	0.003875817
600	600	0.003482448
600	600	0.003810046
600	600	0.003480702
600	600	0.003926780
600	600	0.003539946
600	600	0.004372033
600	600	0.005406901
600	600	0.004280966
600	600	0.004919665
600	600	0.003659059
600	600	0.003495556
600	600	0.003491647
600	600	0.003505734
600	600	0.004720643
600	600	0.004903549
600	600	0.005052882
600	600	0.003776393
600	600	0.004420487
600	600	0.003500041
600	600	0.003494401
600	600	0.003739912
600	600	0.005323353
600	600	0.005681431
600	600	0.005272667
600	600	0.005197174
600	600	0.004693341
600	600	0.005694305
600	600	0.005605565
600	600	0.005620860
600	600	0.005002964
600	600	0.004804837
600	600	0.004326972
600	600	0.005224247
600	600	0.003948609
600	600	0.005002333
600	600	0.004079260
600	600	0.004475789
600	600	0.003629160
600	600	0.004328245
600	600	0.003641068
600	600	0.003781231
600	600	0.003580631
600	600	0.003565079
600	600	0.003508689
600	600	0.003484622
600	600	0.003528627
600	600	0.003499543
600	600	0.003495039
600	600	0.003606788
600	600	0.003486720
600	600	0.004332642
600	600	0.005386036
600	600	0.004025112
600	600	0.004667114
600	600	0.003806698
600	600	0.004179027
600	600	0.003612867
600	600	0.004273656
600	600	0.005573321
600	600	0.004492938
600	600	0.004789412
600	600	0.003886701
600	600	0.004536616
600	600	0.003599352
600	600	0.003488261
600	600	0.003509122
600	600	0.003488799
600	600	0.003495361
600	600	0.003484651
600	600	0.003483275
600	600	0.003487511
600	600	0.003516794
600	600	0.004373689
600	600	0.003493059
600	600	0.003490281
600	600	0.003501420
600	600	0.003482076
600	600	0.003554735
600	600	0.003488685
600	600	0.003985683
600	600	0.004453463
600	600	0.003762033
600	600	0.004401482
600	600	0.003647263
600	600	0.004178404
600	600	0.003507410
600	600	0.003998267
600	600	0.003488245
600	600	0.003843470
600	600	0.005016118
