N	SIN_OPT
1500000	0.003412
1500000	0.003456
1500000	0.003413
1500000	0.003428
1500000	0.003407
1500000	0.003435
1500000	0.003397
1500000	0.003422
1500000	0.003400
1500000	0.003427
1500000	0.003405
1500000	0.003417
1500000	0.003410
1500000	0.003407
1500000	0.003426
1750000	0.003964
1750000	0.003980
1750000	0.004000
1750000	0.003981
1750000	0.004003
1750000	0.003976
1750000	0.004005
1750000	0.003981
1750000	0.004011
1750000	0.003979
1750000	0.004002
1750000	0.003970
1750000	0.003997
1750000	0.003980
1750000	0.003994
1990000	0.004577
1990000	0.004555
1990000	0.004641
1990000	0.004561
1990000	0.004560
1990000	0.004559
1990000	0.004530
1990000	0.004566
1990000	0.004539
1990000	0.004564
1990000	0.004556
1990000	0.004641
1990000	0.004565
1990000	0.004629
1990000	0.004553
2550000	0.005805
2550000	0.005838
2550000	0.005849
2550000	0.005931
2550000	0.005833
2550000	0.005804
2550000	0.005951
2550000	0.005855
2550000	0.005832
2550000	0.005821
2550000	0.005851
2550000	0.005811
2550000	0.005844
2550000	0.005935
2550000	0.005845
3190000	0.007320
3190000	0.007277
3190000	0.007341
3190000	0.007297
3190000	0.007271
3190000	0.007300
3190000	0.007326
3190000	0.007311
3190000	0.007320
3190000	0.007284
3190000	0.007298
3190000	0.007325
3190000	0.007283
3190000	0.007345
3190000	0.007260
4200000	0.009623
4200000	0.009630
4200000	0.009553
4200000	0.009564
4200000	0.009578
4200000	0.009619
4200000	0.009632
4200000	0.009548
4200000	0.009571
4200000	0.009624
4200000	0.009555
4200000	0.009584
4200000	0.009624
4200000	0.009561
4200000	0.009604
5100000	0.011666
5100000	0.011618
5100000	0.011674
5100000	0.011606
5100000	0.011613
5100000	0.011688
5100000	0.011595
5100000	0.011604
5100000	0.011679
5100000	0.011609
5100000	0.011695
5100000	0.011602
5100000	0.011684
5100000	0.011608
5100000	0.011624
5900000	0.013427
5900000	0.013474
5900000	0.013433
5900000	0.013514
5900000	0.013432
5900000	0.013480
5900000	0.013516
5900000	0.013472
5900000	0.013462
5900000	0.013543
5900000	0.013488
5900000	0.013542
5900000	0.013455
5900000	0.013558
5900000	0.013545
7800000	0.017859
7800000	0.017823
7800000	0.018065
7800000	0.017810
7800000	0.017976
7800000	0.017773
7800000	0.017868
7800000	0.017835
7800000	0.017935
7800000	0.017798
7800000	0.017835
7800000	0.017892
7800000	0.017830
7800000	0.017940
7800000	0.017858
9500000	0.022049
9500000	0.021779
9500000	0.021778
9500000	0.021734
9500000	0.021807
9500000	0.021691
9500000	0.021737
9500000	0.021634
9500000	0.021784
9500000	0.021690
9500000	0.021761
9500000	0.022241
9500000	0.021741
9500000	0.021595
9500000	0.021739
11800000	0.026818
11800000	0.026892
11800000	0.027116
11800000	0.026938
11800000	0.026902
11800000	0.027032
11800000	0.026858
11800000	0.027029
11800000	0.026962
11800000	0.027093
11800000	0.026838
11800000	0.027072
11800000	0.026813
11800000	0.026980
11800000	0.026811
15900000	0.036112
15900000	0.036260
15900000	0.036510
15900000	0.036196
15900000	0.036507
15900000	0.036216
15900000	0.036597
15900000	0.036211
15900000	0.036402
15900000	0.036187
15900000	0.036119
15900000	0.036194
15900000	0.036392
15900000	0.036238
15900000	0.036508
23900000	0.054480
23900000	0.054577
23900000	0.054332
23900000	0.054704
23900000	0.054570
23900000	0.054846
23900000	0.054340
23900000	0.054703
23900000	0.054407
23900000	0.054638
23900000	0.055323
23900000	0.054395
23900000	0.054761
23900000	0.054412
23900000	0.054471
53000000	0.120231
53000000	0.120388
53000000	0.122403
53000000	0.120582
53000000	0.121738
53000000	0.120979
53000000	0.122019
53000000	0.121240
53000000	0.121788
53000000	0.120604
53000000	0.121834
53000000	0.120462
53000000	0.121224
53000000	0.120780
53000000	0.121491
95000000	0.215743
95000000	0.216469
95000000	0.217448
95000000	0.216818
95000000	0.218954
95000000	0.217330
95000000	0.217593
95000000	0.216552
95000000	0.216443
95000000	0.221144
95000000	0.216547
95000000	0.221754
95000000	0.215505
95000000	0.221151
95000000	0.215958
199000000	0.455182
199000000	0.453904
199000000	0.452735
199000000	0.464869
199000000	0.452854
199000000	0.464611
199000000	0.482972
199000000	0.515669
199000000	0.501484
199000000	0.463456
199000000	0.451925
199000000	0.455102
199000000	0.455408
199000000	0.457214
199000000	0.455082
383000000	0.876323
383000000	0.873104
383000000	0.874376
383000000	0.875570
383000000	0.875831
383000000	0.869499
383000000	0.879778
383000000	0.873663
383000000	0.868504
383000000	0.882646
383000000	0.874677
383000000	0.869643
383000000	0.872368
383000000	0.879933
383000000	0.869368
959000000	2.176124
959000000	2.183549
959000000	2.171684
959000000	2.169016
959000000	2.175131
959000000	2.217722
959000000	2.179460
959000000	2.222405
959000000	2.169339
959000000	2.235307
959000000	2.179517
959000000	2.222225
959000000	2.183022
959000000	2.223335
959000000	2.186653
3000	0.000006
3000	0.000007
3000	0.000006
3000	0.000006
3000	0.000007
3000	0.000006
3000	0.000006
3000	0.000007
3000	0.000006
3000	0.000007
3000	0.000006
3000	0.000007
3000	0.000007
3000	0.000007
3000	0.000006
4500	0.000010
4500	0.000010
4500	0.000010
4500	0.000010
4500	0.000010
4500	0.000010
4500	0.000010
4500	0.000010
4500	0.000010
4500	0.000010
4500	0.000010
4500	0.000010
4500	0.000010
4500	0.000010
4500	0.000010
7000	0.000015
7000	0.000016
7000	0.000015
7000	0.000016
7000	0.000015
7000	0.000016
7000	0.000015
7000	0.000015
7000	0.000016
7000	0.000015
7000	0.000015
7000	0.000015
7000	0.000016
7000	0.000016
7000	0.000015
9500	0.000021
9500	0.000021
9500	0.000021
9500	0.000021
9500	0.000021
9500	0.000021
9500	0.000021
9500	0.000021
9500	0.000021
9500	0.000021
9500	0.000021
9500	0.000021
9500	0.000021
9500	0.000021
9500	0.000021
12000	0.000027
12000	0.000027
12000	0.000026
12000	0.000026
12000	0.000026
12000	0.000027
12000	0.000026
12000	0.000027
12000	0.000026
12000	0.000027
12000	0.000026
12000	0.000027
12000	0.000026
12000	0.000027
12000	0.000026
17000	0.000037
17000	0.000037
17000	0.000038
17000	0.000037
17000	0.000038
17000	0.000037
17000	0.000037
17000	0.000037
17000	0.000038
17000	0.000037
17000	0.000038
17000	0.000037
17000	0.000037
17000	0.000037
17000	0.000038
25000	0.000057
25000	0.000056
25000	0.000055
25000	0.000056
25000	0.000055
25000	0.000055
25000	0.000055
25000	0.000055
25000	0.000055
25000	0.000055
25000	0.000055
25000	0.000055
25000	0.000055
25000	0.000055
25000	0.000055
34000	0.000075
34000	0.000076
34000	0.000075
34000	0.000075
34000	0.000075
34000	0.000075
34000	0.000075
34000	0.000075
34000	0.000075
34000	0.000077
34000	0.000075
34000	0.000077
34000	0.000075
34000	0.000077
34000	0.000075
40000	0.000088
40000	0.000089
40000	0.000088
40000	0.000091
40000	0.000088
40000	0.000091
40000	0.000091
40000	0.000092
40000	0.000092
40000	0.000089
40000	0.000088
40000	0.000089
40000	0.000089
40000	0.000088
40000	0.000088
56000	0.000123
56000	0.000124
56000	0.000124
56000	0.000124
56000	0.000124
56000	0.000123
56000	0.000124
56000	0.000125
56000	0.000124
56000	0.000124
56000	0.000124
56000	0.000123
56000	0.000124
56000	0.000123
56000	0.000124
78000	0.000173
78000	0.000173
78000	0.000173
78000	0.000172
78000	0.000173
78000	0.000172
78000	0.000172
78000	0.000173
78000	0.000172
78000	0.000173
78000	0.000172
78000	0.000173
78000	0.000172
78000	0.000173
78000	0.000172
95000	0.000210
95000	0.000211
95000	0.000210
95000	0.000209
95000	0.000210
95000	0.000211
95000	0.000210
95000	0.000212
95000	0.000211
95000	0.000211
95000	0.000209
95000	0.000212
95000	0.000212
95000	0.000209
95000	0.000210
110000	0.000245
110000	0.000244
110000	0.000244
110000	0.000247
110000	0.000242
110000	0.000244
110000	0.000242
110000	0.000245
110000	0.000245
110000	0.000244
110000	0.000244
110000	0.000244
110000	0.000242
110000	0.000244
110000	0.000242
160000	0.000358
160000	0.000362
160000	0.000360
160000	0.000367
160000	0.000359
160000	0.000359
160000	0.000358
160000	0.000367
160000	0.000359
160000	0.000367
160000	0.000358
160000	0.000359
160000	0.000358
160000	0.000357
160000	0.000366
250000	0.000575
250000	0.000562
250000	0.000574
250000	0.000562
250000	0.000575
250000	0.000562
250000	0.000575
250000	0.000562
250000	0.000562
250000	0.000562
250000	0.000561
250000	0.000567
250000	0.000561
250000	0.000565
250000	0.000563
320000	0.000720
320000	0.000723
320000	0.000718
320000	0.000724
320000	0.000720
320000	0.000720
320000	0.000724
320000	0.000719
320000	0.000718
320000	0.000719
320000	0.000718
320000	0.000719
320000	0.000734
320000	0.000718
320000	0.000718
390000	0.000877
390000	0.000895
390000	0.000875
390000	0.000875
390000	0.000897
390000	0.000896
390000	0.000875
390000	0.000897
390000	0.000874
390000	0.000873
390000	0.000878
390000	0.000878
390000	0.000884
390000	0.000878
390000	0.000878
570000	0.001279
570000	0.001283
570000	0.001289
570000	0.001282
570000	0.001299
570000	0.001283
570000	0.001280
570000	0.001309
570000	0.001278
570000	0.001310
570000	0.001281
570000	0.001312
570000	0.001281
570000	0.001283
570000	0.001282
820000	0.001840
820000	0.001887
820000	0.001842
820000	0.001848
820000	0.001845
820000	0.001886
820000	0.001839
820000	0.001886
820000	0.001852
820000	0.001886
820000	0.001838
820000	0.001889
820000	0.001863
820000	0.001853
820000	0.001843
1000000	0.002255
1000000	0.002269
1000000	0.002252
1000000	0.002266
1000000	0.002254
1000000	0.002272
1000000	0.002252
1000000	0.002250
1000000	0.002265
1000000	0.002253
1000000	0.002258
1000000	0.002249
1000000	0.002252
1000000	0.002267
1000000	0.002254
1190000	0.002685
1190000	0.002706
1190000	0.002690
1190000	0.002707
1190000	0.002682
1190000	0.002705
1190000	0.002688
1190000	0.002703
1190000	0.002827
1190000	0.002848
1190000	0.002943
1190000	0.002690
1190000	0.002747
1190000	0.002732
1190000	0.002699
