N	OPT_OLD
3000	0.000005
3000	0.000005
3000	0.000005
3000	0.000005
3000	0.000005
3000	0.000005
3000	0.000005
3000	0.000005
3000	0.000005
3000	0.000005
3000	0.000005
3000	0.000005
3000	0.000005
3000	0.000005
3000	0.000005
3000	0.000005
3000	0.000005
3000	0.000005
3000	0.000005
3000	0.000005
4500	0.000008
4500	0.000008
4500	0.000008
4500	0.000008
4500	0.000008
4500	0.000008
4500	0.000008
4500	0.000008
4500	0.000008
4500	0.000008
4500	0.000008
4500	0.000008
4500	0.000008
4500	0.000008
4500	0.000008
4500	0.000008
4500	0.000008
4500	0.000008
4500	0.000008
4500	0.000008
7000	0.000012
7000	0.000012
7000	0.000012
7000	0.000012
7000	0.000012
7000	0.000012
7000	0.000012
7000	0.000012
7000	0.000012
7000	0.000012
7000	0.000012
7000	0.000013
7000	0.000013
7000	0.000012
7000	0.000012
7000	0.000012
7000	0.000012
7000	0.000012
7000	0.000012
7000	0.000012
9500	0.000017
9500	0.000017
9500	0.000017
9500	0.000017
9500	0.000017
9500	0.000017
9500	0.000017
9500	0.000017
9500	0.000017
9500	0.000017
9500	0.000017
9500	0.000017
9500	0.000017
9500	0.000017
9500	0.000017
9500	0.000017
9500	0.000017
9500	0.000017
9500	0.000017
9500	0.000017
12000	0.000021
12000	0.000021
12000	0.000021
12000	0.000021
12000	0.000021
12000	0.000021
12000	0.000021
12000	0.000021
12000	0.000021
12000	0.000021
12000	0.000021
12000	0.000021
12000	0.000021
12000	0.000021
12000	0.000021
12000	0.000021
12000	0.000021
12000	0.000021
12000	0.000021
12000	0.000021
17000	0.000030
17000	0.000030
17000	0.000030
17000	0.000030
17000	0.000030
17000	0.000030
17000	0.000030
17000	0.000030
17000	0.000030
17000	0.000030
17000	0.000030
17000	0.000030
17000	0.000030
17000	0.000030
17000	0.000030
17000	0.000030
17000	0.000030
17000	0.000030
17000	0.000030
17000	0.000030
25000	0.000045
25000	0.000045
25000	0.000045
25000	0.000045
25000	0.000045
25000	0.000045
25000	0.000045
25000	0.000045
25000	0.000045
25000	0.000045
25000	0.000045
25000	0.000045
25000	0.000045
25000	0.000045
25000	0.000045
25000	0.000045
25000	0.000045
25000	0.000045
25000	0.000045
25000	0.000045
34000	0.000061
34000	0.000061
34000	0.000061
34000	0.000061
34000	0.000061
34000	0.000061
34000	0.000061
34000	0.000061
34000	0.000061
34000	0.000061
34000	0.000061
34000	0.000061
34000	0.000061
34000	0.000061
34000	0.000061
34000	0.000061
34000	0.000061
34000	0.000061
34000	0.000061
34000	0.000061
40000	0.000072
40000	0.000072
40000	0.000072
40000	0.000072
40000	0.000072
40000	0.000072
40000	0.000072
40000	0.000072
40000	0.000071
40000	0.000072
40000	0.000072
40000	0.000072
40000	0.000072
40000	0.000072
40000	0.000072
40000	0.000072
40000	0.000072
40000	0.000072
40000	0.000072
40000	0.000072
56000	0.000100
56000	0.000100
56000	0.000100
56000	0.000100
56000	0.000100
56000	0.000100
56000	0.000101
56000	0.000101
56000	0.000100
56000	0.000100
56000	0.000100
56000	0.000100
56000	0.000100
56000	0.000100
56000	0.000100
56000	0.000100
56000	0.000100
56000	0.000100
56000	0.000100
56000	0.000100
78000	0.000139
78000	0.000139
78000	0.000139
78000	0.000139
78000	0.000139
78000	0.000139
78000	0.000141
78000	0.000141
78000	0.000141
78000	0.000140
78000	0.000140
78000	0.000140
78000	0.000140
78000	0.000140
78000	0.000141
78000	0.000140
78000	0.000140
78000	0.000140
78000	0.000140
78000	0.000139
95000	0.000169
95000	0.000169
95000	0.000169
95000	0.000169
95000	0.000169
95000	0.000169
95000	0.000169
95000	0.000169
95000	0.000169
95000	0.000169
95000	0.000169
95000	0.000169
95000	0.000169
95000	0.000169
95000	0.000169
95000	0.000169
95000	0.000169
95000	0.000169
95000	0.000169
95000	0.000169
110000	0.000195
110000	0.000195
110000	0.000195
110000	0.000195
110000	0.000195
110000	0.000195
110000	0.000195
110000	0.000196
110000	0.000196
110000	0.000195
110000	0.000196
110000	0.000197
110000	0.000195
110000	0.000195
110000	0.000196
110000	0.000196
110000	0.000196
110000	0.000195
110000	0.000195
110000	0.000195
160000	0.000284
160000	0.000284
160000	0.000284
160000	0.000284
160000	0.000284
160000	0.000284
160000	0.000284
160000	0.000284
160000	0.000284
160000	0.000284
160000	0.000284
160000	0.000284
160000	0.000284
160000	0.000284
160000	0.000284
160000	0.000284
160000	0.000284
160000	0.000284
160000	0.000284
160000	0.000284
250000	0.000443
250000	0.000443
250000	0.000444
250000	0.000443
250000	0.000443
250000	0.000444
250000	0.000443
250000	0.000443
250000	0.000443
250000	0.000444
250000	0.000443
250000	0.000443
250000	0.000443
250000	0.000444
250000	0.000444
250000	0.000443
250000	0.000443
250000	0.000443
250000	0.000443
250000	0.000443
320000	0.000567
320000	0.000567
320000	0.000567
320000	0.000567
320000	0.000567
320000	0.000567
320000	0.000567
320000	0.000567
320000	0.000567
320000	0.000568
320000	0.000567
320000	0.000567
320000	0.000567
320000	0.000567
320000	0.000567
320000	0.000567
320000	0.000567
320000	0.000568
320000	0.000568
320000	0.000568
390000	0.000692
390000	0.000692
390000	0.000692
390000	0.000692
390000	0.000692
390000	0.000692
390000	0.000692
390000	0.000692
390000	0.000692
390000	0.000692
390000	0.000692
390000	0.000692
390000	0.000692
390000	0.000692
390000	0.000692
390000	0.000693
390000	0.000692
390000	0.000691
390000	0.000692
390000	0.000691
570000	0.001010
570000	0.001011
570000	0.001015
570000	0.001013
570000	0.001012
570000	0.001012
570000	0.001014
570000	0.001014
570000	0.001014
570000	0.001013
570000	0.001012
570000	0.001011
570000	0.001009
570000	0.001014
570000	0.001012
570000	0.001012
570000	0.001012
570000	0.001010
570000	0.001010
570000	0.001009
820000	0.001452
820000	0.001453
820000	0.001453
820000	0.001452
820000	0.001454
820000	0.001453
820000	0.001453
820000	0.001453
820000	0.001454
820000	0.001459
820000	0.001456
820000	0.001457
820000	0.001454
820000	0.001454
820000	0.001453
820000	0.001453
820000	0.001456
820000	0.001456
820000	0.001454
820000	0.001454
1000000	0.001774
1000000	0.001775
1000000	0.001775
1000000	0.001775
1000000	0.001773
1000000	0.001773
1000000	0.001774
1000000	0.001774
1000000	0.001774
1000000	0.001774
1000000	0.001774
1000000	0.001774
1000000	0.001772
1000000	0.001771
1000000	0.001775
1000000	0.001778
1000000	0.001772
1000000	0.001773
1000000	0.001773
1000000	0.001777
1190000	0.002111
1190000	0.002111
1190000	0.002110
1190000	0.002110
1190000	0.002111
1190000	0.002111
1190000	0.002112
1190000	0.002112
1190000	0.002109
1190000	0.002109
1190000	0.002110
1190000	0.002110
1190000	0.002110
1190000	0.002110
1190000	0.002110
1190000	0.002112
1190000	0.002111
1190000	0.002111
1190000	0.002109
1190000	0.002110
1500000	0.002660
1500000	0.002662
1500000	0.002663
1500000	0.002660
1500000	0.002662
1500000	0.002659
1500000	0.002661
1500000	0.002663
1500000	0.002661
1500000	0.002661
1500000	0.002659
1500000	0.002659
1500000	0.002660
1500000	0.002659
1500000	0.002659
1500000	0.002658
1500000	0.002660
1500000	0.002660
1500000	0.002663
1500000	0.002659
1750000	0.003104
1750000	0.003106
1750000	0.003101
1750000	0.003104
1750000	0.003103
1750000	0.003102
1750000	0.003103
1750000	0.003104
1750000	0.003108
1750000	0.003104
1750000	0.003108
1750000	0.003106
1750000	0.003107
1750000	0.003105
1750000	0.003106
1750000	0.003106
1750000	0.003106
1750000	0.003106
1750000	0.003104
1750000	0.003107
1990000	0.003526
1990000	0.003525
1990000	0.003531
1990000	0.003530
1990000	0.003527
1990000	0.003532
1990000	0.003529
1990000	0.003532
1990000	0.003533
1990000	0.003531
1990000	0.003533
1990000	0.003535
1990000	0.003530
1990000	0.003531
1990000	0.003531
1990000	0.003525
1990000	0.003525
1990000	0.003527
1990000	0.003531
1990000	0.003533
2550000	0.004530
2550000	0.004523
2550000	0.004523
2550000	0.004532
2550000	0.004528
2550000	0.004525
2550000	0.004525
2550000	0.004527
2550000	0.004525
2550000	0.004534
2550000	0.004528
2550000	0.004527
2550000	0.004527
2550000	0.004526
2550000	0.004533
2550000	0.004521
2550000	0.004532
2550000	0.004520
2550000	0.004520
2550000	0.004527
3190000	0.005669
3190000	0.005662
3190000	0.005661
3190000	0.005666
3190000	0.005661
3190000	0.005661
3190000	0.005663
3190000	0.005663
3190000	0.005666
3190000	0.005673
3190000	0.005659
3190000	0.005655
3190000	0.005656
3190000	0.005655
3190000	0.005658
3190000	0.005658
3190000	0.005657
3190000	0.005657
3190000	0.005657
3190000	0.005656
4200000	0.007455
4200000	0.007455
4200000	0.007449
4200000	0.007463
4200000	0.007454
4200000	0.007450
4200000	0.007456
4200000	0.007465
4200000	0.007453
4200000	0.007448
4200000	0.007453
4200000	0.007448
4200000	0.007452
4200000	0.007451
4200000	0.007447
4200000	0.007447
4200000	0.007452
4200000	0.007457
4200000	0.007469
4200000	0.007457
5100000	0.009062
5100000	0.009057
5100000	0.009055
5100000	0.009056
5100000	0.009053
5100000	0.009050
5100000	0.009059
5100000	0.009057
5100000	0.009057
5100000	0.009062
5100000	0.009050
5100000	0.009054
5100000	0.009054
5100000	0.009056
5100000	0.009043
5100000	0.009039
5100000	0.009044
5100000	0.009040
5100000	0.009046
5100000	0.009041
5900000	0.010458
5900000	0.010455
5900000	0.010456
5900000	0.010455
5900000	0.010451
5900000	0.010462
5900000	0.010460
5900000	0.010460
5900000	0.010461
5900000	0.010462
5900000	0.010461
5900000	0.010458
5900000	0.010460
5900000	0.010475
5900000	0.010470
5900000	0.010467
5900000	0.010474
5900000	0.010474
5900000	0.010468
5900000	0.010470
7800000	0.013851
7800000	0.013835
7800000	0.013840
7800000	0.013819
7800000	0.013822
7800000	0.013826
7800000	0.013824
7800000	0.013822
7800000	0.013820
7800000	0.013833
7800000	0.013839
7800000	0.013842
7800000	0.013834
7800000	0.013839
7800000	0.013837
7800000	0.013835
7800000	0.013832
7800000	0.013823
7800000	0.013821
7800000	0.013841
9500000	0.016883
9500000	0.016850
9500000	0.016875
9500000	0.016862
9500000	0.016842
9500000	0.016882
9500000	0.016859
9500000	0.016852
9500000	0.016830
9500000	0.016858
9500000	0.016856
9500000	0.016853
9500000	0.016846
9500000	0.016846
9500000	0.016845
9500000	0.016843
9500000	0.016847
9500000	0.016850
9500000	0.016860
9500000	0.016853
11800000	0.020924
11800000	0.020930
11800000	0.020926
11800000	0.020928
11800000	0.020925
11800000	0.020926
11800000	0.020955
11800000	0.020945
11800000	0.020923
11800000	0.020939
11800000	0.020943
11800000	0.020948
11800000	0.020934
11800000	0.020980
11800000	0.020934
11800000	0.020977
11800000	0.020960
11800000	0.020956
11800000	0.020955
11800000	0.020947
15900000	0.028236
15900000	0.028235
15900000	0.028230
15900000	0.028224
15900000	0.028240
15900000	0.028237
15900000	0.028227
15900000	0.028216
15900000	0.028235
15900000	0.028218
15900000	0.028193
15900000	0.028192
15900000	0.028223
15900000	0.028213
15900000	0.028198
15900000	0.028225
15900000	0.028196
15900000	0.028213
15900000	0.028184
15900000	0.028211
23900000	0.042393
23900000	0.042379
23900000	0.042385
23900000	0.042398
23900000	0.042406
23900000	0.042388
23900000	0.042410
23900000	0.042380
23900000	0.042403
23900000	0.042416
23900000	0.042405
23900000	0.042397
23900000	0.042387
23900000	0.042405
23900000	0.042424
23900000	0.042454
23900000	0.042769
23900000	0.042759
23900000	0.042769
23900000	0.042883
53000000	0.095110
53000000	0.094956
53000000	0.094830
53000000	0.094909
53000000	0.094882
53000000	0.095056
53000000	0.095034
53000000	0.094956
53000000	0.094971
53000000	0.095125
53000000	0.094866
53000000	0.094883
53000000	0.094933
53000000	0.095021
53000000	0.095016
53000000	0.094973
53000000	0.094944
53000000	0.095057
53000000	0.094976
53000000	0.094921
95000000	0.170357
95000000	0.170394
95000000	0.170240
95000000	0.170302
95000000	0.170176
95000000	0.170393
95000000	0.170343
95000000	0.170121
95000000	0.170168
95000000	0.170287
95000000	0.170167
95000000	0.170330
95000000	0.170200
95000000	0.170061
95000000	0.170013
95000000	0.170006
95000000	0.170166
95000000	0.170193
95000000	0.170300
95000000	0.170245
199000000	0.356744
199000000	0.356830
199000000	0.356528
199000000	0.356507
199000000	0.356838
199000000	0.356715
199000000	0.356861
199000000	0.357159
199000000	0.356491
199000000	0.356268
199000000	0.356807
199000000	0.356839
199000000	0.356610
199000000	0.356222
199000000	0.356292
199000000	0.356079
199000000	0.356582
199000000	0.356361
199000000	0.356658
199000000	0.356638
383000000	0.685963
383000000	0.686781
383000000	0.687314
383000000	0.686927
383000000	0.687205
383000000	0.687686
383000000	0.687360
383000000	0.687836
383000000	0.687504
383000000	0.687482
383000000	0.687633
383000000	0.687343
383000000	0.687440
383000000	0.687185
383000000	0.687795
383000000	0.687427
383000000	0.687273
383000000	0.685958
383000000	0.687644
383000000	0.686935
959000000	1.720064
959000000	1.719182
959000000	1.721861
959000000	1.722716
959000000	1.721208
959000000	1.720004
959000000	1.720117
959000000	1.718201
959000000	1.717502
959000000	1.720087
959000000	1.721186
959000000	1.719939
959000000	1.716421
959000000	1.717800
959000000	1.717792
959000000	1.717105
959000000	1.716689
959000000	1.716280
959000000	1.717246
959000000	1.717483
1910000000	3.419371
1910000000	3.420772
1910000000	3.421955
1910000000	3.419799
1910000000	3.420539
1910000000	3.418876
1910000000	3.419961
1910000000	3.425725
1910000000	3.424846
1910000000	3.420626
1910000000	3.421844
1910000000	3.419509
1910000000	3.420572
1910000000	3.418617
1910000000	3.423437
1910000000	3.425694
1910000000	3.425243
1910000000	3.422620
1910000000	3.423026
1910000000	3.421281
